-13.0154
-12.9797
-12.9441
-12.9084
-12.8726
-12.8369
-12.8011
-12.7652
-12.7293
-12.6934
-12.6575
-12.6215
-12.5855
-12.5495
-12.5134
-12.4773
-12.4411
-12.405
-12.3688
-12.3325
-12.2963
-12.26
-12.2236
-12.1873
-12.1509
-12.1144
-12.078
-12.0415
-12.005
-11.9684
-11.9318
-11.8952
-11.8586
-11.8219
-11.7852
-11.7485
-11.7117
-11.6749
-11.6381
-11.6012
-11.5644
-11.5275
-11.4905
-11.4536
-11.4166
-11.3795
-11.3425
-11.3054
-11.2683
-11.2312
-11.194
-11.1568
-11.1196
-11.0823
-11.0451
-11.0078
-10.9704
-10.9331
-10.8957
-10.8583
-10.8209
-10.7834
-10.7459
-10.7084
-10.6709
-10.6333
-10.5957
-10.5581
-10.5205
-10.4828
-10.4451
-10.4074
-10.3697
-10.3319
-10.2941
-10.2563
-10.2184
-10.1806
-10.1427
-10.1048
-10.0669
-10.0289
-9.99093
-9.95293
-9.9149
-9.87685
-9.83878
-9.80069
-9.76257
-9.72443
-9.68627
-9.64809
-9.60988
-9.57165
-9.5334
-9.49513
-9.45684
-9.41853
-9.38019
-9.34184
-9.30346
-9.26506
-9.22664
-9.18821
-9.14975
-9.11127
-9.07277
-9.03425
-8.99571
-8.95715
-8.91857
-8.87997
-8.84135
-8.80271
-8.76406
-8.72538
-8.68668
-8.64797
-8.60924
-8.57049
-8.53172
-8.49293
-8.45413
-8.4153
-8.37646
-8.3376
-8.29873
-8.25983
-8.22092
-8.18199
-8.14304
-8.10408
-8.0651
-8.02611
-7.98709
-7.94806
-7.90902
-7.86995
-7.83088
-7.79178
-7.75267
-7.71354
-7.6744
-7.63525
-7.59607
-7.55688
-7.51768
-7.47846
-7.43923
-7.39998
-7.36072
-7.32144
-7.28215
-7.24285
-7.20353
-7.16419
-7.12484
-7.08548
-7.04611
-7.00672
-6.96732
-6.9279
-6.88847
-6.84903
-6.80957
-6.77011
-6.73063
-6.69113
-6.65163
-6.61211
-6.57258
-6.53303
-6.49348
-6.45391
-6.41434
-6.37475
-6.33514
-6.29553
-6.25591
-6.21627
-6.17662
-6.13697
-6.0973
-6.05762
-6.01793
-5.97823
-5.93852
-5.8988
-5.85907
-5.81932
-5.77957
-5.73981
-5.70004
-5.66026
-5.62047
-5.58067
-5.54086
-5.50104
-5.46122
-5.42138
-5.38154
-5.34168
-5.30182
-5.26195
-5.22207
-5.18218
-5.14229
-5.10238
-5.06247
-5.02255
-4.98263
-4.94269
-4.90275
-4.8628
-4.82285
-4.78288
-4.74291
-4.70293
-4.66295
-4.62296
-4.58296
-4.54295
-4.50294
-4.46293
-4.4229
-4.38287
-4.34284
-4.3028
-4.26275
-4.2227
-4.18264
-4.14257
-4.1025
-4.06243
-4.02235
-3.98227
-3.94218
-3.90208
-3.86198
-3.82188
-3.78177
-3.74166
-3.70154
-3.66142
-3.6213
-3.58117
-3.54103
-3.5009
-3.46076
-3.42061
-3.38047
-3.34031
-3.30016
-3.26
-3.21984
-3.17968
-3.13951
-3.09935
-3.05917
-3.019
-2.97882
-2.93865
-2.89846
-2.85828
-2.8181
-2.77791
-2.73772
-2.69753
-2.65734
-2.61714
-2.57695
-2.53675
-2.49656
-2.45636
-2.41616
-2.37596
-2.33575
-2.29555
-2.25535
-2.21515
-2.17494
-2.13474
-2.09453
-2.05433
-2.01412
-1.97392
-1.93371
-1.89351
-1.85331
-1.8131
-1.7729
-1.7327
-1.6925
-1.6523
-1.6121
-1.5719
-1.5317
-1.4915
-1.45131
-1.41111
-1.37092
-1.33073
-1.29054
-1.25036
-1.21017
-1.16999
-1.12981
-1.08963
-1.04945
-1.00928
-0.969104
-0.928934
-0.888768
-0.848604
-0.808442
-0.768284
-0.728129
-0.687977
-0.647828
-0.607682
-0.56754
-0.527401
-0.487266
-0.447134
-0.407006
-0.366883
-0.326762
-0.286647
-0.246535
-0.206427
-0.166324
-0.126225
-0.0861303
-0.0460405
-0.00595531
0.0341251
0.0742006
0.114271
0.154337
0.194397
0.234452
0.274502
0.314547
0.354586
0.394619
0.434647
0.474669
0.514685
0.554695
0.594699
0.634697
0.674689
0.714675
0.754654
0.794627
0.834593
0.874552
0.914505
0.954451
0.994389
1.03432
1.07425
1.11416
1.15407
1.19398
1.23387
1.27376
1.31364
1.35351
1.39338
1.43324
1.47308
1.51293
1.55276
1.59258
1.6324
1.67221
1.71201
1.7518
1.79158
1.83135
1.87112
1.91087
1.95062
1.99035
2.03008
2.0698
2.10951
2.14921
2.1889
2.22858
2.26825
2.30791
2.34757
2.38721
2.42684
2.46646
2.50607
2.54567
2.58526
2.62484
2.66441
2.70397
2.74352
2.78305
2.82258
2.86209
2.9016
2.94109
2.98057
3.02004
3.0595
3.09895
3.13839
3.17781
3.21722
3.25662
3.29601
3.33539
3.37475
3.4141
3.45344
3.49277
3.53209
3.57139
3.61068
3.64996
3.68922
3.72847
3.76771
3.80694
3.84615
3.88535
3.92454
3.96371
4.00287
4.04202
4.08115
4.12027
4.15937
4.19846
4.23754
4.2766
4.31565
4.35469
4.39371
4.43271
4.47171
4.51068
4.54965
4.58859
4.62753
4.66644
4.70535
4.74424
4.78311
4.82197
4.86081
4.89964
4.93845
4.97725
5.01603
5.05479
5.09354
5.13228
5.171
5.2097
5.24838
5.28705
5.32571
5.36434
5.40296
5.44157
5.48015
5.51873
5.55728
5.59582
5.63434
5.67284
5.71133
5.7498
5.78825
5.82668
5.8651
5.9035
5.94188
5.98025
6.01859
6.05692
6.09523
6.13353
6.1718
6.21006
6.2483
6.28652
6.32472
6.3629
6.40107
6.43921
6.47734
6.51545
6.55354
6.59161
6.62966
6.66769
6.70571
6.7437
6.78168
6.81963
6.85757
6.89548
6.93338
6.97126
7.00911
7.04695
7.08477
7.12256
7.16034
7.1981
7.23583
7.27355
7.31124
7.34892
7.38657
7.4242
7.46182
7.49941
7.53698
7.57453
7.61205
7.64956
7.68704
7.72451
7.76195
7.79937
7.83677
7.87415
7.9115
7.94883
7.98615
8.02343
8.0607
8.09795
8.13517
8.17237
8.20954
8.2467
8.28383
8.32094
8.35803
8.39509
8.43213
8.46915
8.50614
8.54311
8.58006
8.61698
8.65388
8.69076
8.72761
8.76444
8.80125
8.83803
8.87479
8.91152
8.94823
8.98492
9.02158
9.05821
9.09483
9.13141
9.16798
9.20451
9.24103
9.27751
9.31398
9.35041
9.38683
9.42321
9.45957
9.49591
9.53222
9.56851
9.60477
9.641
9.67721
9.71339
9.74955
9.78568
9.82178
9.85786
9.89391
9.92993
9.96593
10.0019
10.0378
10.0738
10.1097
10.1455
10.1814
10.2172
10.2529
10.2887
10.3244
10.3601
10.3958
10.4314
10.4671
10.5026
10.5382
10.5737
10.6092
10.6447
10.6802
10.7156
10.751
10.7863
10.8217
10.857
10.8923
10.9275
10.9627
10.9979
11.0331
11.0682
11.1033
11.1384
11.1734
11.2084
11.2434
11.2784
11.3133
11.3482
11.3831
11.4179
11.4527
11.4875
11.5222
11.5569
11.5916
11.6263
11.6609
11.6955
11.73
11.7646
11.7991
11.8335
11.868
11.9024
11.9367
11.9711
12.0054
12.0397
12.0739
12.1081
12.1423
12.1765
12.2106
12.2447
12.2787
12.3127
12.3467
12.3807
12.4146
12.4485
12.4823
12.5162
12.5499
12.5837
12.6174
12.6511
12.6848
12.7184
12.752
12.7855
12.8191
12.8526
12.886
12.9194
12.9528
12.9862
13.0195
13.0528
13.086
13.1192
13.1524
13.1856
13.2187
13.2517
13.2848
13.3178
13.3508
13.3837
13.4166
13.4494
13.4823
13.5151
13.5478
13.5805
13.6132
13.6459
13.6785
13.7111
13.7436
13.7761
13.8086
13.841
13.8734
13.9057
13.9381
13.9703
14.0026
14.0348
14.067
14.0991
14.1312
14.1632
14.1953
14.2272
14.2592
14.2911
14.323
14.3548
14.3866
14.4183
14.45
14.4817
14.5134
14.545
14.5765
14.608
14.6395
14.671
14.7024
14.7337
14.765
14.7963
14.8276
14.8588
14.8899
14.9211
14.9522
14.9832
15.0142
15.0452
15.0761
15.107
15.1378
15.1686
15.1994
15.2301
15.2608
15.2914
15.322
15.3526
15.3831
15.4136
15.444
15.4744
15.5047
15.535
15.5653
15.5955
15.6257
15.6558
15.6859
15.716
15.746
15.776
15.8059
15.8358
15.8656
15.8954
15.9252
15.9549
15.9845
16.0142
16.0437
16.0733
16.1028
16.1322
16.1616
16.191
16.2203
16.2496
16.2788
16.308
16.3371
16.3662
16.3952
16.4243
16.4532
16.4821
16.511
16.5398
16.5686
16.5973
16.626
16.6547
16.6832
16.7118
16.7403
16.7688
16.7972
16.8255
16.8539
16.8821
16.9104
16.9385
16.9667
16.9947
17.0228
17.0508
17.0787
17.1066
17.1345
17.1623
17.19
17.2177
17.2454
17.273
17.3006
17.3281
17.3555
17.383
17.4103
17.4376
17.4649
17.4921
17.5193
17.5464
17.5735
17.6006
17.6275
17.6545
17.6813
17.7082
17.7349
17.7617
17.7884
17.815
17.8416
17.8681
17.8946
17.921
17.9474
17.9737
18
18.0262
18.0524
18.0785
18.1046
18.1306
18.1566
18.1825
18.2084
18.2342
18.26
18.2857
18.3114
18.337
18.3625
18.388
18.4135
18.4389
18.4642
18.4895
18.5148
18.54
18.5651
18.5902
18.6152
18.6402
18.6651
18.69
18.7148
18.7396
18.7643
18.7889
18.8136
18.8381
18.8626
18.887
18.9114
18.9358
18.96
18.9843
19.0084
19.0325
19.0566
19.0806
19.1045
19.1284
19.1523
19.176
19.1998
19.2234
19.2471
19.2706
19.2941
19.3176
19.341
19.3643
19.3876
19.4108
19.4339
19.4571
19.4801
19.5031
19.526
19.5489
19.5717
19.5945
19.6172
19.6399
19.6624
19.685
19.7075
19.7299
19.7522
19.7745
19.7968
19.819
19.8411
19.8632
19.8852
19.9071
19.929
19.9508
19.9726
19.9943
20.016
20.0376
20.0591
20.0806
20.102
20.1234
20.1447
20.1659
20.1871
20.2082
20.2293
20.2503
20.2712
20.2921
20.3129
20.3336
20.3543
20.375
20.3955
20.4161
20.4365
20.4569
20.4772
20.4975
20.5177
20.5378
20.5579
20.5779
20.5979
20.6178
20.6376
20.6574
20.6771
20.6967
20.7163
20.7358
20.7553
20.7747
20.794
20.8133
20.8325
20.8516
20.8707
20.8897
20.9086
20.9275
20.9464
20.9651
20.9838
21.0024
21.021
21.0395
21.0579
21.0763
21.0946
21.1129
21.131
21.1492
21.1672
21.1852
21.2031
21.221
21.2388
21.2565
21.2741
21.2917
21.3092
21.3267
21.3441
21.3614
21.3787
21.3959
21.413
21.4301
21.4471
21.464
21.4809
21.4977
21.5144
21.5311
21.5477
21.5642
21.5807
21.5971
21.6134
21.6296
21.6458
21.662
21.678
21.694
21.7099
21.7258
21.7416
21.7573
21.7729
21.7885
21.804
21.8195
21.8349
21.8502
21.8654
21.8806
21.8957
21.9107
21.9257
21.9406
21.9554
21.9702
21.9848
21.9995
22.014
22.0285
22.0429
22.0572
22.0715
22.0857
22.0998
22.1139
22.1279
22.1418
22.1556
22.1694
22.1831
22.1968
22.2103
22.2238
22.2372
22.2506
22.2639
22.2771
22.2902
22.3033
22.3163
22.3292
22.3421
22.3549
22.3676
22.3802
22.3928
22.4053
22.4177
22.43
22.4423
22.4545
22.4667
22.4787
22.4907
22.5026
22.5145
22.5263
22.538
22.5496
22.5611
22.5726
22.584
22.5954
22.6066
22.6178
22.6289
22.64
22.651
22.6619
22.6727
22.6834
22.6941
22.7047
22.7152
22.7257
22.7361
22.7464
22.7566
22.7668
22.7769
22.7869
22.7968
22.8067
22.8165
22.8262
22.8358
22.8454
22.8549
22.8643
22.8736
22.8829
22.8921
22.9012
22.9102
22.9192
22.9281
22.9369
22.9456
22.9543
22.9629
22.9714
22.9798
22.9882
22.9965
23.0047
23.0128
23.0209
23.0289
23.0368
23.0446
23.0524
23.0601
23.0677
23.0752
23.0826
23.09
23.0973
23.1045
23.1117
23.1188
23.1257
23.1327
23.1395
23.1463
23.153
23.1596
23.1661
23.1726
23.1789
23.1852
23.1915
23.1976
23.2037
23.2097
23.2156
23.2214
23.2272
23.2329
23.2385
23.244
23.2495
23.2549
23.2602
23.2654
23.2705
23.2756
23.2806
23.2855
23.2903
23.2951
23.2998
23.3044
23.3089
23.3133
23.3177
23.322
23.3262
23.3303
23.3344
23.3384
23.3423
23.3461
23.3498
23.3535
23.3571
23.3606
23.364
23.3673
23.3706
23.3738
23.3769
23.38
23.3829
23.3858
23.3886
23.3913
23.394
23.3965
23.399
23.4014
23.4038
23.406
23.4082
23.4103
23.4123
23.4142
23.4161
23.4179
23.4196
23.4212
23.4227
23.4242
23.4256
23.4269
23.4281
23.4293
23.4303
23.4313
23.4322
23.4331
23.4338
23.4345
23.4351
23.4356
23.436
23.4364
23.4367
23.4369
23.437
23.437
23.437
23.4369
23.4367
23.4364
23.436
23.4356
23.4351
23.4345
23.4338
23.4331
23.4322
23.4313
23.4303
23.4293
23.4281
23.4269
23.4256
23.4242
23.4227
23.4212
23.4196
23.4179
23.4161
23.4142
23.4123
23.4103
23.4082
23.406
23.4037
23.4014
23.399
23.3965
23.3939
23.3913
23.3885
23.3857
23.3828
23.3799
23.3768
23.3737
23.3705
23.3672
23.3638
23.3604
23.3569
23.3532
23.3496
23.3458
23.342
23.338
23.3341
23.33
23.3258
23.3216
23.3173
23.3129
23.3084
23.3039
23.2992
23.2945
23.2897
23.2849
23.2799
23.2749
23.2698
23.2646
23.2594
23.254
23.2486
23.2431
23.2375
23.2319
23.2262
23.2203
23.2145
23.2085
23.2024
23.1963
23.1901
23.1838
23.1775
23.171
23.1645
23.1579
23.1513
23.1445
23.1377
23.1308
23.1238
23.1167
23.1096
23.1024
23.0951
23.0877
23.0803
23.0727
23.0651
23.0574
23.0497
23.0418
23.0339
23.0259
23.0178
23.0097
23.0015
22.9932
22.9848
22.9763
22.9678
22.9592
22.9505
22.9417
22.9329
22.9239
22.9149
22.9059
22.8967
22.8875
22.8782
22.8688
22.8593
22.8498
22.8402
22.8305
22.8207
22.8109
22.8009
22.7909
22.7809
22.7707
22.7605
22.7502
22.7398
22.7293
22.7188
22.7082
22.6975
22.6868
22.6759
22.665
22.654
22.643
22.6318
22.6206
22.6093
22.598
22.5865
22.575
22.5634
22.5518
22.54
22.5282
22.5163
22.5043
22.4923
22.4802
22.468
22.4557
22.4434
22.431
22.4185
22.4059
22.3933
22.3806
22.3678
22.3549
22.342
22.329
22.3159
22.3028
22.2895
22.2762
22.2629
22.2494
22.2359
22.2223
22.2086
22.1949
22.181
22.1672
22.1532
22.1392
22.125
22.1109
22.0966
22.0823
22.0679
22.0534
22.0389
22.0242
22.0095
21.9948
21.9799
21.965
21.9501
21.935
21.9199
21.9047
21.8894
21.8741
21.8587
21.8432
21.8276
21.812
21.7963
21.7806
21.7647
21.7488
21.7328
21.7168
21.7007
21.6845
21.6682
21.6519
21.6355
21.619
21.6024
21.5858
21.5691
21.5524
21.5356
21.5187
21.5017
21.4847
21.4676
21.4504
21.4332
21.4158
21.3985
21.381
21.3635
21.3459
21.3283
21.3105
21.2927
21.2749
21.2569
21.2389
21.2209
21.2027
21.1845
21.1663
21.1479
21.1295
21.111
21.0925
21.0739
21.0552
21.0365
21.0177
20.9988
20.9798
20.9608
20.9417
20.9226
20.9034
20.8841
20.8648
20.8453
20.8259
20.8063
20.7867
20.767
20.7473
20.7275
20.7076
20.6877
20.6677
20.6476
20.6274
20.6072
20.587
20.5666
20.5462
20.5258
20.5053
20.4847
20.464
20.4433
20.4225
20.4017
20.3808
20.3598
20.3387
20.3176
20.2965
20.2752
20.2539
20.2326
20.2112
20.1897
20.1681
20.1465
20.1249
20.1031
20.0813
20.0595
20.0375
20.0156
19.9935
19.9714
19.9492
19.927
19.9047
19.8823
19.8599
19.8374
19.8149
19.7923
19.7696
19.7469
19.7241
19.7013
19.6784
19.6554
19.6324
19.6093
19.5862
19.563
19.5397
19.5164
19.493
19.4695
19.446
19.4225
19.3988
19.3752
19.3514
19.3276
19.3037
19.2798
19.2559
19.2318
19.2077
19.1836
19.1594
19.1351
19.1108
19.0864
19.0619
19.0374
19.0129
18.9883
18.9636
18.9389
18.9141
18.8892
18.8643
18.8394
18.8144
18.7893
18.7642
18.739
18.7138
18.6885
18.6631
18.6377
18.6122
18.5867
18.5612
18.5355
18.5098
18.4841
18.4583
18.4325
18.4066
18.3806
18.3546
18.3285
18.3024
18.2762
18.25
18.2237
18.1974
18.171
18.1446
18.1181
18.0915
18.0649
18.0383
18.0115
17.9848
17.958
17.9311
17.9042
17.8772
17.8502
17.8231
17.796
17.7688
17.7416
17.7143
17.687
17.6596
17.6321
17.6046
17.5771
17.5495
17.5219
17.4942
17.4664
17.4386
17.4108
17.3829
17.355
17.327
17.2989
17.2708
17.2427
17.2145
17.1863
17.158
17.1296
17.1012
17.0728
17.0443
17.0158
16.9872
16.9586
16.9299
16.9011
16.8724
16.8435
16.8147
16.7858
16.7568
16.7278
16.6987
16.6696
16.6404
16.6112
16.582
16.5527
16.5233
16.494
16.4645
16.435
16.4055
16.3759
16.3463
16.3166
16.2869
16.2572
16.2274
16.1975
16.1676
16.1377
16.1077
16.0777
16.0476
16.0175
15.9873
15.9571
15.9268
15.8965
15.8662
15.8358
15.8054
15.7749
15.7444
15.7139
15.6832
15.6526
15.6219
15.5912
15.5604
15.5296
15.4987
15.4678
15.4369
15.4059
15.3749
15.3438
15.3127
15.2815
15.2503
15.2191
15.1878
15.1565
15.1252
15.0938
15.0623
15.0308
14.9993
14.9677
14.9361
14.9045
14.8728
14.8411
14.8093
14.7775
14.7457
14.7138
14.6819
14.6499
14.6179
14.5858
14.5538
14.5216
14.4895
14.4573
14.4251
14.3928
14.3605
14.3281
14.2957
14.2633
14.2308
14.1983
14.1658
14.1332
14.1006
14.0679
14.0353
14.0025
13.9698
13.937
13.9041
13.8713
13.8383
13.8054
13.7724
13.7394
13.7063
13.6733
13.6401
13.607
13.5738
13.5405
13.5073
13.474
13.4406
13.4073
13.3738
13.3404
13.3069
13.2734
13.2399
13.2063
13.1727
13.139
13.1053
13.0716
13.0379
13.0041
12.9703
12.9364
12.9025
12.8686
12.8347
12.8007
12.7667
12.7326
12.6985
12.6644
12.6303
12.5961
12.5619
12.5276
12.4934
12.4591
12.4247
12.3904
12.356
12.3215
12.2871
12.2526
12.218
12.1835
12.1489
12.1143
12.0796
12.045
12.0102
11.9755
11.9407
11.9059
11.8711
11.8362
11.8014
11.7664
11.7315
11.6965
11.6615
11.6265
11.5914
11.5563
11.5212
11.486
11.4509
11.4156
11.3804
11.3451
11.3098
11.2745
11.2392
11.2038
11.1684
11.133
11.0975
11.062
11.0265
10.991
10.9554
10.9198
10.8842
10.8485
10.8128
10.7771
10.7414
10.7057
10.6699
10.6341
10.5982
10.5624
10.5265
10.4906
10.4546
10.4187
10.3827
10.3467
10.3106
10.2746
10.2385
10.2024
10.1662
10.1301
10.0939
10.0577
10.0214
9.98518
9.94889
9.91259
9.87625
9.8399
9.80352
9.76712
9.73069
9.69424
9.65776
9.62127
9.58475
9.5482
9.51164
9.47505
9.43844
9.40181
9.36515
9.32847
9.29177
9.25505
9.2183
9.18153
9.14474
9.10793
9.0711
9.03425
8.99737
8.96047
8.92356
8.88662
8.84966
8.81267
8.77567
8.73865
8.7016
8.66454
8.62746
8.59035
8.55322
8.51608
8.47891
8.44173
8.40452
8.3673
8.33005
8.29279
8.2555
8.2182
8.18088
8.14353
8.10617
8.06879
8.03139
7.99398
7.95654
7.91908
7.88161
7.84412
7.80661
7.76908
7.73153
7.69397
7.65639
7.61879
7.58117
7.54353
7.50588
7.46821
7.43052
7.39281
7.35509
7.31735
7.27959
7.24182
7.20403
7.16622
7.1284
7.09056
7.0527
7.01483
6.97694
6.93904
6.90112
6.86318
6.82523
6.78726
6.74927
6.71127
6.67326
6.63523
6.59718
6.55912
6.52104
6.48295
6.44485
6.40673
6.36859
6.33044
6.29228
6.2541
6.2159
6.1777
6.13947
6.10124
6.06299
6.02472
5.98645
5.94815
5.90985
5.87153
5.8332
5.79485
5.7565
5.71812
5.67974
5.64134
5.60293
5.56451
5.52607
5.48762
5.44916
5.41069
5.3722
5.3337
5.29519
5.25667
5.21814
5.17959
5.14103
5.10246
5.06388
5.02529
4.98668
4.94807
4.90944
4.8708
4.83215
4.79349
4.75482
4.71614
4.67745
4.63874
4.60003
4.5613
4.52257
4.48382
4.44507
4.4063
4.36753
4.32874
4.28995
4.25114
4.21233
4.1735
4.13467
4.09582
4.05697
4.01811
3.97924
3.94036
3.90147
3.86257
3.82367
3.78475
3.74583
3.70689
3.66795
3.629
3.59004
3.55108
3.5121
3.47312
3.43413
3.39513
3.35613
3.31712
3.27809
3.23907
3.20003
3.16099
3.12194
3.08288
3.04381
3.00474
2.96566
2.92658
2.88749
2.84839
2.80928
2.77017
2.73105
2.69193
2.65279
2.61366
2.57451
2.53536
2.49621
2.45705
2.41788
2.37871
2.33953
2.30035
2.26116
2.22197
2.18277
2.14356
2.10435
2.06514
2.02592
1.98669
1.94747
1.90823
1.86899
1.82975
1.7905
1.75125
1.712
1.67274
1.63347
1.59421
1.55494
1.51566
1.47638
1.4371
1.39781
1.35852
1.31923
1.27993
1.24063
1.20133
1.16203
1.12272
1.0834
1.04409
1.00477
0.965454
0.926131
0.886807
0.847479
0.80815
0.768818
0.729484
0.690148
0.650811
0.611471
0.572129
0.532786
0.493441
0.454094
0.414746
0.375397
0.336046
0.296694
0.257341
0.217987
0.178632
0.139276
0.0999192
0.0605616
0.0212034
-0.0181554
-0.0575147
-0.0968744
-0.136234
-0.175595
-0.214955
-0.254316
-0.293676
-0.333036
-0.372397
-0.411757
-0.451116
-0.490475
-0.529834
-0.569192
-0.60855
-0.647906
-0.687262
-0.726617
-0.765971
-0.805324
-0.844676
-0.884026
-0.923375
-0.962723
-1.00207
-1.04141
-1.08076
-1.1201
-1.15944
-1.19878
-1.23811
-1.27744
-1.31678
-1.3561
-1.39543
-1.43476
-1.47408
-1.5134
-1.55271
-1.59203
-1.63134
-1.67065
-1.70995
-1.74925
-1.78855
-1.82785
-1.86714
-1.90643
-1.94572
-1.985
-2.02428
-2.06355
-2.10282
-2.14209
-2.18135
-2.22061
-2.25987
-2.29912
-2.33836
-2.37761
-2.41684
-2.45608
-2.4953
-2.53453
-2.57375
-2.61296
-2.65217
-2.69137
-2.73057
-2.76976
-2.80895
-2.84813
-2.88731
-2.92648
-2.96565
-3.00481
-3.04396
-3.08311
-3.12226
-3.16139
-3.20052
-3.23965
-3.27876
-3.31788
-3.35698
-3.39608
-3.43517
-3.47426
-3.51333
-3.5524
-3.59147
-3.63053
-3.66958
-3.70862
-3.74765
-3.78668
-3.8257
-3.86472
-3.90372
-3.94272
-3.98171
-4.02069
-4.05966
-4.09863
-4.13759
-4.17653
-4.21548
-4.25441
-4.29333
-4.33225
-4.37115
-4.41005
-4.44894
-4.48782
-4.52669
-4.56555
-4.6044
-4.64325
-4.68208
-4.7209
-4.75972
-4.79852
-4.83732
-4.8761
-4.91488
-4.95364
-4.9924
-5.03114
-5.06988
-5.1086
-5.14732
-5.18602
-5.22471
-5.2634
-5.30207
-5.34073
-5.37938
-5.41802
-5.45664
-5.49526
-5.53386
-5.57246
-5.61104
-5.64961
-5.68817
-5.72672
-5.76525
-5.80377
-5.84228
-5.88078
-5.91927
-5.95774
-5.99621
-6.03465
-6.07309
-6.11152
-6.14993
-6.18833
-6.22671
-6.26508
-6.30344
-6.34179
-6.38012
-6.41844
-6.45675
-6.49504
-6.53332
-6.57158
-6.60983
-6.64807
-6.68629
-6.7245
-6.7627
-6.80088
-6.83904
-6.8772
-6.91533
-6.95346
-6.99156
-7.02966
-7.06773
-7.1058
-7.14384
-7.18188
-7.21989
-7.25789
-7.29588
-7.33385
-7.3718
-7.40974
-7.44767
-7.48557
-7.52346
-7.56134
-7.5992
-7.63704
-7.67486
-7.71267
-7.75047
-7.78824
-7.826
-7.86374
-7.90147
-7.93917
-7.97686
-8.01454
-8.05219
-8.08983
-8.12745
-8.16505
-8.20264
-8.24021
-8.27776
-8.31529
-8.3528
-8.39029
-8.42777
-8.46523
-8.50267
-8.54009
-8.57749
-8.61487
-8.65223
-8.68958
-8.7269
-8.76421
-8.8015
-8.83876
-8.87601
-8.91324
-8.95045
-8.98763
-9.0248
-9.06195
-9.09908
-9.13619
-9.17327
-9.21034
-9.24739
-9.28441
-9.32142
-9.3584
-9.39536
-9.4323
-9.46922
-9.50612
-9.543
-9.57986
-9.61669
-9.65351
-9.6903
-9.72707
-9.76381
-9.80054
-9.83724
-9.87392
-9.91058
-9.94721
-9.98383
-10.0204
-10.057
-10.0935
-10.1301
-10.1665
-10.203
-10.2395
-10.2759
-10.3123
-10.3487
-10.385
-10.4214
-10.4577
-10.494
-10.5302
-10.5665
-10.6027
-10.6389
-10.675
-10.7112
-10.7473
-10.7834
-10.8194
-10.8555
-10.8915
-10.9275
-10.9634
-10.9994
-11.0353
-11.0712
-11.107
-11.1429
-11.1787
-11.2144
-11.2502
-11.2859
-11.3216
-11.3573
-11.3929
-11.4286
-11.4642
-11.4997
-11.5353
-11.5708
-11.6063
-11.6417
-11.6771
-11.7125
-11.7479
-11.7833
-11.8186
-11.8539
-11.8891
-11.9243
-11.9595
-11.9947
-12.0299
-12.065
-12.1001
-12.1351
-12.1702
-12.2052
-12.2401
-12.2751
-12.31
-12.3449
-12.3797
-12.4145
-12.4493
-12.4841
-12.5188
-12.5535
-12.5882
-12.6228
-12.6574
-12.692
-12.7265
-12.761
-12.7955
-12.83
-12.8644
-12.8988
-12.9331
-12.9674
-13.0017
-13.036
-13.0702
-13.1044
-13.1386
-13.1727
-13.2068
-13.2409
-13.2749
-13.3089
-13.3428
-13.3768
-13.4107
-13.4445
-13.4784
-13.5121
-13.5459
-13.5796
-13.6133
-13.647
-13.6806
-13.7142
-13.7477
-13.7813
-13.8147
-13.8482
-13.8816
-13.915
-13.9483
-13.9816
-14.0149
-14.0481
-14.0813
-14.1145
-14.1476
-14.1807
-14.2138
-14.2468
-14.2798
-14.3127
-14.3456
-14.3785
-14.4113
-14.4441
-14.4769
-14.5096
-14.5423
-14.5749
-14.6075
-14.6401
-14.6726
-14.7051
-14.7376
-14.77
-14.8024
-14.8347
-14.867
-14.8992
-14.9315
-14.9636
-14.9958
-15.0279
-15.0599
-15.092
-15.1239
-15.1559
-15.1878
-15.2197
-15.2515
-15.2832
-15.315
-15.3467
-15.3783
-15.41
-15.4415
-15.4731
-15.5045
-15.536
-15.5674
-15.5988
-15.6301
-15.6614
-15.6926
-15.7238
-15.755
-15.7861
-15.8171
-15.8482
-15.8791
-15.9101
-15.941
-15.9718
-16.0026
-16.0334
-16.0641
-16.0948
-16.1254
-16.156
-16.1865
-16.217
-16.2475
-16.2779
-16.3083
-16.3386
-16.3689
-16.3991
-16.4293
-16.4594
-16.4895
-16.5195
-16.5495
-16.5795
-16.6094
-16.6393
-16.6691
-16.6988
-16.7285
-16.7582
-16.7878
-16.8174
-16.8469
-16.8764
-16.9059
-16.9352
-16.9646
-16.9939
-17.0231
-17.0523
-17.0815
-17.1106
-17.1396
-17.1686
-17.1975
-17.2264
-17.2553
-17.2841
-17.3129
-17.3416
-17.3702
-17.3988
-17.4274
-17.4559
-17.4843
-17.5127
-17.5411
-17.5694
-17.5976
-17.6258
-17.654
-17.682
-17.7101
-17.7381
-17.766
-17.7939
-17.8217
-17.8495
-17.8772
-17.9049
-17.9326
-17.9601
-17.9876
-18.0151
-18.0425
-18.0699
-18.0972
-18.1244
-18.1516
-18.1788
-18.2059
-18.2329
-18.2599
-18.2868
-18.3137
-18.3405
-18.3673
-18.394
-18.4206
-18.4472
-18.4738
-18.5003
-18.5267
-18.5531
-18.5794
-18.6057
-18.6319
-18.658
-18.6841
-18.7101
-18.7361
-18.762
-18.7879
-18.8137
-18.8395
-18.8652
-18.8908
-18.9164
-18.9419
-18.9674
-18.9928
-19.0181
-19.0434
-19.0686
-19.0938
-19.1189
-19.144
-19.169
-19.1939
-19.2188
-19.2436
-19.2683
-19.293
-19.3177
-19.3422
-19.3668
-19.3912
-19.4156
-19.4399
-19.4642
-19.4884
-19.5126
-19.5367
-19.5607
-19.5846
-19.6086
-19.6324
-19.6562
-19.6799
-19.7035
-19.7271
-19.7507
-19.7741
-19.7975
-19.8209
-19.8442
-19.8674
-19.8905
-19.9136
-19.9367
-19.9596
-19.9825
-20.0053
-20.0281
-20.0508
-20.0735
-20.096
-20.1186
-20.141
-20.1634
-20.1857
-20.2079
-20.2301
-20.2523
-20.2743
-20.2963
-20.3182
-20.3401
-20.3619
-20.3836
-20.4053
-20.4268
-20.4484
-20.4698
-20.4912
-20.5125
-20.5338
-20.555
-20.5761
-20.5972
-20.6182
-20.6391
-20.6599
-20.6807
-20.7014
-20.7221
-20.7426
-20.7632
-20.7836
-20.804
-20.8243
-20.8445
-20.8647
-20.8848
-20.9048
-20.9247
-20.9446
-20.9644
-20.9842
-21.0038
-21.0235
-21.043
-21.0624
-21.0818
-21.1012
-21.1204
-21.1396
-21.1587
-21.1777
-21.1967
-21.2156
-21.2344
-21.2531
-21.2718
-21.2904
-21.309
-21.3274
-21.3458
-21.3641
-21.3824
-21.4005
-21.4186
-21.4366
-21.4546
-21.4725
-21.4903
-21.508
-21.5257
-21.5432
-21.5607
-21.5782
-21.5955
-21.6128
-21.63
-21.6472
-21.6642
-21.6812
-21.6981
-21.7149
-21.7317
-21.7484
-21.765
-21.7815
-21.798
-21.8144
-21.8307
-21.8469
-21.863
-21.8791
-21.8951
-21.911
-21.9269
-21.9427
-21.9583
-21.974
-21.9895
-22.005
-22.0203
-22.0357
-22.0509
-22.066
-22.0811
-22.0961
-22.111
-22.1259
-22.1406
-22.1553
-22.1699
-22.1844
-22.1989
-22.2132
-22.2275
-22.2417
-22.2559
-22.2699
-22.2839
-22.2978
-22.3116
-22.3253
-22.339
-22.3526
-22.3661
-22.3795
-22.3928
-22.4061
-22.4192
-22.4323
-22.4453
-22.4583
-22.4711
-22.4839
-22.4966
-22.5092
-22.5217
-22.5342
-22.5465
-22.5588
-22.571
-22.5831
-22.5952
-22.6071
-22.619
-22.6308
-22.6425
-22.6541
-22.6657
-22.6771
-22.6885
-22.6998
-22.711
-22.7222
-22.7332
-22.7442
-22.7551
-22.7659
-22.7766
-22.7872
-22.7978
-22.8082
-22.8186
-22.8289
-22.8391
-22.8493
-22.8593
-22.8693
-22.8791
-22.8889
-22.8987
-22.9083
-22.9178
-22.9273
-22.9367
-22.9459
-22.9551
-22.9643
-22.9733
-22.9822
-22.9911
-22.9999
-23.0086
-23.0172
-23.0257
-23.0341
-23.0425
-23.0508
-23.0589
-23.067
-23.075
-23.083
-23.0908
-23.0986
-23.1062
-23.1138
-23.1213
-23.1287
-23.136
-23.1433
-23.1504
-23.1575
-23.1644
-23.1713
-23.1781
-23.1848
-23.1915
-23.198
-23.2044
-23.2108
-23.2171
-23.2233
-23.2294
-23.2354
-23.2413
-23.2472
-23.2529
-23.2586
-23.2642
-23.2697
-23.2751
-23.2804
-23.2856
-23.2907
-23.2958
-23.3008
-23.3056
-23.3104
-23.3151
-23.3197
-23.3243
-23.3287
-23.333
-23.3373
-23.3415
-23.3455
-23.3495
-23.3534
-23.3572
-23.361
-23.3646
-23.3682
-23.3716
-23.375
-23.3783
-23.3815
-23.3846
-23.3876
-23.3905
-23.3934
-23.3961
-23.3988
-23.4013
-23.4038
-23.4062
-23.4085
-23.4107
-23.4128
-23.4149
-23.4168
-23.4187
-23.4204
-23.4221
-23.4237
-23.4252
-23.4266
-23.4279
-23.4292
-23.4303
-23.4313
-23.4323
-23.4332
-23.4339
-23.4346
-23.4352
-23.4357
-23.4362
-23.4365
-23.4367
-23.4369
-23.437
-23.4369
-23.4368
-23.4366
-23.4363
-23.4359
-23.4354
-23.4349
-23.4342
-23.4335
-23.4326
-23.4317
-23.4307
-23.4296
-23.4284
-23.4271
-23.4257
-23.4242
-23.4227
-23.421
-23.4193
-23.4174
-23.4155
-23.4135
-23.4114
-23.4092
-23.407
-23.4046
-23.4021
-23.3996
-23.3969
-23.3942
-23.3914
-23.3885
-23.3855
-23.3824
-23.3792
-23.3759
-23.3726
-23.3691
-23.3656
-23.3619
-23.3582
-23.3544
-23.3505
-23.3465
-23.3424
-23.3383
-23.334
-23.3297
-23.3252
-23.3207
-23.3161
-23.3114
-23.3066
-23.3017
-23.2967
-23.2916
-23.2865
-23.2812
-23.2759
-23.2705
-23.2649
-23.2593
-23.2536
-23.2479
-23.242
-23.236
-23.23
-23.2238
-23.2176
-23.2113
-23.2049
-23.1983
-23.1918
-23.1851
-23.1783
-23.1715
-23.1645
-23.1575
-23.1503
-23.1431
-23.1358
-23.1284
-23.121
-23.1134
-23.1057
-23.098
-23.0902
-23.0822
-23.0742
-23.0661
-23.0579
-23.0496
-23.0413
-23.0328
-23.0243
-23.0156
-23.0069
-22.9981
-22.9892
-22.9802
-22.9712
-22.962
-22.9528
-22.9434
-22.934
-22.9245
-22.9149
-22.9052
-22.8954
-22.8856
-22.8756
-22.8656
-22.8554
-22.8452
-22.8349
-22.8245
-22.8141
-22.8035
-22.7929
-22.7821
-22.7713
-22.7604
-22.7494
-22.7383
-22.7271
-22.7159
-22.7046
-22.6931
-22.6816
-22.67
-22.6583
-22.6465
-22.6347
-22.6227
-22.6107
-22.5986
-22.5864
-22.5741
-22.5617
-22.5493
-22.5367
-22.5241
-22.5114
-22.4986
-22.4857
-22.4727
-22.4597
-22.4465
-22.4333
-22.42
-22.4066
-22.3931
-22.3795
-22.3659
-22.3522
-22.3384
-22.3244
-22.3105
-22.2964
-22.2822
-22.268
-22.2537
-22.2393
-22.2248
-22.2102
-22.1956
-22.1808
-22.166
-22.1511
-22.1361
-22.121
-22.1059
-22.0907
-22.0753
-22.0599
-22.0444
-22.0289
-22.0132
-21.9975
-21.9817
-21.9658
-21.9498
-21.9338
-21.9176
-21.9014
-21.8851
-21.8687
-21.8522
-21.8357
-21.8191
-21.8024
-21.7856
-21.7687
-21.7518
-21.7347
-21.7176
-21.7004
-21.6832
-21.6658
-21.6484
-21.6309
-21.6133
-21.5956
-21.5778
-21.56
-21.5421
-21.5241
-21.506
-21.4879
-21.4697
-21.4514
-21.433
-21.4145
-21.396
-21.3774
-21.3587
-21.3399
-21.321
-21.3021
-21.2831
-21.264
-21.2449
-21.2256
-21.2063
-21.1869
-21.1674
-21.1479
-21.1283
-21.1086
-21.0888
-21.0689
-21.049
-21.029
-21.0089
-20.9887
-20.9685
-20.9482
-20.9278
-20.9073
-20.8868
-20.8662
-20.8455
-20.8247
-20.8039
-20.783
-20.762
-20.741
-20.7198
-20.6986
-20.6773
-20.656
-20.6345
-20.613
-20.5915
-20.5698
-20.5481
-20.5263
-20.5044
-20.4825
-20.4605
-20.4384
-20.4162
-20.394
-20.3717
-20.3493
-20.3268
-20.3043
-20.2817
-20.2591
-20.2363
-20.2135
-20.1906
-20.1677
-20.1447
-20.1216
-20.0984
-20.0752
-20.0519
-20.0285
-20.0051
-19.9815
-19.958
-19.9343
-19.9106
-19.8868
-19.8629
-19.839
-19.815
-19.791
-19.7668
-19.7426
-19.7183
-19.694
-19.6696
-19.6451
-19.6206
-19.596
-19.5713
-19.5465
-19.5217
-19.4968
-19.4719
-19.4469
-19.4218
-19.3967
-19.3714
-19.3462
-19.3208
-19.2954
-19.2699
-19.2444
-19.2188
-19.1931
-19.1674
-19.1416
-19.1157
-19.0898
-19.0638
-19.0377
-19.0116
-18.9854
-18.9591
-18.9328
-18.9064
-18.88
-18.8535
-18.8269
-18.8003
-18.7736
-18.7468
-18.72
-18.6931
-18.6661
-18.6391
-18.6121
-18.5849
-18.5577
-18.5305
-18.5032
-18.4758
-18.4483
-18.4208
-18.3933
-18.3656
-18.338
-18.3102
-18.2824
-18.2545
-18.2266
-18.1986
-18.1706
-18.1425
-18.1143
-18.0861
-18.0578
-18.0295
-18.0011
-17.9726
-17.9441
-17.9155
-17.8869
-17.8582
-17.8295
-17.8006
-17.7718
-17.7429
-17.7139
-17.6849
-17.6558
-17.6266
-17.5974
-17.5681
-17.5388
-17.5095
-17.48
-17.4505
-17.421
-17.3914
-17.3618
-17.332
-17.3023
-17.2725
-17.2426
-17.2127
-17.1827
-17.1527
-17.1226
-17.0924
-17.0622
-17.032
-17.0017
-16.9713
-16.9409
-16.9104
-16.8799
-16.8494
-16.8187
-16.7881
-16.7573
-16.7266
-16.6957
-16.6649
-16.6339
-16.6029
-16.5719
-16.5408
-16.5097
-16.4785
-16.4472
-16.416
-16.3846
-16.3532
-16.3218
-16.2903
-16.2588
-16.2272
-16.1955
-16.1638
-16.1321
-16.1003
-16.0685
-16.0366
-16.0047
-15.9727
-15.9407
-15.9086
-15.8765
-15.8443
-15.8121
-15.7798
-15.7475
-15.7151
-15.6827
-15.6503
-15.6178
-15.5852
-15.5526
-15.52
-15.4873
-15.4546
-15.4218
-15.389
-15.3561
-15.3232
-15.2902
-15.2572
-15.2242
-15.1911
-15.158
-15.1248
-15.0915
-15.0583
-15.025
-14.9916
-14.9582
-14.9248
-14.8913
-14.8577
-14.8242
-14.7906
-14.7569
-14.7232
-14.6895
-14.6557
-14.6218
-14.588
-14.5541
-14.5201
-14.4861
-14.4521
-14.418
-14.3839
-14.3497
-14.3155
-14.2813
-14.247
-14.2127
-14.1783
-14.1439
-14.1095
-14.075
-14.0405
-14.006
-13.9714
-13.9367
-13.9021
-13.8673
-13.8326
-13.7978
-13.763
-13.7281
-13.6932
-13.6583
-13.6233
-13.5883
-13.5532
-13.5181
-13.483
-13.4478
-13.4126
-13.3774
-13.3421
-13.3068
-13.2715
-13.2361
-13.2007
-13.1652
-13.1297
-13.0942
-13.0587
-13.0231
-12.9874
-12.9518
-12.9161
-12.8803
-12.8446
-12.8088
-12.7729
-12.7371
-12.7012
-12.6652
-12.6293
-12.5933
-12.5572
-12.5212
-12.4851
-12.4489
-12.4128
-12.3766
-12.3403
-12.3041
-12.2678
-12.2315
-12.1951
-12.1587
-12.1223
-12.0858
-12.0494
-12.0128
-11.9763
-11.9397
-11.9031
-11.8665
-11.8298
-11.7931
-11.7564
-11.7196
-11.6828
-11.646
-11.6092
-11.5723
-11.5354
-11.4985
-11.4615
-11.4245
-11.3875
-11.3505
-11.3134
-11.2763
-11.2391
-11.202
-11.1648
-11.1276
-11.0903
-11.0531
-11.0158
-10.9785
-10.9411
-10.9037
-10.8663
-10.8289
-10.7915
-10.754
-10.7165
-10.6789
-10.6414
-10.6038
-10.5662
-10.5285
-10.4909
-10.4532
-10.4155
-10.3778
-10.34
-10.3022
-10.2644
-10.2266
-10.1887
-10.1508
-10.1129
-10.075
-10.037
-9.99907
-9.96107
-9.92305
-9.88501
-9.84694
-9.80885
-9.77074
-9.7326
-9.69445
-9.65627
-9.61807
-9.57984
-9.5416
-9.50333
-9.46504
-9.42673
-9.3884
-9.35005
-9.31168
-9.27328
-9.23487
-9.19643
-9.15798
-9.1195
-9.081
-9.04249
-9.00395
-8.96539
-8.92682
-8.88822
-8.84961
-8.81097
-8.77232
-8.73365
-8.69496
-8.65625
-8.61752
-8.57877
-8.54
-8.50122
-8.46242
-8.4236
-8.38476
-8.3459
-8.30703
-8.26814
-8.22923
-8.1903
-8.15136
-8.1124
-8.07342
-8.03443
-7.99542
-7.95639
-7.91735
-7.87829
-7.83921
-7.80012
-7.76101
-7.72189
-7.68275
-7.64359
-7.60442
-7.56524
-7.52604
-7.48682
-7.44759
-7.40835
-7.36909
-7.32981
-7.29052
-7.25122
-7.2119
-7.17257
-7.13322
-7.09386
-7.05449
-7.0151
-6.9757
-6.93629
-6.89686
-6.85742
-6.81797
-6.7785
-6.73902
-6.69953
-6.66003
-6.62051
-6.58098
-6.54144
-6.50189
-6.46233
-6.42275
-6.38316
-6.34356
-6.30395
-6.26433
-6.22469
-6.18505
-6.14539
-6.10572
-6.06605
-6.02636
-5.98666
-5.94695
-5.90723
-5.8675
-5.82776
-5.78801
-5.74825
-5.70848
-5.6687
-5.62891
-5.58911
-5.54931
-5.50949
-5.46966
-5.42983
-5.38999
-5.35013
-5.31027
-5.2704
-5.23052
-5.19064
-5.15074
-5.11084
-5.07093
-5.03101
-4.99109
-4.95115
-4.91121
-4.87126
-4.83131
-4.79134
-4.75137
-4.7114
-4.67141
-4.63142
-4.59142
-4.55142
-4.51141
-4.47139
-4.43137
-4.39134
-4.35131
-4.31127
-4.27122
-4.23117
-4.19111
-4.15104
-4.11098
-4.0709
-4.03082
-3.99074
-3.95065
-3.91055
-3.87046
-3.83035
-3.79024
-3.75013
-3.71002
-3.66989
-3.62977
-3.58964
-3.54951
-3.50937
-3.46923
-3.42909
-3.38894
-3.34879
-3.30863
-3.26848
-3.22832
-3.18815
-3.14799
-3.10782
-3.06765
-3.02747
-2.9873
-2.94712
-2.90694
-2.86675
-2.82657
-2.78638
-2.74619
-2.706
-2.66581
-2.62561
-2.58542
-2.54522
-2.50502
-2.46482
-2.42462
-2.38442
-2.34422
-2.30402
-2.26381
-2.22361
-2.18341
-2.1432
-2.103
-2.06279
-2.02259
-1.98238
-1.94217
-1.90197
-1.86177
-1.82156
-1.78136
-1.74115
-1.70095
-1.66075
-1.62055
-1.58035
-1.54015
-1.49995
-1.45976
-1.41956
-1.37937
-1.33918
-1.29899
-1.2588
-1.21861
-1.17843
-1.13825
-1.09807
-1.05789
-1.01771
-0.977541
-0.93737
-0.897202
-0.857037
-0.816874
-0.776715
-0.736558
-0.696405
-0.656254
-0.616107
-0.575964
-0.535824
-0.495687
-0.455554
-0.415425
-0.375299
-0.335178
-0.29506
-0.254947
-0.214838
-0.174733
-0.134633
-0.0945366
-0.0544452
-0.0143584
0.0257236
0.0658008
0.105873
0.14594
0.186002
0.226059
0.266111
0.306157
0.346198
0.386233
0.426262
0.466286
0.506304
0.546316
0.586322
0.626322
0.666316
0.706303
0.746284
0.786259
0.826227
0.866188
0.906143
0.946091
0.986032
1.02597
1.06589
1.10581
1.14572
1.18563
1.22553
1.26542
1.3053
1.34517
1.38504
1.4249
1.46475
1.50459
1.54443
1.58426
1.62407
1.66388
1.70369
1.74348
1.78326
1.82304
1.86281
1.90256
1.94231
1.98205
2.02178
2.0615
2.10122
2.14092
2.18061
2.22029
2.25997
2.29963
2.33929
2.37893
2.41856
2.45819
2.4978
2.5374
2.577
2.61658
2.65615
2.69571
2.73526
2.7748
2.81433
2.85385
2.89336
2.93285
2.97234
3.01181
3.05127
3.09072
3.13016
3.16959
3.209
3.2484
3.2878
3.32718
3.36654
3.4059
3.44524
3.48457
3.52389
3.5632
3.60249
3.64177
3.68104
3.72029
3.75953
3.79876
3.83798
3.87718
3.91637
3.95555
3.99471
4.03386
4.07299
4.11212
4.15122
4.19032
4.2294
4.26846
4.30752
4.34656
4.38558
4.42459
4.46358
4.50256
4.54153
4.58048
4.61942
4.65834
4.69725
4.73614
4.77502
4.81388
4.85272
4.89155
4.93037
4.96917
5.00796
5.04672
5.08548
5.12421
5.16294
5.20164
5.24033
5.279
5.31766
5.3563
5.39493
5.43353
5.47213
5.5107
5.54926
5.5878
5.62632
5.66483
5.70332
5.74179
5.78025
5.81869
5.85711
5.89551
5.9339
5.97227
6.01062
6.04895
6.08726
6.12556
6.16384
6.2021
6.24034
6.27857
6.31677
6.35496
6.39313
6.43128
6.46941
6.50752
6.54562
6.58369
6.62175
6.65979
6.6978
6.7358
6.77378
6.81174
6.84968
6.8876
6.9255
6.96338
7.00124
7.03908
7.07691
7.11471
7.15249
7.19025
7.22799
7.26571
7.30341
7.34109
7.37874
7.41638
7.454
7.49159
7.52917
7.56672
7.60425
7.64176
7.67925
7.71672
7.75417
7.79159
7.829
7.86638
7.90374
7.94107
7.97839
8.01568
8.05296
8.0902
8.12743
8.16464
8.20182
8.23898
8.27611
8.31323
8.35032
8.38739
8.42443
8.46145
8.49845
8.53543
8.57238
8.60931
8.64622
8.6831
8.71995
8.75679
8.7936
8.83039
8.86715
8.90389
8.9406
8.97729
9.01396
9.0506
9.08722
9.12381
9.16037
9.19692
9.23344
9.26993
9.3064
9.34284
9.37926
9.41565
9.45202
9.48836
9.52467
9.56096
9.59723
9.63347
9.66968
9.70587
9.74203
9.77816
9.81427
9.85035
9.88641
9.92244
9.95844
9.99442
10.0304
10.0663
10.1022
10.1381
10.1739
10.2097
10.2455
10.2813
10.317
10.3527
10.3884
10.424
10.4597
10.4952
10.5308
10.5664
10.6019
10.6373
10.6728
10.7082
10.7436
10.779
10.8143
10.8496
10.8849
10.9202
10.9554
10.9906
11.0258
11.0609
11.096
11.1311
11.1661
11.2012
11.2361
11.2711
11.306
11.3409
11.3758
11.4106
11.4455
11.4802
11.515
11.5497
11.5844
11.6191
11.6537
11.6883
11.7228
11.7574
11.7919
11.8264
11.8608
11.8952
11.9296
11.9639
11.9982
12.0325
12.0668
12.101
12.1352
12.1693
12.2035
12.2376
12.2716
12.3056
12.3396
12.3736
12.4075
12.4414
12.4753
12.5091
12.5429
12.5767
12.6104
12.6441
12.6778
12.7114
12.745
12.7786
12.8121
12.8456
12.879
12.9125
12.9459
12.9792
13.0125
13.0458
13.0791
13.1123
13.1455
13.1786
13.2118
13.2448
13.2779
13.3109
13.3439
13.3768
13.4097
13.4426
13.4754
13.5082
13.541
13.5737
13.6064
13.6391
13.6717
13.7043
13.7368
13.7693
13.8018
13.8342
13.8666
13.899
13.9313
13.9636
13.9958
14.0281
14.0602
14.0924
14.1245
14.1565
14.1886
14.2206
14.2525
14.2844
14.3163
14.3481
14.3799
14.4117
14.4434
14.4751
14.5067
14.5383
14.5699
14.6014
14.6329
14.6644
14.6958
14.7272
14.7585
14.7898
14.821
14.8522
14.8834
14.9146
14.9456
14.9767
15.0077
15.0387
15.0696
15.1005
15.1314
15.1622
15.1929
15.2237
15.2544
15.285
15.3156
15.3462
15.3767
15.4072
15.4376
15.468
15.4984
15.5287
15.559
15.5892
15.6194
15.6495
15.6796
15.7097
15.7397
15.7697
15.7996
15.8295
15.8593
15.8892
15.9189
15.9486
15.9783
16.0079
16.0375
16.0671
16.0966
16.126
16.1554
16.1848
16.2141
16.2434
16.2726
16.3018
16.331
16.3601
16.3891
16.4182
16.4471
16.476
16.5049
16.5338
16.5625
16.5913
16.62
16.6486
16.6772
16.7058
16.7343
16.7628
16.7912
16.8196
16.8479
16.8762
16.9044
16.9326
16.9607
16.9888
17.0169
17.0449
17.0728
17.1007
17.1286
17.1564
17.1842
17.2119
17.2396
17.2672
17.2947
17.3223
17.3497
17.3772
17.4046
17.4319
17.4592
17.4864
17.5136
17.5407
17.5678
17.5948
17.6218
17.6488
17.6757
17.7025
17.7293
17.756
17.7827
17.8094
17.836
17.8625
17.889
17.9154
17.9418
17.9682
17.9944
18.0207
18.0469
18.073
18.0991
18.1251
18.1511
18.177
18.2029
18.2288
18.2545
18.2803
18.3059
18.3315
18.3571
18.3826
18.4081
18.4335
18.4589
18.4842
18.5094
18.5346
18.5598
18.5849
18.6099
18.6349
18.6598
18.6847
18.7096
18.7343
18.759
18.7837
18.8083
18.8329
18.8574
18.8818
18.9062
18.9306
18.9549
18.9791
19.0033
19.0274
19.0515
19.0755
19.0995
19.1234
19.1472
19.171
19.1947
19.2184
19.242
19.2656
19.2891
19.3126
19.336
19.3593
19.3826
19.4058
19.429
19.4521
19.4752
19.4982
19.5211
19.544
19.5669
19.5896
19.6124
19.635
19.6576
19.6802
19.7027
19.7251
19.7475
19.7698
19.792
19.8142
19.8364
19.8585
19.8805
19.9024
19.9243
19.9462
19.968
19.9897
20.0114
20.033
20.0545
20.076
20.0974
20.1188
20.1401
20.1614
20.1826
20.2037
20.2248
20.2458
20.2667
20.2876
20.3084
20.3292
20.3499
20.3706
20.3911
20.4117
20.4321
20.4525
20.4729
20.4931
20.5134
20.5335
20.5536
20.5736
20.5936
20.6135
20.6333
20.6531
20.6728
20.6925
20.7121
20.7316
20.7511
20.7705
20.7898
20.8091
20.8283
20.8475
20.8666
20.8856
20.9046
20.9235
20.9423
20.9611
20.9798
20.9984
21.017
21.0355
21.054
21.0724
21.0907
21.1089
21.1271
21.1453
21.1633
21.1813
21.1992
21.2171
21.2349
21.2526
21.2703
21.2879
21.3055
21.3229
21.3403
21.3577
21.375
21.3922
21.4093
21.4264
21.4434
21.4603
21.4772
21.494
21.5108
21.5275
21.5441
21.5606
21.5771
21.5935
21.6098
21.6261
21.6423
21.6585
21.6745
21.6905
21.7065
21.7223
21.7381
21.7539
21.7695
21.7851
21.8007
21.8161
21.8315
21.8468
21.8621
21.8773
21.8924
21.9074
21.9224
21.9373
21.9522
21.9669
21.9816
21.9963
22.0108
22.0253
22.0397
22.0541
22.0684
22.0826
22.0967
22.1108
22.1248
22.1387
22.1526
22.1664
22.1801
22.1938
22.2074
22.2209
22.2343
22.2477
22.261
22.2742
22.2873
22.3004
22.3134
22.3264
22.3393
22.352
22.3648
22.3774
22.39
22.4025
22.415
22.4273
22.4396
22.4518
22.464
22.4761
22.4881
22.5
22.5119
22.5237
22.5354
22.547
22.5586
22.5701
22.5815
22.5929
22.6041
22.6154
22.6265
22.6375
22.6485
22.6594
22.6703
22.681
22.6917
22.7024
22.7129
22.7234
22.7338
22.7441
22.7543
22.7645
22.7746
22.7846
22.7946
22.8045
22.8143
22.824
22.8337
22.8432
22.8527
22.8622
22.8715
22.8808
22.89
22.8991
22.9082
22.9172
22.9261
22.9349
22.9437
22.9523
22.961
22.9695
22.9779
22.9863
22.9946
23.0028
23.011
23.0191
23.0271
23.035
23.0428
23.0506
23.0583
23.0659
23.0735
23.0809
23.0883
23.0956
23.1029
23.1101
23.1171
23.1241
23.1311
23.1379
23.1447
23.1514
23.158
23.1646
23.1711
23.1775
23.1838
23.19
23.1962
23.2023
23.2083
23.2142
23.2201
23.2259
23.2316
23.2372
23.2427
23.2482
23.2536
23.2589
23.2642
23.2693
23.2744
23.2794
23.2843
23.2892
23.2939
23.2986
23.3033
23.3078
23.3123
23.3166
23.3209
23.3252
23.3293
23.3334
23.3374
23.3413
23.3451
23.3489
23.3526
23.3562
23.3597
23.3631
23.3665
23.3698
23.373
23.3761
23.3792
23.3822
23.3851
23.3879
23.3906
23.3933
23.3959
23.3984
23.4008
23.4031
23.4054
23.4076
23.4097
23.4117
23.4137
23.4156
23.4174
23.4191
23.4207
23.4223
23.4238
23.4252
23.4265
23.4277
23.4289
23.43
23.431
23.4319
23.4328
23.4335
23.4342
23.4348
23.4354
23.4358
23.4362
23.4365
23.4367
23.4368
23.4369
23.4369
23.4368
23.4366
23.4363
23.436
23.4356
23.4351
23.4345
23.4338
23.4331
23.4323
23.4314
23.4304
23.4294
23.4282
23.427
23.4257
23.4244
23.4229
23.4214
23.4198
23.4181
23.4163
23.4145
23.4126
23.4106
23.4085
23.4063
23.4041
23.4018
23.3994
23.3969
23.3943
23.3917
23.389
23.3862
23.3833
23.3804
23.3773
23.3742
23.371
23.3678
23.3644
23.361
23.3575
23.3539
23.3502
23.3465
23.3427
23.3388
23.3348
23.3307
23.3266
23.3224
23.3181
23.3137
23.3092
23.3047
23.3001
23.2954
23.2906
23.2858
23.2809
23.2758
23.2708
23.2656
23.2604
23.255
23.2496
23.2442
23.2386
23.233
23.2272
23.2215
23.2156
23.2096
23.2036
23.1975
23.1913
23.1851
23.1787
23.1723
23.1658
23.1592
23.1526
23.1458
23.139
23.1321
23.1252
23.1181
23.111
23.1038
23.0965
23.0892
23.0817
23.0742
23.0666
23.0589
23.0512
23.0434
23.0355
23.0275
23.0194
23.0113
23.0031
22.9948
22.9864
22.978
22.9695
22.9609
22.9522
22.9434
22.9346
22.9257
22.9167
22.9077
22.8985
22.8893
22.88
22.8707
22.8612
22.8517
22.8421
22.8324
22.8227
22.8128
22.8029
22.7929
22.7829
22.7728
22.7625
22.7523
22.7419
22.7315
22.7209
22.7103
22.6997
22.6889
22.6781
22.6672
22.6563
22.6452
22.6341
22.6229
22.6116
22.6003
22.5888
22.5773
22.5658
22.5541
22.5424
22.5306
22.5187
22.5068
22.4947
22.4826
22.4705
22.4582
22.4459
22.4335
22.421
22.4085
22.3959
22.3832
22.3704
22.3576
22.3446
22.3316
22.3186
22.3054
22.2922
22.2789
22.2656
22.2521
22.2386
22.2251
22.2114
22.1977
22.1839
22.17
22.156
22.142
22.1279
22.1138
22.0995
22.0852
22.0708
22.0564
22.0418
22.0272
22.0126
21.9978
21.983
21.9681
21.9531
21.9381
21.923
21.9078
21.8926
21.8772
21.8618
21.8464
21.8308
21.8152
21.7995
21.7838
21.768
21.7521
21.7361
21.7201
21.704
21.6878
21.6715
21.6552
21.6388
21.6224
21.6058
21.5892
21.5726
21.5558
21.539
21.5221
21.5052
21.4882
21.4711
21.4539
21.4367
21.4194
21.402
21.3846
21.3671
21.3495
21.3319
21.3142
21.2964
21.2786
21.2606
21.2427
21.2246
21.2065
21.1883
21.17
21.1517
21.1333
21.1149
21.0963
21.0777
21.0591
21.0403
21.0215
21.0027
20.9837
20.9647
20.9457
20.9265
20.9073
20.8881
20.8687
20.8493
20.8299
20.8104
20.7908
20.7711
20.7514
20.7316
20.7117
20.6918
20.6718
20.6517
20.6316
20.6114
20.5912
20.5708
20.5505
20.53
20.5095
20.4889
20.4683
20.4476
20.4268
20.406
20.3851
20.3641
20.3431
20.322
20.3008
20.2796
20.2583
20.237
20.2156
20.1941
20.1726
20.151
20.1293
20.1076
20.0858
20.064
20.0421
20.0201
19.9981
19.976
19.9538
19.9316
19.9093
19.887
19.8646
19.8421
19.8196
19.797
19.7743
19.7516
19.7289
19.706
19.6831
19.6602
19.6372
19.6141
19.591
19.5678
19.5445
19.5212
19.4978
19.4744
19.4509
19.4273
19.4037
19.3801
19.3563
19.3325
19.3087
19.2848
19.2608
19.2368
19.2127
19.1886
19.1644
19.1401
19.1158
19.0914
19.067
19.0425
19.018
18.9934
18.9687
18.944
18.9192
18.8944
18.8695
18.8446
18.8196
18.7945
18.7694
18.7442
18.719
18.6937
18.6684
18.643
18.6175
18.592
18.5665
18.5408
18.5152
18.4894
18.4637
18.4378
18.4119
18.386
18.36
18.3339
18.3078
18.2817
18.2555
18.2292
18.2029
18.1765
18.15
18.1236
18.097
18.0704
18.0438
18.0171
17.9903
17.9635
17.9367
17.9098
17.8828
17.8558
17.8287
17.8016
17.7744
17.7472
17.72
17.6926
17.6653
17.6378
17.6103
17.5828
17.5552
17.5276
17.4999
17.4722
17.4444
17.4166
17.3887
17.3608
17.3328
17.3047
17.2767
17.2485
17.2203
17.1921
17.1638
17.1355
17.1071
17.0787
17.0502
17.0217
16.9931
16.9645
16.9358
16.9071
16.8783
16.8495
16.8207
16.7918
16.7628
16.7338
16.7047
16.6756
16.6465
16.6173
16.5881
16.5588
16.5294
16.5001
16.4706
16.4411
16.4116
16.3821
16.3524
16.3228
16.2931
16.2633
16.2335
16.2037
16.1738
16.1439
16.1139
16.0839
16.0538
16.0237
15.9936
15.9634
15.9331
15.9028
15.8725
15.8421
15.8117
15.7812
15.7507
15.7202
15.6896
15.659
15.6283
15.5976
15.5668
15.536
15.5051
15.4742
15.4433
15.4123
15.3813
15.3503
15.3192
15.288
15.2568
15.2256
15.1943
15.163
15.1317
15.1003
15.0688
15.0374
15.0058
14.9743
14.9427
14.9111
14.8794
14.8477
14.8159
14.7841
14.7523
14.7204
14.6885
14.6565
14.6245
14.5925
14.5604
14.5283
14.4962
14.464
14.4317
14.3995
14.3672
14.3348
14.3024
14.27
14.2376
14.2051
14.1725
14.14
14.1074
14.0747
14.042
14.0093
13.9766
13.9438
13.9109
13.8781
13.8452
13.8122
13.7793
13.7462
13.7132
13.6801
13.647
13.6138
13.5806
13.5474
13.5142
13.4809
13.4475
13.4142
13.3808
13.3473
13.3139
13.2804
13.2468
13.2132
13.1796
13.146
13.1123
13.0786
13.0449
13.0111
12.9773
12.9434
12.9096
12.8756
12.8417
12.8077
12.7737
12.7397
12.7056
12.6715
12.6373
12.6032
12.569
12.5347
12.5005
12.4662
12.4318
12.3975
12.3631
12.3287
12.2942
12.2597
12.2252
12.1906
12.1561
12.1214
12.0868
12.0521
12.0174
11.9827
11.9479
11.9131
11.8783
11.8435
11.8086
11.7737
11.7387
11.7037
11.6687
11.6337
11.5987
11.5636
11.5284
11.4933
11.4581
11.4229
11.3877
11.3524
11.3171
11.2818
11.2465
11.2111
11.1757
11.1403
11.1048
11.0694
11.0338
10.9983
10.9627
10.9272
10.8915
10.8559
10.8202
10.7845
10.7488
10.713
10.6773
10.6415
10.6056
10.5698
10.5339
10.498
10.4621
10.4261
10.3901
10.3541
10.3181
10.282
10.2459
10.2098
10.1737
10.1375
10.1014
10.0652
10.0289
9.99267
9.95639
9.92009
9.88376
9.84741
9.81103
9.77463
9.73821
9.70177
9.6653
9.6288
9.59229
9.55575
9.51919
9.48261
9.446
9.40937
9.37272
9.33604
9.29935
9.26263
9.22589
9.18912
9.15234
9.11553
9.0787
9.04185
9.00498
8.96809
8.93118
8.89424
8.85728
8.82031
8.78331
8.74629
8.70925
8.67219
8.63511
8.59801
8.56089
8.52374
8.48658
8.4494
8.4122
8.37498
8.33774
8.30048
8.2632
8.2259
8.18858
8.15124
8.11388
8.0765
8.03911
8.0017
7.96426
7.92681
7.88934
7.85185
7.81435
7.77682
7.73928
7.70172
7.66414
7.62654
7.58893
7.55129
7.51364
7.47598
7.43829
7.40059
7.36287
7.32513
7.28738
7.24961
7.21182
7.17402
7.1362
7.09836
7.06051
7.02264
6.98476
6.94685
6.90894
6.871
6.83305
6.79509
6.75711
6.71911
6.6811
6.64307
6.60503
6.56697
6.52889
6.49081
6.4527
6.41459
6.37645
6.33831
6.30014
6.26197
6.22378
6.18557
6.14735
6.10912
6.07087
6.03261
5.99434
5.95605
5.91775
5.87943
5.8411
5.80276
5.7644
5.72603
5.68765
5.64926
5.61085
5.57243
5.53399
5.49555
5.45709
5.41862
5.38013
5.34164
5.30313
5.26461
5.22608
5.18753
5.14898
5.11041
5.07183
5.03324
4.99464
4.95603
4.9174
4.87876
4.84012
4.80146
4.76279
4.72411
4.68542
4.64672
4.60801
4.56928
4.53055
4.49181
4.45306
4.41429
4.37552
4.33674
4.29794
4.25914
4.22033
4.1815
4.14267
4.10383
4.06498
4.02612
3.98725
3.94837
3.90949
3.87059
3.83168
3.79277
3.75385
3.71492
3.67598
3.63703
3.59807
3.55911
3.52014
3.48116
3.44217
3.40317
3.36417
3.32516
3.28614
3.24711
3.20808
3.16903
3.12999
3.09093
3.05187
3.0128
2.97372
2.93463
2.89554
2.85645
2.81734
2.77823
2.73911
2.69999
2.66086
2.62173
2.58258
2.54344
2.50428
2.46512
2.42596
2.38679
2.34761
2.30843
2.26924
2.23005
2.19085
2.15165
2.11244
2.07322
2.03401
1.99478
1.95556
1.91632
1.87709
1.83784
1.7986
1.75935
1.72009
1.68084
1.64157
1.60231
1.56304
1.52376
1.48448
1.4452
1.40592
1.36663
1.32734
1.28804
1.24874
1.20944
1.17013
1.13083
1.09152
1.0522
1.01289
0.973567
0.934245
0.894921
0.855595
0.816266
0.776935
0.737602
0.698267
0.658929
0.61959
0.580249
0.540907
0.501562
0.462216
0.422869
0.38352
0.34417
0.304818
0.265466
0.226112
0.186758
0.147402
0.108046
0.0686885
0.0293306
-0.0100277
-0.0493866
-0.0887459
-0.128106
-0.167465
-0.206826
-0.246186
-0.285546
-0.324906
-0.364266
-0.403626
-0.442985
-0.482344
-0.521702
-0.56106
-0.600418
-0.639774
-0.67913
-0.718485
-0.757838
-0.797191
-0.836543
-0.875893
-0.915242
-0.95459
-0.993936
-1.03328
-1.07262
-1.11196
-1.1513
-1.19064
-1.22998
-1.26931
-1.30864
-1.34797
-1.3873
-1.42662
-1.46594
-1.50526
-1.54458
-1.5839
-1.62321
-1.66251
-1.70182
-1.74112
-1.78042
-1.81972
-1.85901
-1.8983
-1.93759
-1.97687
-2.01615
-2.05542
-2.09469
-2.13396
-2.17322
-2.21248
-2.25174
-2.29099
-2.33024
-2.36948
-2.40872
-2.44795
-2.48718
-2.5264
-2.56562
-2.60484
-2.64405
-2.68325
-2.72245
-2.76164
-2.80083
-2.84002
-2.87919
-2.91837
-2.95753
-2.99669
-3.03585
-3.075
-3.11414
-3.15328
-3.19241
-3.23153
-3.27065
-3.30976
-3.34887
-3.38797
-3.42706
-3.46615
-3.50523
-3.5443
-3.58336
-3.62242
-3.66147
-3.70052
-3.73955
-3.77858
-3.8176
-3.85662
-3.89562
-3.93462
-3.97361
-4.01259
-4.05157
-4.09054
-4.12949
-4.16844
-4.20739
-4.24632
-4.28524
-4.32416
-4.36307
-4.40197
-4.44086
-4.47974
-4.51861
-4.55747
-4.59633
-4.63517
-4.67401
-4.71283
-4.75165
-4.79045
-4.82925
-4.86804
-4.90681
-4.94558
-4.98434
-5.02308
-5.06182
-5.10055
-5.13926
-5.17797
-5.21666
-5.25534
-5.29402
-5.33268
-5.37133
-5.40997
-5.4486
-5.48722
-5.52582
-5.56442
-5.603
-5.64157
-5.68013
-5.71868
-5.75722
-5.79574
-5.83426
-5.87276
-5.91125
-5.94972
-5.98819
-6.02664
-6.06508
-6.1035
-6.14191
-6.18032
-6.2187
-6.25708
-6.29544
-6.33379
-6.37212
-6.41044
-6.44875
-6.48705
-6.52533
-6.56359
-6.60185
-6.64009
-6.67831
-6.71652
-6.75472
-6.7929
-6.83107
-6.86922
-6.90736
-6.94549
-6.9836
-7.02169
-7.05977
-7.09784
-7.13589
-7.17392
-7.21194
-7.24995
-7.28793
-7.32591
-7.36386
-7.4018
-7.43973
-7.47764
-7.51553
-7.55341
-7.59127
-7.62912
-7.66694
-7.70476
-7.74255
-7.78033
-7.81809
-7.85583
-7.89356
-7.93127
-7.96897
-8.00664
-8.0443
-8.08194
-8.11956
-8.15717
-8.19476
-8.23233
-8.26988
-8.30741
-8.34493
-8.38243
-8.4199
-8.45737
-8.49481
-8.53223
-8.56963
-8.60702
-8.64439
-8.68173
-8.71906
-8.75637
-8.79366
-8.83093
-8.86818
-8.90541
-8.94262
-8.97982
-9.01699
-9.05414
-9.09127
-9.12838
-9.16547
-9.20254
-9.23959
-9.27662
-9.31363
-9.35062
-9.38758
-9.42453
-9.46145
-9.49835
-9.53524
-9.5721
-9.60893
-9.64575
-9.68255
-9.71932
-9.75607
-9.7928
-9.8295
-9.86619
-9.90285
-9.93949
-9.97611
-10.0127
-10.0493
-10.0858
-10.1223
-10.1588
-10.1953
-10.2318
-10.2682
-10.3046
-10.341
-10.3774
-10.4137
-10.45
-10.4863
-10.5226
-10.5588
-10.595
-10.6312
-10.6674
-10.7035
-10.7396
-10.7757
-10.8118
-10.8478
-10.8839
-10.9199
-10.9558
-10.9918
-11.0277
-11.0636
-11.0994
-11.1353
-11.1711
-11.2069
-11.2426
-11.2784
-11.3141
-11.3497
-11.3854
-11.421
-11.4566
-11.4922
-11.5277
-11.5632
-11.5987
-11.6342
-11.6696
-11.705
-11.7404
-11.7758
-11.8111
-11.8464
-11.8816
-11.9169
-11.9521
-11.9873
-12.0224
-12.0575
-12.0926
-12.1277
-12.1627
-12.1977
-12.2327
-12.2676
-12.3025
-12.3374
-12.3723
-12.4071
-12.4419
-12.4767
-12.5114
-12.5461
-12.5808
-12.6154
-12.65
-12.6846
-12.7192
-12.7537
-12.7882
-12.8226
-12.857
-12.8914
-12.9258
-12.9601
-12.9944
-13.0287
-13.0629
-13.0971
-13.1313
-13.1654
-13.1995
-13.2336
-13.2676
-13.3016
-13.3356
-13.3695
-13.4034
-13.4373
-13.4711
-13.5049
-13.5387
-13.5724
-13.6061
-13.6398
-13.6734
-13.707
-13.7406
-13.7741
-13.8076
-13.841
-13.8745
-13.9078
-13.9412
-13.9745
-14.0078
-14.041
-14.0742
-14.1074
-14.1405
-14.1736
-14.2067
-14.2397
-14.2727
-14.3056
-14.3386
-14.3714
-14.4043
-14.4371
-14.4698
-14.5026
-14.5353
-14.5679
-14.6005
-14.6331
-14.6656
-14.6981
-14.7306
-14.763
-14.7954
-14.8277
-14.86
-14.8923
-14.9245
-14.9567
-14.9889
-15.021
-15.053
-15.0851
-15.1171
-15.149
-15.1809
-15.2128
-15.2446
-15.2764
-15.3081
-15.3398
-15.3715
-15.4031
-15.4347
-15.4663
-15.4978
-15.5292
-15.5606
-15.592
-15.6233
-15.6546
-15.6859
-15.7171
-15.7482
-15.7793
-15.8104
-15.8415
-15.8724
-15.9034
-15.9343
-15.9652
-15.996
-16.0267
-16.0575
-16.0882
-16.1188
-16.1494
-16.1799
-16.2104
-16.2409
-16.2713
-16.3017
-16.332
-16.3623
-16.3925
-16.4227
-16.4529
-16.483
-16.513
-16.543
-16.573
-16.6029
-16.6328
-16.6626
-16.6924
-16.7221
-16.7518
-16.7814
-16.811
-16.8405
-16.87
-16.8995
-16.9289
-16.9582
-16.9875
-17.0168
-17.046
-17.0751
-17.1042
-17.1333
-17.1623
-17.1912
-17.2202
-17.249
-17.2778
-17.3066
-17.3353
-17.364
-17.3926
-17.4211
-17.4496
-17.4781
-17.5065
-17.5349
-17.5632
-17.5914
-17.6196
-17.6478
-17.6759
-17.704
-17.732
-17.7599
-17.7878
-17.8157
-17.8434
-17.8712
-17.8989
-17.9265
-17.9541
-17.9816
-18.0091
-18.0365
-18.0639
-18.0912
-18.1185
-18.1457
-18.1728
-18.1999
-18.227
-18.254
-18.2809
-18.3078
-18.3346
-18.3614
-18.3881
-18.4148
-18.4414
-18.468
-18.4944
-18.5209
-18.5473
-18.5736
-18.5999
-18.6261
-18.6523
-18.6784
-18.7044
-18.7304
-18.7563
-18.7822
-18.808
-18.8338
-18.8595
-18.8852
-18.9107
-18.9363
-18.9618
-18.9872
-19.0125
-19.0378
-19.0631
-19.0883
-19.1134
-19.1384
-19.1634
-19.1884
-19.2133
-19.2381
-19.2629
-19.2876
-19.3122
-19.3368
-19.3613
-19.3858
-19.4102
-19.4346
-19.4588
-19.4831
-19.5072
-19.5313
-19.5554
-19.5793
-19.6033
-19.6271
-19.6509
-19.6746
-19.6983
-19.7219
-19.7455
-19.7689
-19.7924
-19.8157
-19.839
-19.8622
-19.8854
-19.9085
-19.9315
-19.9545
-19.9774
-20.0003
-20.0231
-20.0458
-20.0684
-20.091
-20.1135
-20.136
-20.1584
-20.1807
-20.203
-20.2252
-20.2473
-20.2694
-20.2914
-20.3133
-20.3352
-20.357
-20.3788
-20.4004
-20.422
-20.4436
-20.465
-20.4865
-20.5078
-20.5291
-20.5503
-20.5714
-20.5925
-20.6135
-20.6344
-20.6553
-20.6761
-20.6968
-20.7175
-20.738
-20.7586
-20.779
-20.7994
-20.8197
-20.84
-20.8601
-20.8803
-20.9003
-20.9203
-20.9402
-20.96
-20.9797
-20.9994
-21.0191
-21.0386
-21.0581
-21.0775
-21.0968
-21.1161
-21.1353
-21.1544
-21.1735
-21.1924
-21.2113
-21.2302
-21.2489
-21.2676
-21.2862
-21.3048
-21.3233
-21.3417
-21.36
-21.3783
-21.3964
-21.4145
-21.4326
-21.4505
-21.4684
-21.4863
-21.504
-21.5217
-21.5393
-21.5568
-21.5742
-21.5916
-21.6089
-21.6261
-21.6433
-21.6604
-21.6774
-21.6943
-21.7111
-21.7279
-21.7446
-21.7612
-21.7778
-21.7942
-21.8106
-21.827
-21.8432
-21.8594
-21.8755
-21.8915
-21.9074
-21.9233
-21.9391
-21.9548
-21.9704
-21.986
-22.0015
-22.0169
-22.0322
-22.0474
-22.0626
-22.0777
-22.0927
-22.1076
-22.1225
-22.1373
-22.152
-22.1666
-22.1811
-22.1956
-22.21
-22.2243
-22.2385
-22.2527
-22.2667
-22.2807
-22.2946
-22.3085
-22.3222
-22.3359
-22.3495
-22.363
-22.3764
-22.3898
-22.403
-22.4162
-22.4293
-22.4424
-22.4553
-22.4682
-22.481
-22.4937
-22.5063
-22.5188
-22.5313
-22.5437
-22.556
-22.5682
-22.5803
-22.5924
-22.6044
-22.6163
-22.6281
-22.6398
-22.6514
-22.663
-22.6745
-22.6859
-22.6972
-22.7084
-22.7196
-22.7307
-22.7416
-22.7525
-22.7634
-22.7741
-22.7847
-22.7953
-22.8058
-22.8162
-22.8265
-22.8367
-22.8469
-22.857
-22.8669
-22.8768
-22.8867
-22.8964
-22.906
-22.9156
-22.9251
-22.9345
-22.9438
-22.953
-22.9621
-22.9712
-22.9801
-22.989
-22.9978
-23.0065
-23.0152
-23.0237
-23.0322
-23.0405
-23.0488
-23.057
-23.0651
-23.0732
-23.0811
-23.089
-23.0967
-23.1044
-23.112
-23.1195
-23.1269
-23.1343
-23.1415
-23.1487
-23.1558
-23.1628
-23.1697
-23.1765
-23.1832
-23.1899
-23.1964
-23.2029
-23.2093
-23.2156
-23.2218
-23.2279
-23.2339
-23.2399
-23.2458
-23.2515
-23.2572
-23.2628
-23.2683
-23.2737
-23.2791
-23.2843
-23.2895
-23.2946
-23.2995
-23.3044
-23.3092
-23.314
-23.3186
-23.3231
-23.3276
-23.3319
-23.3362
-23.3404
-23.3445
-23.3485
-23.3524
-23.3563
-23.36
-23.3637
-23.3673
-23.3707
-23.3741
-23.3774
-23.3806
-23.3838
-23.3868
-23.3897
-23.3926
-23.3954
-23.398
-23.4006
-23.4031
-23.4055
-23.4079
-23.4101
-23.4122
-23.4143
-23.4163
-23.4181
-23.4199
-23.4216
-23.4232
-23.4247
-23.4262
-23.4275
-23.4288
-23.4299
-23.431
-23.432
-23.4329
-23.4337
-23.4344
-23.435
-23.4355
-23.436
-23.4363
-23.4366
-23.4367
-23.4368
-23.4368
-23.4367
-23.4365
-23.4362
-23.4359
-23.4354
-23.4349
-23.4342
-23.4335
-23.4327
-23.4318
-23.4308
-23.4297
-23.4285
-23.4272
-23.4259
-23.4244
-23.4229
-23.4213
-23.4195
-23.4177
-23.4158
-23.4138
-23.4118
-23.4096
-23.4073
-23.405
-23.4025
-23.4
-23.3974
-23.3947
-23.3919
-23.389
-23.386
-23.3829
-23.3798
-23.3765
-23.3732
-23.3698
-23.3662
-23.3626
-23.3589
-23.3551
-23.3513
-23.3473
-23.3432
-23.3391
-23.3348
-23.3305
-23.3261
-23.3216
-23.317
-23.3123
-23.3075
-23.3026
-23.2977
-23.2926
-23.2875
-23.2823
-23.277
-23.2715
-23.266
-23.2605
-23.2548
-23.249
-23.2432
-23.2372
-23.2312
-23.2251
-23.2189
-23.2126
-23.2062
-23.1997
-23.1931
-23.1864
-23.1797
-23.1729
-23.1659
-23.1589
-23.1518
-23.1446
-23.1373
-23.13
-23.1225
-23.115
-23.1073
-23.0996
-23.0918
-23.0839
-23.0759
-23.0678
-23.0596
-23.0514
-23.043
-23.0346
-23.0261
-23.0175
-23.0088
-23
-22.9911
-22.9821
-22.9731
-22.9639
-22.9547
-22.9454
-22.936
-22.9265
-22.9169
-22.9072
-22.8975
-22.8876
-22.8777
-22.8677
-22.8576
-22.8474
-22.8371
-22.8267
-22.8163
-22.8057
-22.7951
-22.7844
-22.7736
-22.7627
-22.7517
-22.7407
-22.7295
-22.7183
-22.707
-22.6956
-22.6841
-22.6725
-22.6608
-22.6491
-22.6372
-22.6253
-22.6133
-22.6012
-22.589
-22.5767
-22.5644
-22.5519
-22.5394
-22.5268
-22.5141
-22.5013
-22.4885
-22.4755
-22.4625
-22.4493
-22.4361
-22.4228
-22.4095
-22.396
-22.3825
-22.3688
-22.3551
-22.3413
-22.3274
-22.3135
-22.2994
-22.2853
-22.2711
-22.2568
-22.2424
-22.2279
-22.2134
-22.1987
-22.184
-22.1692
-22.1543
-22.1393
-22.1243
-22.1092
-22.0939
-22.0786
-22.0633
-22.0478
-22.0322
-22.0166
-22.0009
-21.9851
-21.9692
-21.9533
-21.9372
-21.9211
-21.9049
-21.8886
-21.8723
-21.8558
-21.8393
-21.8227
-21.806
-21.7892
-21.7724
-21.7554
-21.7384
-21.7213
-21.7041
-21.6869
-21.6696
-21.6521
-21.6346
-21.6171
-21.5994
-21.5817
-21.5639
-21.546
-21.528
-21.51
-21.4918
-21.4736
-21.4553
-21.437
-21.4185
-21.4
-21.3814
-21.3627
-21.344
-21.3251
-21.3062
-21.2872
-21.2682
-21.249
-21.2298
-21.2105
-21.1911
-21.1717
-21.1521
-21.1325
-21.1128
-21.0931
-21.0732
-21.0533
-21.0333
-21.0133
-20.9931
-20.9729
-20.9526
-20.9322
-20.9118
-20.8913
-20.8707
-20.85
-20.8293
-20.8084
-20.7875
-20.7666
-20.7455
-20.7244
-20.7032
-20.682
-20.6606
-20.6392
-20.6177
-20.5961
-20.5745
-20.5528
-20.531
-20.5092
-20.4872
-20.4652
-20.4432
-20.421
-20.3988
-20.3765
-20.3542
-20.3317
-20.3092
-20.2866
-20.264
-20.2413
-20.2185
-20.1956
-20.1727
-20.1497
-20.1266
-20.1035
-20.0802
-20.0569
-20.0336
-20.0102
-19.9867
-19.9631
-19.9395
-19.9158
-19.892
-19.8681
-19.8442
-19.8202
-19.7962
-19.7721
-19.7479
-19.7236
-19.6993
-19.6749
-19.6504
-19.6259
-19.6013
-19.5767
-19.5519
-19.5271
-19.5023
-19.4773
-19.4523
-19.4273
-19.4021
-19.3769
-19.3517
-19.3263
-19.3009
-19.2755
-19.25
-19.2244
-19.1987
-19.173
-19.1472
-19.1213
-19.0954
-19.0694
-19.0434
-19.0173
-18.9911
-18.9649
-18.9385
-18.9122
-18.8857
-18.8593
-18.8327
-18.8061
-18.7794
-18.7526
-18.7258
-18.699
-18.672
-18.645
-18.618
-18.5908
-18.5637
-18.5364
-18.5091
-18.4817
-18.4543
-18.4268
-18.3993
-18.3717
-18.344
-18.3163
-18.2885
-18.2606
-18.2327
-18.2047
-18.1767
-18.1486
-18.1205
-18.0922
-18.064
-18.0356
-18.0073
-17.9788
-17.9503
-17.9217
-17.8931
-17.8645
-17.8357
-17.8069
-17.7781
-17.7492
-17.7202
-17.6912
-17.6621
-17.633
-17.6038
-17.5745
-17.5452
-17.5158
-17.4864
-17.457
-17.4274
-17.3978
-17.3682
-17.3385
-17.3088
-17.279
-17.2491
-17.2192
-17.1892
-17.1592
-17.1291
-17.099
-17.0688
-17.0386
-17.0083
-16.9779
-16.9475
-16.9171
-16.8866
-16.856
-16.8254
-16.7947
-16.764
-16.7333
-16.7024
-16.6716
-16.6406
-16.6097
-16.5786
-16.5476
-16.5164
-16.4853
-16.454
-16.4228
-16.3914
-16.3601
-16.3286
-16.2971
-16.2656
-16.234
-16.2024
-16.1707
-16.139
-16.1072
-16.0754
-16.0435
-16.0116
-15.9796
-15.9476
-15.9156
-15.8834
-15.8513
-15.8191
-15.7868
-15.7545
-15.7222
-15.6898
-15.6573
-15.6248
-15.5923
-15.5597
-15.5271
-15.4944
-15.4617
-15.4289
-15.3961
-15.3632
-15.3303
-15.2974
-15.2644
-15.2314
-15.1983
-15.1651
-15.132
-15.0988
-15.0655
-15.0322
-14.9988
-14.9654
-14.932
-14.8985
-14.865
-14.8315
-14.7978
-14.7642
-14.7305
-14.6968
-14.663
-14.6292
-14.5953
-14.5614
-14.5275
-14.4935
-14.4595
-14.4254
-14.3913
-14.3571
-14.3229
-14.2887
-14.2544
-14.2201
-14.1858
-14.1514
-14.117
-14.0825
-14.048
-14.0134
-13.9788
-13.9442
-13.9096
-13.8749
-13.8401
-13.8053
-13.7705
-13.7357
-13.7008
-13.6658
-13.6309
-13.5958
-13.5608
-13.5257
-13.4906
-13.4554
-13.4203
-13.385
-13.3498
-13.3145
-13.2791
-13.2437
-13.2083
-13.1729
-13.1374
-13.1019
-13.0663
-13.0308
-12.9951
-12.9595
-12.9238
-12.8881
-12.8523
-12.8165
-12.7807
-12.7448
-12.7089
-12.673
-12.637
-12.601
-12.565
-12.529
-12.4929
-12.4567
-12.4206
-12.3844
-12.3482
-12.3119
-12.2756
-12.2393
-12.2029
-12.1666
-12.1301
-12.0937
-12.0572
-12.0207
-11.9842
-11.9476
-11.911
-11.8744
-11.8377
-11.801
-11.7643
-11.7275
-11.6908
-11.654
-11.6171
-11.5802
-11.5433
-11.5064
-11.4695
-11.4325
-11.3955
-11.3584
-11.3214
-11.2843
-11.2471
-11.21
-11.1728
-11.1356
-11.0984
-11.0611
-11.0238
-10.9865
-10.9491
-10.9118
-10.8744
-10.8369
-10.7995
-10.762
-10.7245
-10.687
-10.6494
-10.6119
-10.5743
-10.5366
-10.499
-10.4613
-10.4236
-10.3859
-10.3481
-10.3103
-10.2725
-10.2347
-10.1968
-10.159
-10.1211
-10.0831
-10.0452
-10.0072
-9.96922
-9.93121
-9.89317
-9.8551
-9.81702
-9.77891
-9.74078
-9.70262
-9.66445
-9.62625
-9.58803
-9.54979
-9.51153
-9.47324
-9.43494
-9.39661
-9.35826
-9.31989
-9.2815
-9.24309
-9.20466
-9.16621
-9.12773
-9.08924
-9.05073
-9.0122
-8.97364
-8.93507
-8.89648
-8.85787
-8.81923
-8.78058
-8.74192
-8.70323
-8.66452
-8.62579
-8.58705
-8.54829
-8.50951
-8.47071
-8.43189
-8.39305
-8.3542
-8.31533
-8.27644
-8.23754
-8.19861
-8.15967
-8.12072
-8.08174
-8.04275
-8.00374
-7.96472
-7.92568
-7.88662
-7.84755
-7.80846
-7.76935
-7.73023
-7.69109
-7.65194
-7.61277
-7.57359
-7.53439
-7.49518
-7.45595
-7.41671
-7.37745
-7.33818
-7.29889
-7.25959
-7.22027
-7.18095
-7.1416
-7.10224
-7.06287
-7.02349
-6.98409
-6.94468
-6.90525
-6.86582
-6.82636
-6.7869
-6.74742
-6.70793
-6.66843
-6.62892
-6.58939
-6.54985
-6.5103
-6.47074
-6.43116
-6.39158
-6.35198
-6.31237
-6.27275
-6.23311
-6.19347
-6.15382
-6.11415
-6.07447
-6.03479
-5.99509
-5.95538
-5.91566
-5.87593
-5.8362
-5.79645
-5.75669
-5.71692
-5.67714
-5.63735
-5.59756
-5.55775
-5.51794
-5.47811
-5.43828
-5.39843
-5.35858
-5.31872
-5.27885
-5.23898
-5.19909
-5.1592
-5.1193
-5.07939
-5.03947
-4.99955
-4.95961
-4.91967
-4.87972
-4.83977
-4.79981
-4.75984
-4.71986
-4.67988
-4.63989
-4.59989
-4.55989
-4.51988
-4.47986
-4.43984
-4.39981
-4.35978
-4.31973
-4.27969
-4.23964
-4.19958
-4.15952
-4.11945
-4.07937
-4.03929
-3.99921
-3.95912
-3.91903
-3.87893
-3.83883
-3.79872
-3.75861
-3.71849
-3.67837
-3.63824
-3.59812
-3.55798
-3.51785
-3.47771
-3.43756
-3.39741
-3.35726
-3.31711
-3.27695
-3.23679
-3.19663
-3.15646
-3.11629
-3.07612
-3.03595
-2.99577
-2.95559
-2.91541
-2.87523
-2.83504
-2.79485
-2.75466
-2.71447
-2.67428
-2.63408
-2.59389
-2.55369
-2.51349
-2.47329
-2.43309
-2.39289
-2.35269
-2.31248
-2.27228
-2.23208
-2.19187
-2.15167
-2.11146
-2.07125
-2.03105
-1.99084
-1.95064
-1.91043
-1.87022
-1.83002
-1.78981
-1.74961
-1.70941
-1.6692
-1.629
-1.5888
-1.5486
-1.50841
-1.46821
-1.42801
-1.38782
-1.34763
-1.30743
-1.26725
-1.22706
-1.18687
-1.14669
-1.10651
-1.06633
-1.02615
-0.985978
-0.945806
-0.905637
-0.86547
-0.825307
-0.785146
-0.744988
-0.704833
-0.664682
-0.624533
-0.584388
-0.544247
-0.504109
-0.463974
-0.423844
-0.383717
-0.343594
-0.303475
-0.26336
-0.223249
-0.183143
-0.143041
-0.102944
-0.0628505
-0.0227622
0.0173215
0.0574003
0.0974741
0.137543
0.177607
0.217665
0.257719
0.297767
0.337809
0.377846
0.417877
0.457903
0.497923
0.537937
0.577944
0.617946
0.657942
0.697931
0.737914
0.77789
0.81786
0.857824
0.89778
0.93773
0.977673
1.01761
1.05754
1.09746
1.13737
1.17728
1.21718
1.25707
1.29696
1.33683
1.3767
1.41657
1.45642
1.49626
1.5361
1.57593
1.61575
1.65556
1.69537
1.73516
1.77495
1.81473
1.8545
1.89426
1.93401
1.97375
2.01348
2.05321
2.09292
2.13262
2.17232
2.21201
2.25168
2.29135
2.331
2.37065
2.41029
2.44991
2.48953
2.52914
2.56873
2.60832
2.64789
2.68745
2.72701
2.76655
2.80608
2.8456
2.88511
2.92461
2.9641
3.00357
3.04304
3.08249
3.12193
3.16136
3.20078
3.24019
3.27958
3.31896
3.35833
3.39769
3.43704
3.47637
3.51569
3.555
3.5943
3.63358
3.67285
3.71211
3.75135
3.79059
3.8298
3.86901
3.9082
3.94738
3.98655
4.0257
4.06484
4.10396
4.14308
4.18217
4.22126
4.26033
4.29938
4.33842
4.37745
4.41646
4.45546
4.49445
4.53341
4.57237
4.61131
4.65023
4.68915
4.72804
4.76692
4.80579
4.84464
4.88347
4.92229
4.96109
4.99988
5.03865
5.07741
5.11615
5.15488
5.19359
5.23228
5.27096
5.30962
5.34826
5.38689
5.4255
5.46409
5.50267
5.54123
5.57978
5.61831
5.65682
5.69531
5.73379
5.77225
5.81069
5.84911
5.88752
5.92591
5.96428
6.00264
6.04098
6.07929
6.1176
6.15588
6.19414
6.23239
6.27062
6.30883
6.34702
6.38519
6.42335
6.46148
6.4996
6.5377
6.57578
6.61384
6.65188
6.6899
6.7279
6.76588
6.80385
6.84179
6.87972
6.91762
6.95551
6.99337
7.03122
7.06904
7.10685
7.14463
7.1824
7.22014
7.25787
7.29557
7.33325
7.37092
7.40856
7.44618
7.48378
7.52136
7.55891
7.59645
7.63397
7.67146
7.70893
7.74638
7.78381
7.82122
7.85861
7.89597
7.93331
7.97063
8.00793
8.04521
8.08246
8.11969
8.1569
8.19409
8.23125
8.26839
8.30551
8.34261
8.37968
8.41673
8.45376
8.49076
8.52774
8.5647
8.60163
8.63854
8.67543
8.71229
8.74913
8.78595
8.82274
8.85951
8.89625
8.93297
8.96967
9.00634
9.04298
9.0796
9.1162
9.15277
9.18932
9.22584
9.26234
9.29882
9.33526
9.37169
9.40808
9.44446
9.4808
9.51712
9.55342
9.58969
9.62593
9.66215
9.69834
9.73451
9.77065
9.80677
9.84285
9.87891
9.91495
9.95096
9.98694
10.0229
10.0588
10.0947
10.1306
10.1664
10.2023
10.2381
10.2738
10.3096
10.3453
10.381
10.4166
10.4522
10.4878
10.5234
10.559
10.5945
10.63
10.6654
10.7009
10.7363
10.7716
10.807
10.8423
10.8776
10.9128
10.9481
10.9833
11.0184
11.0536
11.0887
11.1238
11.1588
11.1939
11.2289
11.2638
11.2988
11.3337
11.3686
11.4034
11.4382
11.473
11.5078
11.5425
11.5772
11.6118
11.6465
11.6811
11.7156
11.7502
11.7847
11.8192
11.8536
11.888
11.9224
11.9568
11.9911
12.0254
12.0596
12.0939
12.1281
12.1622
12.1964
12.2305
12.2645
12.2985
12.3325
12.3665
12.4005
12.4344
12.4682
12.5021
12.5359
12.5696
12.6034
12.6371
12.6707
12.7044
12.738
12.7716
12.8051
12.8386
12.8721
12.9055
12.9389
12.9723
13.0056
13.0389
13.0722
13.1054
13.1386
13.1717
13.2049
13.2379
13.271
13.304
13.337
13.3699
13.4029
13.4357
13.4686
13.5014
13.5341
13.5669
13.5996
13.6322
13.6649
13.6975
13.73
13.7625
13.795
13.8274
13.8599
13.8922
13.9246
13.9569
13.9891
14.0213
14.0535
14.0857
14.1178
14.1498
14.1819
14.2139
14.2458
14.2778
14.3096
14.3415
14.3733
14.4051
14.4368
14.4685
14.5001
14.5317
14.5633
14.5948
14.6263
14.6578
14.6892
14.7206
14.7519
14.7832
14.8145
14.8457
14.8769
14.908
14.9391
14.9702
15.0012
15.0322
15.0631
15.094
15.1249
15.1557
15.1865
15.2172
15.2479
15.2786
15.3092
15.3398
15.3703
15.4008
15.4312
15.4616
15.492
15.5223
15.5526
15.5828
15.613
15.6432
15.6733
15.7034
15.7334
15.7634
15.7933
15.8232
15.8531
15.8829
15.9127
15.9424
15.9721
16.0017
16.0313
16.0609
16.0904
16.1198
16.1493
16.1786
16.208
16.2373
16.2665
16.2957
16.3249
16.354
16.383
16.4121
16.441
16.47
16.4989
16.5277
16.5565
16.5852
16.6139
16.6426
16.6712
16.6998
16.7283
16.7568
16.7852
16.8136
16.8419
16.8702
16.8985
16.9267
16.9548
16.9829
17.011
17.039
17.0669
17.0949
17.1227
17.1506
17.1783
17.206
17.2337
17.2614
17.2889
17.3165
17.344
17.3714
17.3988
17.4261
17.4534
17.4807
17.5079
17.535
17.5621
17.5891
17.6161
17.6431
17.67
17.6968
17.7236
17.7504
17.7771
17.8037
17.8303
17.8569
17.8834
17.9098
17.9362
17.9626
17.9889
18.0151
18.0413
18.0675
18.0936
18.1196
18.1456
18.1716
18.1974
18.2233
18.2491
18.2748
18.3005
18.3261
18.3517
18.3772
18.4027
18.4281
18.4535
18.4788
18.5041
18.5293
18.5545
18.5796
18.6046
18.6296
18.6546
18.6794
18.7043
18.7291
18.7538
18.7785
18.8031
18.8277
18.8522
18.8767
18.9011
18.9254
18.9497
18.974
18.9982
19.0223
19.0464
19.0704
19.0944
19.1183
19.1421
19.1659
19.1897
19.2134
19.237
19.2606
19.2841
19.3076
19.331
19.3544
19.3777
19.4009
19.4241
19.4472
19.4703
19.4933
19.5163
19.5392
19.562
19.5848
19.6075
19.6302
19.6528
19.6754
19.6979
19.7203
19.7427
19.765
19.7873
19.8095
19.8316
19.8537
19.8758
19.8977
19.9197
19.9415
19.9633
19.9851
20.0067
20.0284
20.0499
20.0714
20.0929
20.1142
20.1356
20.1568
20.178
20.1992
20.2203
20.2413
20.2622
20.2831
20.304
20.3248
20.3455
20.3661
20.3867
20.4073
20.4277
20.4481
20.4685
20.4888
20.509
20.5292
20.5493
20.5693
20.5893
20.6092
20.6291
20.6489
20.6686
20.6883
20.7079
20.7274
20.7469
20.7663
20.7857
20.805
20.8242
20.8434
20.8625
20.8815
20.9005
20.9194
20.9382
20.957
20.9758
20.9944
21.013
21.0315
21.05
21.0684
21.0867
21.105
21.1232
21.1413
21.1594
21.1774
21.1954
21.2133
21.2311
21.2488
21.2665
21.2841
21.3017
21.3192
21.3366
21.3539
21.3712
21.3884
21.4056
21.4227
21.4397
21.4567
21.4736
21.4904
21.5072
21.5238
21.5405
21.557
21.5735
21.5899
21.6063
21.6226
21.6388
21.655
21.671
21.6871
21.703
21.7189
21.7347
21.7505
21.7661
21.7817
21.7973
21.8128
21.8282
21.8435
21.8588
21.874
21.8891
21.9042
21.9192
21.9341
21.9489
21.9637
21.9784
21.9931
22.0077
22.0222
22.0366
22.051
22.0653
22.0795
22.0936
22.1077
22.1218
22.1357
22.1496
22.1634
22.1771
22.1908
22.2044
22.2179
22.2314
22.2447
22.2581
22.2713
22.2845
22.2976
22.3106
22.3235
22.3364
22.3492
22.362
22.3746
22.3872
22.3998
22.4122
22.4246
22.4369
22.4492
22.4613
22.4734
22.4854
22.4974
22.5093
22.5211
22.5328
22.5445
22.556
22.5675
22.579
22.5904
22.6016
22.6129
22.624
22.6351
22.6461
22.657
22.6679
22.6787
22.6894
22.7
22.7106
22.721
22.7315
22.7418
22.7521
22.7622
22.7724
22.7824
22.7924
22.8023
22.8121
22.8218
22.8315
22.8411
22.8506
22.8601
22.8694
22.8787
22.8879
22.8971
22.9062
22.9152
22.9241
22.9329
22.9417
22.9504
22.959
22.9676
22.976
22.9844
22.9927
23.001
23.0092
23.0172
23.0253
23.0332
23.0411
23.0489
23.0566
23.0642
23.0718
23.0792
23.0866
23.094
23.1012
23.1084
23.1155
23.1225
23.1295
23.1364
23.1432
23.1499
23.1565
23.1631
23.1696
23.176
23.1823
23.1886
23.1948
23.2009
23.2069
23.2128
23.2187
23.2245
23.2302
23.2359
23.2414
23.2469
23.2523
23.2577
23.2629
23.2681
23.2732
23.2782
23.2832
23.288
23.2928
23.2975
23.3022
23.3067
23.3112
23.3156
23.3199
23.3242
23.3283
23.3324
23.3364
23.3404
23.3442
23.348
23.3517
23.3553
23.3588
23.3623
23.3657
23.369
23.3722
23.3754
23.3784
23.3814
23.3843
23.3872
23.3899
23.3926
23.3952
23.3977
23.4002
23.4025
23.4048
23.407
23.4091
23.4112
23.4132
23.4151
23.4169
23.4186
23.4203
23.4218
23.4233
23.4247
23.4261
23.4273
23.4285
23.4296
23.4306
23.4316
23.4325
23.4332
23.4339
23.4346
23.4351
23.4356
23.436
23.4363
23.4365
23.4367
23.4368
23.4367
23.4367
23.4365
23.4363
23.4359
23.4355
23.4351
23.4345
23.4339
23.4331
23.4323
23.4315
23.4305
23.4295
23.4284
23.4272
23.4259
23.4245
23.4231
23.4216
23.42
23.4183
23.4166
23.4148
23.4129
23.4109
23.4088
23.4067
23.4044
23.4021
23.3998
23.3973
23.3948
23.3921
23.3894
23.3867
23.3838
23.3809
23.3779
23.3748
23.3716
23.3683
23.365
23.3616
23.3581
23.3545
23.3509
23.3472
23.3433
23.3395
23.3355
23.3315
23.3273
23.3231
23.3189
23.3145
23.3101
23.3055
23.3009
23.2963
23.2915
23.2867
23.2818
23.2768
23.2717
23.2666
23.2613
23.256
23.2507
23.2452
23.2397
23.234
23.2283
23.2226
23.2167
23.2108
23.2048
23.1987
23.1925
23.1863
23.1799
23.1735
23.1671
23.1605
23.1539
23.1471
23.1403
23.1335
23.1265
23.1195
23.1124
23.1052
23.0979
23.0906
23.0832
23.0757
23.0681
23.0605
23.0527
23.0449
23.037
23.0291
23.021
23.0129
23.0047
22.9964
22.9881
22.9797
22.9712
22.9626
22.9539
22.9452
22.9364
22.9275
22.9185
22.9095
22.9004
22.8912
22.8819
22.8725
22.8631
22.8536
22.844
22.8343
22.8246
22.8148
22.8049
22.7949
22.7849
22.7748
22.7646
22.7543
22.744
22.7336
22.7231
22.7125
22.7018
22.6911
22.6803
22.6694
22.6585
22.6474
22.6363
22.6251
22.6139
22.6026
22.5912
22.5797
22.5681
22.5565
22.5448
22.533
22.5211
22.5092
22.4972
22.4851
22.4729
22.4607
22.4484
22.436
22.4236
22.411
22.3984
22.3858
22.373
22.3602
22.3473
22.3343
22.3212
22.3081
22.2949
22.2816
22.2683
22.2549
22.2414
22.2278
22.2142
22.2005
22.1867
22.1728
22.1589
22.1449
22.1308
22.1167
22.1024
22.0881
22.0738
22.0593
22.0448
22.0302
22.0156
22.0008
21.986
21.9711
21.9562
21.9412
21.9261
21.9109
21.8957
21.8804
21.865
21.8495
21.834
21.8184
21.8028
21.787
21.7712
21.7553
21.7394
21.7234
21.7073
21.6911
21.6749
21.6586
21.6422
21.6258
21.6092
21.5927
21.576
21.5593
21.5425
21.5256
21.5087
21.4917
21.4746
21.4575
21.4403
21.423
21.4056
21.3882
21.3707
21.3532
21.3355
21.3178
21.3001
21.2822
21.2643
21.2464
21.2283
21.2102
21.192
21.1738
21.1555
21.1371
21.1187
21.1001
21.0816
21.0629
21.0442
21.0254
21.0066
20.9877
20.9687
20.9496
20.9305
20.9113
20.8921
20.8727
20.8534
20.8339
20.8144
20.7948
20.7752
20.7554
20.7357
20.7158
20.6959
20.6759
20.6559
20.6358
20.6156
20.5954
20.575
20.5547
20.5342
20.5137
20.4932
20.4726
20.4519
20.4311
20.4103
20.3894
20.3685
20.3474
20.3264
20.3052
20.284
20.2628
20.2414
20.22
20.1986
20.1771
20.1555
20.1338
20.1121
20.0903
20.0685
20.0466
20.0247
20.0026
19.9806
19.9584
19.9362
19.9139
19.8916
19.8692
19.8468
19.8242
19.8017
19.779
19.7563
19.7336
19.7108
19.6879
19.6649
19.6419
19.6189
19.5958
19.5726
19.5493
19.526
19.5027
19.4793
19.4558
19.4322
19.4086
19.385
19.3613
19.3375
19.3136
19.2897
19.2658
19.2418
19.2177
19.1936
19.1694
19.1452
19.1209
19.0965
19.0721
19.0476
19.0231
18.9985
18.9738
18.9491
18.9244
18.8995
18.8747
18.8497
18.8247
18.7997
18.7746
18.7494
18.7242
18.699
18.6736
18.6482
18.6228
18.5973
18.5718
18.5462
18.5205
18.4948
18.469
18.4432
18.4173
18.3914
18.3654
18.3393
18.3132
18.2871
18.2609
18.2346
18.2083
18.182
18.1555
18.1291
18.1025
18.076
18.0493
18.0226
17.9959
17.9691
17.9423
17.9154
17.8884
17.8614
17.8344
17.8072
17.7801
17.7529
17.7256
17.6983
17.6709
17.6435
17.6161
17.5885
17.561
17.5333
17.5057
17.478
17.4502
17.4224
17.3945
17.3666
17.3386
17.3106
17.2825
17.2544
17.2262
17.198
17.1697
17.1414
17.113
17.0846
17.0561
17.0276
16.9991
16.9704
16.9418
16.9131
16.8843
16.8555
16.8267
16.7978
16.7688
16.7398
16.7108
16.6817
16.6525
16.6234
16.5941
16.5648
16.5355
16.5061
16.4767
16.4473
16.4178
16.3882
16.3586
16.3289
16.2993
16.2695
16.2397
16.2099
16.18
16.1501
16.1201
16.0901
16.0601
16.03
15.9998
15.9696
15.9394
15.9091
15.8788
15.8484
15.818
15.7876
15.7571
15.7265
15.6959
15.6653
15.6346
15.6039
15.5732
15.5424
15.5115
15.4807
15.4497
15.4188
15.3877
15.3567
15.3256
15.2945
15.2633
15.2321
15.2008
15.1695
15.1382
15.1068
15.0754
15.0439
15.0124
14.9808
14.9492
14.9176
14.8859
14.8542
14.8225
14.7907
14.7589
14.727
14.6951
14.6631
14.6312
14.5991
14.5671
14.535
14.5028
14.4706
14.4384
14.4062
14.3739
14.3415
14.3092
14.2767
14.2443
14.2118
14.1793
14.1467
14.1141
14.0815
14.0488
14.0161
13.9833
13.9506
13.9177
13.8849
13.852
13.8191
13.7861
13.7531
13.72
13.687
13.6539
13.6207
13.5875
13.5543
13.5211
13.4878
13.4544
13.4211
13.3877
13.3543
13.3208
13.2873
13.2538
13.2202
13.1866
13.153
13.1193
13.0856
13.0518
13.0181
12.9843
12.9504
12.9166
12.8827
12.8487
12.8148
12.7808
12.7467
12.7126
12.6785
12.6444
12.6102
12.5761
12.5418
12.5076
12.4733
12.4389
12.4046
12.3702
12.3358
12.3013
12.2668
12.2323
12.1978
12.1632
12.1286
12.094
12.0593
12.0246
11.9899
11.9551
11.9203
11.8855
11.8507
11.8158
11.7809
11.7459
11.711
11.676
11.641
11.6059
11.5708
11.5357
11.5006
11.4654
11.4302
11.395
11.3597
11.3244
11.2891
11.2538
11.2184
11.183
11.1476
11.1122
11.0767
11.0412
11.0057
10.9701
10.9345
10.8989
10.8633
10.8276
10.7919
10.7562
10.7204
10.6847
10.6489
10.613
10.5772
10.5413
10.5054
10.4695
10.4335
10.3976
10.3616
10.3255
10.2895
10.2534
10.2173
10.1812
10.145
10.1088
10.0726
10.0364
10.0002
9.96388
9.92758
9.89126
9.85492
9.81855
9.78215
9.74573
9.70929
9.67283
9.63634
9.59983
9.5633
9.52674
9.49016
9.45356
9.41693
9.38028
9.34362
9.30692
9.27021
9.23347
9.19671
9.15993
9.12313
9.08631
9.04946
9.01259
8.97571
8.9388
8.90186
8.86491
8.82794
8.79094
8.75393
8.71689
8.67984
8.64276
8.60566
8.56855
8.53141
8.49425
8.45707
8.41988
8.38266
8.34542
8.30816
8.27089
8.23359
8.19628
8.15894
8.12159
8.08422
8.04682
8.00941
7.97199
7.93454
7.89707
7.85959
7.82208
7.78456
7.74702
7.70946
7.67189
7.6343
7.59668
7.55906
7.52141
7.48375
7.44606
7.40837
7.37065
7.33292
7.29517
7.2574
7.21962
7.18182
7.144
7.10617
7.06832
7.03045
6.99257
6.95467
6.91675
6.87882
6.84088
6.80291
6.76494
6.72694
6.68893
6.65091
6.61287
6.57481
6.53674
6.49866
6.46056
6.42244
6.38431
6.34617
6.30801
6.26984
6.23165
6.19345
6.15523
6.117
6.07876
6.0405
6.00223
5.96394
5.92564
5.88733
5.849
5.81066
5.77231
5.73394
5.69556
5.65717
5.61876
5.58035
5.54191
5.50347
5.46502
5.42655
5.38807
5.34957
5.31107
5.27255
5.23402
5.19548
5.15692
5.11836
5.07978
5.04119
5.00259
4.96398
4.92536
4.88673
4.84808
4.80943
4.77076
4.73208
4.69339
4.65469
4.61599
4.57726
4.53853
4.49979
4.46104
4.42228
4.38351
4.34473
4.30594
4.26714
4.22833
4.1895
4.15068
4.11184
4.07299
4.03413
3.99526
3.95639
3.9175
3.87861
3.8397
3.80079
3.76187
3.72294
3.684
3.64506
3.6061
3.56714
3.52817
3.48919
3.45021
3.41121
3.37221
3.3332
3.29418
3.25516
3.21612
3.17708
3.13803
3.09898
3.05992
3.02085
2.98177
2.94269
2.9036
2.86451
2.8254
2.78629
2.74718
2.70806
2.66893
2.62979
2.59065
2.55151
2.51235
2.4732
2.43403
2.39486
2.35569
2.31651
2.27732
2.23813
2.19893
2.15973
2.12052
2.08131
2.04209
2.00287
1.96364
1.92441
1.88518
1.84594
1.80669
1.76744
1.72819
1.68893
1.64967
1.61041
1.57114
1.53186
1.49259
1.4533
1.41402
1.37473
1.33544
1.29615
1.25685
1.21755
1.17824
1.13894
1.09963
1.06031
1.021
0.98168
0.942359
0.903036
0.86371
0.824382
0.785052
0.745719
0.706385
0.667048
0.627709
0.588369
0.549027
0.509683
0.470338
0.430991
0.391643
0.352293
0.312942
0.27359
0.234237
0.194883
0.155528
0.116172
0.0768151
0.0374577
-0.00190024
-0.0412587
-0.0806177
-0.119977
-0.159336
-0.198696
-0.238056
-0.277416
-0.316776
-0.356135
-0.395495
-0.434854
-0.474213
-0.513571
-0.552929
-0.592286
-0.631642
-0.670997
-0.710352
-0.749706
-0.789058
-0.82841
-0.86776
-0.907109
-0.946457
-0.985803
-1.02515
-1.06449
-1.10383
-1.14317
-1.18251
-1.22184
-1.26118
-1.30051
-1.33984
-1.37917
-1.41849
-1.45781
-1.49713
-1.53645
-1.57576
-1.61507
-1.65438
-1.69369
-1.73299
-1.77229
-1.81159
-1.85088
-1.89017
-1.92946
-1.96874
-2.00802
-2.04729
-2.08656
-2.12583
-2.1651
-2.20436
-2.24361
-2.28286
-2.32211
-2.36135
-2.40059
-2.43983
-2.47905
-2.51828
-2.5575
-2.59671
-2.63592
-2.67513
-2.71433
-2.75352
-2.79271
-2.8319
-2.87107
-2.91025
-2.94941
-2.98858
-3.02773
-3.06688
-3.10603
-3.14516
-3.1843
-3.22342
-3.26254
-3.30165
-3.34076
-3.37986
-3.41895
-3.45804
-3.49712
-3.53619
-3.57526
-3.61432
-3.65337
-3.69241
-3.73145
-3.77048
-3.8095
-3.84852
-3.88753
-3.92653
-3.96552
-4.0045
-4.04348
-4.08244
-4.1214
-4.16035
-4.1993
-4.23823
-4.27716
-4.31608
-4.35498
-4.39388
-4.43278
-4.47166
-4.51053
-4.5494
-4.58825
-4.6271
-4.66593
-4.70476
-4.74358
-4.78238
-4.82118
-4.85997
-4.89875
-4.93752
-4.97627
-5.01502
-5.05376
-5.09249
-5.1312
-5.16991
-5.20861
-5.24729
-5.28597
-5.32463
-5.36328
-5.40192
-5.44056
-5.47917
-5.51778
-5.55638
-5.59496
-5.63354
-5.6721
-5.71065
-5.74919
-5.78772
-5.82623
-5.86473
-5.90322
-5.9417
-5.98017
-6.01862
-6.05706
-6.09549
-6.1339
-6.17231
-6.21069
-6.24907
-6.28743
-6.32578
-6.36412
-6.40244
-6.44076
-6.47905
-6.51733
-6.5556
-6.59386
-6.6321
-6.67033
-6.70854
-6.74674
-6.78493
-6.8231
-6.86125
-6.89939
-6.93752
-6.97563
-7.01373
-7.05181
-7.08988
-7.12793
-7.16597
-7.20399
-7.242
-7.27999
-7.31796
-7.35592
-7.39387
-7.43179
-7.46971
-7.5076
-7.54548
-7.58335
-7.62119
-7.65902
-7.69684
-7.73463
-7.77242
-7.81018
-7.84793
-7.88566
-7.92337
-7.96107
-7.99874
-8.03641
-8.07405
-8.11168
-8.14928
-8.18687
-8.22445
-8.262
-8.29954
-8.33706
-8.37456
-8.41204
-8.4495
-8.48695
-8.52437
-8.56178
-8.59917
-8.63654
-8.67389
-8.71122
-8.74853
-8.78583
-8.8231
-8.86036
-8.89759
-8.9348
-8.972
-9.00917
-9.04633
-9.08346
-9.12058
-9.15767
-9.19474
-9.2318
-9.26883
-9.30584
-9.34283
-9.3798
-9.41675
-9.45368
-9.49058
-9.52747
-9.56433
-9.60117
-9.63799
-9.67479
-9.71157
-9.74832
-9.78506
-9.82177
-9.85846
-9.89512
-9.93176
-9.96838
-10.005
-10.0416
-10.0781
-10.1146
-10.1511
-10.1876
-10.2241
-10.2605
-10.2969
-10.3333
-10.3697
-10.406
-10.4423
-10.4786
-10.5149
-10.5512
-10.5874
-10.6236
-10.6597
-10.6959
-10.732
-10.7681
-10.8042
-10.8402
-10.8762
-10.9122
-10.9482
-10.9842
-11.0201
-11.056
-11.0918
-11.1277
-11.1635
-11.1993
-11.235
-11.2708
-11.3065
-11.3422
-11.3778
-11.4135
-11.4491
-11.4846
-11.5202
-11.5557
-11.5912
-11.6267
-11.6621
-11.6975
-11.7329
-11.7682
-11.8036
-11.8389
-11.8741
-11.9094
-11.9446
-11.9798
-12.0149
-12.0501
-12.0852
-12.1202
-12.1553
-12.1903
-12.2253
-12.2602
-12.2951
-12.33
-12.3649
-12.3997
-12.4345
-12.4693
-12.504
-12.5387
-12.5734
-12.608
-12.6427
-12.6772
-12.7118
-12.7463
-12.7808
-12.8153
-12.8497
-12.8841
-12.9185
-12.9528
-12.9871
-13.0214
-13.0556
-13.0898
-13.124
-13.1581
-13.1922
-13.2263
-13.2603
-13.2944
-13.3283
-13.3623
-13.3962
-13.4301
-13.4639
-13.4977
-13.5315
-13.5652
-13.5989
-13.6326
-13.6662
-13.6998
-13.7334
-13.7669
-13.8004
-13.8339
-13.8673
-13.9007
-13.934
-13.9674
-14.0006
-14.0339
-14.0671
-14.1003
-14.1334
-14.1665
-14.1996
-14.2326
-14.2656
-14.2986
-14.3315
-14.3644
-14.3972
-14.43
-14.4628
-14.4955
-14.5282
-14.5609
-14.5935
-14.6261
-14.6586
-14.6911
-14.7236
-14.756
-14.7884
-14.8208
-14.8531
-14.8854
-14.9176
-14.9498
-14.9819
-15.0141
-15.0461
-15.0782
-15.1102
-15.1421
-15.174
-15.2059
-15.2378
-15.2695
-15.3013
-15.333
-15.3647
-15.3963
-15.4279
-15.4595
-15.491
-15.5224
-15.5538
-15.5852
-15.6166
-15.6479
-15.6791
-15.7103
-15.7415
-15.7726
-15.8037
-15.8347
-15.8657
-15.8967
-15.9276
-15.9585
-15.9893
-16.0201
-16.0508
-16.0815
-16.1122
-16.1428
-16.1733
-16.2038
-16.2343
-16.2647
-16.2951
-16.3254
-16.3557
-16.386
-16.4162
-16.4463
-16.4764
-16.5065
-16.5365
-16.5665
-16.5964
-16.6263
-16.6561
-16.6859
-16.7156
-16.7453
-16.775
-16.8046
-16.8341
-16.8636
-16.8931
-16.9225
-16.9518
-16.9811
-17.0104
-17.0396
-17.0688
-17.0979
-17.127
-17.156
-17.1849
-17.2139
-17.2427
-17.2715
-17.3003
-17.329
-17.3577
-17.3863
-17.4149
-17.4434
-17.4719
-17.5003
-17.5287
-17.557
-17.5853
-17.6135
-17.6417
-17.6698
-17.6978
-17.7258
-17.7538
-17.7817
-17.8096
-17.8374
-17.8651
-17.8928
-17.9205
-17.9481
-17.9756
-18.0031
-18.0305
-18.0579
-18.0852
-18.1125
-18.1397
-18.1669
-18.194
-18.2211
-18.2481
-18.275
-18.3019
-18.3287
-18.3555
-18.3823
-18.4089
-18.4356
-18.4621
-18.4886
-18.5151
-18.5415
-18.5678
-18.5941
-18.6203
-18.6465
-18.6726
-18.6987
-18.7247
-18.7506
-18.7765
-18.8024
-18.8281
-18.8539
-18.8795
-18.9051
-18.9307
-18.9561
-18.9816
-19.0069
-19.0323
-19.0575
-19.0827
-19.1078
-19.1329
-19.1579
-19.1829
-19.2078
-19.2326
-19.2574
-19.2821
-19.3068
-19.3314
-19.3559
-19.3804
-19.4048
-19.4292
-19.4535
-19.4777
-19.5019
-19.526
-19.5501
-19.574
-19.598
-19.6218
-19.6456
-19.6694
-19.6931
-19.7167
-19.7402
-19.7637
-19.7872
-19.8105
-19.8338
-19.8571
-19.8803
-19.9034
-19.9264
-19.9494
-19.9723
-19.9952
-20.018
-20.0407
-20.0634
-20.086
-20.1085
-20.131
-20.1534
-20.1758
-20.1981
-20.2203
-20.2424
-20.2645
-20.2865
-20.3085
-20.3303
-20.3522
-20.3739
-20.3956
-20.4172
-20.4388
-20.4603
-20.4817
-20.503
-20.5243
-20.5455
-20.5667
-20.5878
-20.6088
-20.6297
-20.6506
-20.6714
-20.6922
-20.7128
-20.7334
-20.754
-20.7745
-20.7949
-20.8152
-20.8354
-20.8556
-20.8758
-20.8958
-20.9158
-20.9357
-20.9555
-20.9753
-20.995
-21.0147
-21.0342
-21.0537
-21.0731
-21.0925
-21.1118
-21.131
-21.1501
-21.1692
-21.1882
-21.2071
-21.2259
-21.2447
-21.2634
-21.2821
-21.3006
-21.3191
-21.3375
-21.3559
-21.3741
-21.3923
-21.4105
-21.4285
-21.4465
-21.4644
-21.4822
-21.5
-21.5177
-21.5353
-21.5528
-21.5703
-21.5877
-21.605
-21.6222
-21.6394
-21.6565
-21.6735
-21.6905
-21.7073
-21.7241
-21.7408
-21.7575
-21.774
-21.7905
-21.8069
-21.8233
-21.8395
-21.8557
-21.8718
-21.8879
-21.9038
-21.9197
-21.9355
-21.9512
-21.9669
-21.9824
-21.9979
-22.0134
-22.0287
-22.044
-22.0591
-22.0742
-22.0893
-22.1042
-22.1191
-22.1339
-22.1486
-22.1632
-22.1778
-22.1923
-22.2067
-22.221
-22.2353
-22.2494
-22.2635
-22.2775
-22.2914
-22.3053
-22.3191
-22.3327
-22.3464
-22.3599
-22.3733
-22.3867
-22.4
-22.4132
-22.4263
-22.4394
-22.4523
-22.4652
-22.478
-22.4908
-22.5034
-22.516
-22.5284
-22.5408
-22.5532
-22.5654
-22.5775
-22.5896
-22.6016
-22.6135
-22.6254
-22.6371
-22.6488
-22.6603
-22.6718
-22.6833
-22.6946
-22.7058
-22.717
-22.7281
-22.7391
-22.75
-22.7608
-22.7716
-22.7823
-22.7929
-22.8034
-22.8138
-22.8241
-22.8344
-22.8445
-22.8546
-22.8646
-22.8745
-22.8844
-22.8941
-22.9038
-22.9134
-22.9229
-22.9323
-22.9416
-22.9508
-22.96
-22.9691
-22.978
-22.9869
-22.9958
-23.0045
-23.0131
-23.0217
-23.0302
-23.0386
-23.0469
-23.0551
-23.0632
-23.0713
-23.0792
-23.0871
-23.0949
-23.1026
-23.1102
-23.1177
-23.1252
-23.1325
-23.1398
-23.147
-23.1541
-23.1611
-23.168
-23.1749
-23.1816
-23.1883
-23.1949
-23.2013
-23.2077
-23.2141
-23.2203
-23.2264
-23.2325
-23.2385
-23.2443
-23.2501
-23.2558
-23.2614
-23.267
-23.2724
-23.2778
-23.283
-23.2882
-23.2933
-23.2983
-23.3032
-23.308
-23.3128
-23.3174
-23.322
-23.3265
-23.3309
-23.3352
-23.3394
-23.3435
-23.3475
-23.3515
-23.3553
-23.3591
-23.3627
-23.3663
-23.3698
-23.3732
-23.3766
-23.3798
-23.3829
-23.386
-23.389
-23.3918
-23.3946
-23.3973
-23.3999
-23.4025
-23.4049
-23.4072
-23.4095
-23.4116
-23.4137
-23.4157
-23.4176
-23.4194
-23.4211
-23.4227
-23.4243
-23.4257
-23.4271
-23.4284
-23.4295
-23.4306
-23.4316
-23.4325
-23.4334
-23.4341
-23.4347
-23.4353
-23.4357
-23.4361
-23.4364
-23.4366
-23.4367
-23.4367
-23.4366
-23.4364
-23.4362
-23.4358
-23.4354
-23.4349
-23.4342
-23.4335
-23.4327
-23.4319
-23.4309
-23.4298
-23.4286
-23.4274
-23.4261
-23.4246
-23.4231
-23.4215
-23.4198
-23.418
-23.4161
-23.4142
-23.4121
-23.41
-23.4077
-23.4054
-23.403
-23.4005
-23.3979
-23.3952
-23.3924
-23.3895
-23.3866
-23.3835
-23.3804
-23.3771
-23.3738
-23.3704
-23.3669
-23.3633
-23.3596
-23.3559
-23.352
-23.3481
-23.344
-23.3399
-23.3357
-23.3314
-23.327
-23.3225
-23.3179
-23.3132
-23.3085
-23.3036
-23.2987
-23.2936
-23.2885
-23.2833
-23.278
-23.2726
-23.2672
-23.2616
-23.2559
-23.2502
-23.2444
-23.2384
-23.2324
-23.2263
-23.2201
-23.2138
-23.2075
-23.201
-23.1945
-23.1878
-23.1811
-23.1743
-23.1674
-23.1604
-23.1533
-23.1461
-23.1388
-23.1315
-23.1241
-23.1165
-23.1089
-23.1012
-23.0934
-23.0855
-23.0775
-23.0695
-23.0613
-23.0531
-23.0448
-23.0363
-23.0278
-23.0193
-23.0106
-23.0018
-22.9929
-22.984
-22.975
-22.9658
-22.9566
-22.9473
-22.938
-22.9285
-22.9189
-22.9093
-22.8995
-22.8897
-22.8798
-22.8698
-22.8597
-22.8495
-22.8393
-22.8289
-22.8185
-22.808
-22.7974
-22.7867
-22.7759
-22.765
-22.7541
-22.743
-22.7319
-22.7207
-22.7094
-22.698
-22.6865
-22.6749
-22.6633
-22.6516
-22.6397
-22.6278
-22.6158
-22.6038
-22.5916
-22.5793
-22.567
-22.5546
-22.5421
-22.5295
-22.5168
-22.5041
-22.4912
-22.4783
-22.4653
-22.4522
-22.439
-22.4257
-22.4123
-22.3989
-22.3854
-22.3718
-22.3581
-22.3443
-22.3304
-22.3165
-22.3024
-22.2883
-22.2741
-22.2598
-22.2455
-22.231
-22.2165
-22.2019
-22.1872
-22.1724
-22.1575
-22.1426
-22.1275
-22.1124
-22.0972
-22.0819
-22.0666
-22.0511
-22.0356
-22.02
-22.0043
-21.9885
-21.9727
-21.9567
-21.9407
-21.9246
-21.9084
-21.8921
-21.8758
-21.8594
-21.8428
-21.8263
-21.8096
-21.7928
-21.776
-21.7591
-21.7421
-21.725
-21.7079
-21.6906
-21.6733
-21.6559
-21.6384
-21.6209
-21.6032
-21.5855
-21.5677
-21.5499
-21.5319
-21.5139
-21.4958
-21.4776
-21.4593
-21.441
-21.4225
-21.404
-21.3854
-21.3668
-21.348
-21.3292
-21.3103
-21.2914
-21.2723
-21.2532
-21.234
-21.2147
-21.1953
-21.1759
-21.1564
-21.1368
-21.1171
-21.0974
-21.0775
-21.0576
-21.0377
-21.0176
-20.9975
-20.9773
-20.957
-20.9367
-20.9162
-20.8957
-20.8752
-20.8545
-20.8338
-20.813
-20.7921
-20.7711
-20.7501
-20.729
-20.7078
-20.6866
-20.6653
-20.6439
-20.6224
-20.6008
-20.5792
-20.5575
-20.5358
-20.5139
-20.492
-20.47
-20.448
-20.4258
-20.4036
-20.3814
-20.359
-20.3366
-20.3141
-20.2915
-20.2689
-20.2462
-20.2234
-20.2006
-20.1777
-20.1547
-20.1316
-20.1085
-20.0853
-20.062
-20.0387
-20.0153
-19.9918
-19.9682
-19.9446
-19.9209
-19.8972
-19.8733
-19.8494
-19.8255
-19.8014
-19.7773
-19.7532
-19.7289
-19.7046
-19.6802
-19.6558
-19.6313
-19.6067
-19.582
-19.5573
-19.5325
-19.5077
-19.4828
-19.4578
-19.4327
-19.4076
-19.3824
-19.3572
-19.3319
-19.3065
-19.281
-19.2555
-19.2299
-19.2043
-19.1786
-19.1528
-19.127
-19.1011
-19.0751
-19.0491
-19.023
-18.9968
-18.9706
-18.9443
-18.9179
-18.8915
-18.865
-18.8385
-18.8119
-18.7852
-18.7585
-18.7317
-18.7048
-18.6779
-18.6509
-18.6239
-18.5968
-18.5696
-18.5424
-18.5151
-18.4877
-18.4603
-18.4328
-18.4053
-18.3777
-18.35
-18.3223
-18.2945
-18.2667
-18.2388
-18.2108
-18.1828
-18.1547
-18.1266
-18.0984
-18.0701
-18.0418
-18.0134
-17.985
-17.9565
-17.928
-17.8994
-17.8707
-17.842
-17.8132
-17.7844
-17.7555
-17.7265
-17.6975
-17.6684
-17.6393
-17.6101
-17.5809
-17.5516
-17.5222
-17.4928
-17.4634
-17.4339
-17.4043
-17.3747
-17.345
-17.3152
-17.2854
-17.2556
-17.2257
-17.1957
-17.1657
-17.1357
-17.1055
-17.0754
-17.0451
-17.0149
-16.9845
-16.9541
-16.9237
-16.8932
-16.8627
-16.8321
-16.8014
-16.7707
-16.7399
-16.7091
-16.6783
-16.6474
-16.6164
-16.5854
-16.5543
-16.5232
-16.492
-16.4608
-16.4296
-16.3982
-16.3669
-16.3355
-16.304
-16.2725
-16.2409
-16.2093
-16.1776
-16.1459
-16.1141
-16.0823
-16.0505
-16.0185
-15.9866
-15.9546
-15.9225
-15.8904
-15.8583
-15.8261
-15.7938
-15.7615
-15.7292
-15.6968
-15.6644
-15.6319
-15.5994
-15.5668
-15.5342
-15.5015
-15.4688
-15.436
-15.4032
-15.3704
-15.3375
-15.3045
-15.2715
-15.2385
-15.2054
-15.1723
-15.1392
-15.106
-15.0727
-15.0394
-15.0061
-14.9727
-14.9393
-14.9058
-14.8723
-14.8387
-14.8051
-14.7715
-14.7378
-14.7041
-14.6703
-14.6365
-14.6027
-14.5688
-14.5348
-14.5008
-14.4668
-14.4328
-14.3987
-14.3645
-14.3303
-14.2961
-14.2619
-14.2276
-14.1932
-14.1588
-14.1244
-14.09
-14.0555
-14.0209
-13.9863
-13.9517
-13.9171
-13.8824
-13.8476
-13.8129
-13.778
-13.7432
-13.7083
-13.6734
-13.6384
-13.6034
-13.5684
-13.5333
-13.4982
-13.463
-13.4279
-13.3926
-13.3574
-13.3221
-13.2868
-13.2514
-13.216
-13.1805
-13.1451
-13.1096
-13.074
-13.0384
-13.0028
-12.9672
-12.9315
-12.8958
-12.86
-12.8242
-12.7884
-12.7526
-12.7167
-12.6808
-12.6448
-12.6088
-12.5728
-12.5367
-12.5006
-12.4645
-12.4284
-12.3922
-12.356
-12.3197
-12.2834
-12.2471
-12.2108
-12.1744
-12.138
-12.1015
-12.0651
-12.0286
-11.992
-11.9555
-11.9189
-11.8823
-11.8456
-11.8089
-11.7722
-11.7355
-11.6987
-11.6619
-11.625
-11.5882
-11.5513
-11.5144
-11.4774
-11.4404
-11.4034
-11.3664
-11.3293
-11.2922
-11.2551
-11.218
-11.1808
-11.1436
-11.1064
-11.0691
-11.0318
-10.9945
-10.9572
-10.9198
-10.8824
-10.845
-10.8075
-10.7701
-10.7326
-10.6951
-10.6575
-10.6199
-10.5823
-10.5447
-10.5071
-10.4694
-10.4317
-10.394
-10.3562
-10.3184
-10.2806
-10.2428
-10.205
-10.1671
-10.1292
-10.0913
-10.0533
-10.0154
-9.97737
-9.93936
-9.90132
-9.86326
-9.82518
-9.78708
-9.74895
-9.7108
-9.67263
-9.63444
-9.59622
-9.55798
-9.51972
-9.48144
-9.44314
-9.40482
-9.36647
-9.32811
-9.28972
-9.25131
-9.21288
