-32.2227
-32.1204
-32.0182
-31.916
-31.8138
-31.7117
-31.6097
-31.5076
-31.4057
-31.3037
-31.2018
-31.1
-30.9982
-30.8964
-30.7947
-30.6931
-30.5914
-30.4898
-30.3883
-30.2868
-30.1854
-30.0839
-29.9826
-29.8813
-29.78
-29.6787
-29.5775
-29.4764
-29.3753
-29.2742
-29.1732
-29.0722
-28.9713
-28.8704
-28.7695
-28.6687
-28.5679
-28.4672
-28.3665
-28.2659
-28.1653
-28.0647
-27.9642
-27.8637
-27.7633
-27.6629
-27.5626
-27.4623
-27.362
-27.2618
-27.1616
-27.0614
-26.9613
-26.8613
-26.7612
-26.6613
-26.5613
-26.4614
-26.3616
-26.2617
-26.162
-26.0622
-25.9625
-25.8629
-25.7633
-25.6637
-25.5642
-25.4647
-25.3652
-25.2658
-25.1664
-25.0671
-24.9678
-24.8685
-24.7693
-24.6701
-24.571
-24.4719
-24.3728
-24.2738
-24.1748
-24.0759
-23.9769
-23.8781
-23.7792
-23.6804
-23.5817
-23.483
-23.3843
-23.2857
-23.1871
-23.0885
-22.99
-22.8915
-22.793
-22.6946
-22.5962
-22.4979
-22.3996
-22.3013
-22.2031
-22.1049
-22.0068
-21.9086
-21.8106
-21.7125
-21.6145
-21.5165
-21.4186
-21.3207
-21.2228
-21.125
-21.0272
-20.9295
-20.8318
-20.7341
-20.6364
-20.5388
-20.4412
-20.3437
-20.2462
-20.1487
-20.0513
-19.9539
-19.8565
-19.7592
-19.6619
-19.5646
-19.4674
-19.3702
-19.273
-19.1759
-19.0788
-18.9818
-18.8847
-18.7877
-18.6908
-18.5939
-18.497
-18.4001
-18.3033
-18.2065
-18.1097
-18.013
-17.9163
-17.8197
-17.723
-17.6264
-17.5299
-17.4334
-17.3369
-17.2404
-17.144
-17.0476
-16.9512
-16.8549
-16.7585
-16.6623
-16.566
-16.4698
-16.3736
-16.2775
-16.1814
-16.0853
-15.9892
-15.8932
-15.7972
-15.7012
-15.6053
-15.5094
-15.4135
-15.3177
-15.2219
-15.1261
-15.0303
-14.9346
-14.8389
-14.7432
-14.6476
-14.552
-14.4564
-14.3608
-14.2653
-14.1698
-14.0744
-13.9789
-13.8835
-13.7881
-13.6928
-13.5975
-13.5022
-13.4069
-13.3117
-13.2164
-13.1213
-13.0261
-12.931
-12.8359
-12.7408
-12.6457
-12.5507
-12.4557
-12.3608
-12.2658
-12.1709
-12.076
-11.9812
-11.8863
-11.7915
-11.6967
-11.602
-11.5072
-11.4125
-11.3178
-11.2232
-11.1285
-11.0339
-10.9394
-10.8448
-10.7503
-10.6558
-10.5613
-10.4668
-10.3724
-10.278
-10.1836
-10.0892
-9.99487
-9.90056
-9.80626
-9.712
-9.61775
-9.52353
-9.42933
-9.33515
-9.241
-9.14687
-9.05276
-8.95868
-8.86462
-8.77058
-8.67656
-8.58256
-8.48859
-8.39464
-8.30071
-8.2068
-8.11291
-8.01904
-7.9252
-7.83138
-7.73757
-7.64379
-7.55003
-7.45629
-7.36257
-7.26888
-7.1752
-7.08154
-6.9879
-6.89428
-6.80069
-6.70711
-6.61355
-6.52001
-6.42649
-6.33299
-6.23951
-6.14605
-6.0526
-5.95918
-5.86577
-5.77239
-5.67902
-5.58567
-5.49233
-5.39902
-5.30572
-5.21245
-5.11919
-5.02594
-4.93272
-4.83951
-4.74632
-4.65315
-4.55999
-4.46685
-4.37373
-4.28062
-4.18754
-4.09446
-4.00141
-3.90837
-3.81534
-3.72233
-3.62934
-3.53637
-3.4434
-3.35046
-3.25753
-3.16461
-3.07171
-2.97883
-2.88596
-2.79311
-2.70027
-2.60744
-2.51463
-2.42183
-2.32905
-2.23628
-2.14353
-2.05078
-1.95806
-1.86534
-1.77264
-1.67996
-1.58728
-1.49462
-1.40198
-1.30934
-1.21672
-1.12411
-1.03151
-0.938928
-0.846356
-0.753796
-0.661248
-0.568712
-0.476187
-0.383674
-0.291173
-0.198683
-0.106205
-0.0137375
0.0787188
0.171164
0.263599
0.356023
0.448436
0.540839
0.633231
0.725614
0.817986
0.910348
1.0027
1.09504
1.18738
1.2797
1.37201
1.46432
1.55662
1.6489
1.74118
1.83345
1.92571
2.01796
2.11021
2.20244
2.29467
2.38689
2.4791
2.57131
2.6635
2.75569
2.84787
2.94005
3.03221
3.12437
3.21653
3.30867
3.40081
3.49294
3.58507
3.67719
3.7693
3.86141
3.95351
4.04561
4.1377
4.22979
4.32187
4.41394
4.50601
4.59807
4.69013
4.78218
4.87423
4.96628
5.05832
5.15035
5.24238
5.33441
5.42643
5.51845
5.61047
5.70248
5.79449
5.88649
5.9785
6.0705
6.16249
6.25448
6.34647
6.43846
6.53044
6.62243
6.71441
6.80638
6.89836
6.99033
7.08231
7.17428
7.26624
7.35821
7.45018
7.54214
7.6341
7.72607
7.81803
7.90999
8.00195
8.09391
8.18587
8.27783
8.36979
8.46175
8.5537
8.64566
8.73762
8.82958
8.92154
9.01351
9.10547
9.19743
9.2894
9.38136
9.47333
9.5653
9.65726
9.74924
9.84121
9.93318
10.0252
10.1171
10.2091
10.3011
10.3931
10.4851
10.5771
10.6691
10.7611
10.8531
10.9451
11.0371
11.1291
11.2211
11.3131
11.4051
11.4972
11.5892
11.6812
11.7733
11.8653
11.9574
12.0494
12.1415
12.2335
12.3256
12.4177
12.5097
12.6018
12.6939
12.786
12.8781
12.9702
13.0623
13.1544
13.2466
13.3387
13.4308
13.523
13.6151
13.7073
13.7994
13.8916
13.9838
14.076
14.1682
14.2604
14.3526
14.4448
14.537
14.6292
14.7215
14.8137
14.906
14.9982
15.0905
15.1828
15.2751
15.3674
15.4597
15.552
15.6443
15.7367
15.829
15.9213
16.0137
16.1061
16.1985
16.2909
16.3833
16.4757
16.5681
16.6605
16.753
16.8454
16.9379
17.0304
17.1229
17.2154
17.3079
17.4004
17.4929
17.5855
17.678
17.7706
17.8632
17.9558
18.0484
18.141
18.2336
18.3263
18.4189
18.5116
18.6043
18.697
18.7897
18.8824
18.9751
19.0679
19.1606
19.2534
19.3462
19.439
19.5318
19.6246
19.7175
19.8103
19.9032
19.9961
20.089
20.1819
20.2748
20.3678
20.4608
20.5537
20.6467
20.7397
20.8328
20.9258
21.0188
21.1119
21.205
21.2981
21.3912
21.4844
21.5775
21.6707
21.7639
21.8571
21.9503
22.0435
22.1368
22.23
22.3233
22.4166
22.5099
22.6033
22.6966
22.79
22.8834
22.9768
23.0702
23.1637
23.2571
23.3506
23.4441
23.5376
23.6312
23.7247
23.8183
23.9119
24.0055
24.0992
24.1928
24.2865
24.3802
24.4739
24.5676
24.6614
24.7551
24.8489
24.9427
25.0366
25.1304
25.2243
25.3182
25.4121
25.506
25.6
25.694
25.788
25.882
25.976
26.0701
26.1642
26.2583
26.3524
26.4466
26.5407
26.6349
26.7291
26.8234
26.9176
27.0119
27.1062
27.2005
27.2949
27.3893
27.4836
27.5781
27.6725
27.767
27.8615
27.956
28.0505
28.1451
28.2396
28.3342
28.4289
28.5235
28.6182
28.7129
28.8076
28.9024
28.9971
29.0919
29.1868
29.2816
29.3765
29.4714
29.5663
29.6612
29.7562
29.8512
29.9462
30.0413
30.1363
30.2314
30.3266
30.4217
30.5169
30.6121
30.7073
30.8026
30.8978
30.9932
31.0885
31.1838
31.2792
31.3746
31.4701
31.5655
31.661
31.7566
31.8521
31.9477
32.0433
32.1389
32.2346
32.3302
32.426
32.5217
32.6175
32.7132
32.8091
32.9049
33.0008
33.0967
33.1926
33.2886
33.3846
33.4806
33.5767
33.6727
33.7688
33.865
33.9611
34.0573
34.1535
34.2498
34.3461
34.4424
34.5387
34.6351
34.7315
34.8279
34.9244
35.0208
35.1174
35.2139
35.3105
35.4071
35.5037
35.6004
35.6971
35.7938
35.8906
35.9874
36.0842
36.181
36.2779
36.3748
36.4717
36.5687
36.6657
36.7628
36.8598
36.9569
37.054
37.1512
37.2484
37.3456
37.4429
37.5401
37.6375
37.7348
37.8322
37.9296
38.027
38.1245
38.222
38.3196
38.4171
38.5147
38.6124
38.71
38.8077
38.9055
39.0032
39.101
39.1989
39.2967
39.3946
39.4926
39.5905
39.6885
39.7866
39.8846
39.9827
40.0808
40.179
40.2772
40.3754
40.4737
40.572
40.6703
40.7687
40.8671
40.9655
41.064
41.1625
41.261
41.3596
41.4582
41.5568
41.6555
41.7542
41.8529
41.9517
42.0505
42.1493
42.2482
42.3471
42.446
42.545
42.644
42.7431
42.8422
42.9413
43.0404
43.1396
43.2388
43.3381
43.4374
43.5367
43.6361
43.7354
43.8349
43.9343
44.0338
44.1334
44.233
44.3326
44.4322
44.5319
44.6316
44.7313
44.8311
44.9309
45.0308
45.1307
45.2306
45.3306
45.4306
45.5306
45.6307
45.7308
45.8309
45.9311
46.0313
46.1316
46.2319
46.3322
46.4325
46.5329
46.6334
46.7338
46.8343
46.9349
47.0354
47.1361
47.2367
47.3374
47.4381
47.5389
47.6397
47.7405
47.8414
47.9423
48.0432
48.1442
48.2452
48.3462
48.4473
48.5484
48.6496
48.7508
48.852
48.9533
49.0546
49.156
49.2573
49.3587
49.4602
49.5617
49.6632
49.7648
49.8664
49.968
50.0697
50.1714
50.2732
50.3749
50.4768
50.5786
50.6805
50.7824
50.8844
50.9864
51.0885
51.1906
51.2927
51.3948
51.497
51.5992
51.7015
51.8038
51.9062
52.0085
52.1109
52.2134
52.3159
52.4184
52.521
52.6236
52.7262
52.8289
52.9316
53.0343
53.1371
53.2399
53.3428
53.4457
53.5486
53.6516
53.7546
53.8577
53.9607
54.0639
54.167
54.2702
54.3734
54.4767
54.58
54.6833
54.7867
54.8901
54.9936
55.0971
55.2006
55.3041
55.4077
55.5114
55.6151
55.7188
55.8225
55.9263
56.0301
56.134
56.2379
56.3418
56.4457
56.5497
56.6538
56.7579
56.862
56.9661
57.0703
57.1745
57.2788
57.3831
57.4874
57.5918
57.6962
57.8006
57.9051
58.0096
58.1142
58.2187
58.3234
58.428
58.5327
58.6374
58.7422
58.847
58.9518
59.0567
59.1616
59.2666
59.3715
59.4766
59.5816
59.6867
59.7918
59.897
60.0022
60.1074
60.2127
60.318
60.4233
60.5287
60.6341
60.7395
60.845
60.9505
61.0561
61.1617
61.2673
61.3729
61.4786
61.5843
61.6901
61.7959
61.9017
62.0076
62.1135
62.2194
62.3254
62.4314
62.5374
62.6435
62.7496
62.8557
62.9619
63.0681
63.1744
63.2806
63.3869
63.4933
63.5997
63.7061
63.8125
63.919
64.0255
64.132
64.2386
64.3452
64.4519
64.5586
64.6653
64.772
64.8788
64.9856
65.0925
65.1993
65.3062
65.4132
65.5202
65.6272
65.7342
65.8413
65.9484
66.0555
66.1627
66.2699
66.3771
66.4844
66.5917
66.699
66.8064
66.9138
67.0212
67.1286
67.2361
67.3437
67.4512
67.5588
67.6664
67.774
67.8817
67.9894
68.0972
68.2049
68.3127
68.4205
68.5284
68.6363
68.7442
68.8522
68.9601
69.0681
69.1762
69.2843
69.3923
69.5005
69.6086
69.7168
69.825
69.9333
70.0416
70.1499
70.2582
70.3665
70.4749
70.5834
70.6918
70.8003
70.9088
71.0173
71.1259
71.2345
71.3431
71.4517
71.5604
71.6691
71.7778
71.8866
71.9953
72.1042
72.213
72.3219
72.4307
72.5397
72.6486
72.7576
72.8666
72.9756
73.0846
73.1937
73.3028
73.4119
73.5211
73.6303
73.7395
73.8487
73.9579
74.0672
74.1765
74.2859
74.3952
74.5046
74.614
74.7234
74.8329
74.9423
75.0518
75.1614
75.2709
75.3805
75.4901
75.5997
75.7093
75.819
75.9287
76.0384
76.1481
76.2579
76.3677
76.4775
76.5873
76.6972
76.807
76.9169
77.0268
77.1368
77.2467
77.3567
77.4667
77.5767
77.6867
77.7968
77.9069
78.017
78.1271
78.2373
78.3474
78.4576
78.5678
78.678
78.7883
78.8986
79.0088
79.1191
79.2295
79.3398
79.4502
79.5605
79.6709
79.7814
79.8918
80.0022
80.1127
80.2232
80.3337
80.4442
80.5548
80.6653
80.7759
80.8865
80.9971
81.1077
81.2184
81.329
81.4397
81.5504
81.6611
81.7718
81.8826
81.9933
82.1041
82.2149
82.3257
82.4365
82.5473
82.6582
82.7691
82.8799
82.9908
83.1017
83.2126
83.3236
83.4345
83.5455
83.6565
83.7674
83.8784
83.9895
84.1005
84.2115
84.3226
84.4336
84.5447
84.6558
84.7669
84.878
84.9891
85.1002
85.2114
85.3225
85.4337
85.5449
85.6561
85.7673
85.8785
85.9897
86.1009
86.2122
86.3234
86.4347
86.5459
86.6572
86.7685
86.8798
86.9911
87.1024
87.2137
87.3251
87.4364
87.5477
87.6591
87.7704
87.8818
87.9932
88.1046
88.216
88.3274
88.4388
88.5502
88.6616
88.773
88.8844
88.9959
89.1073
89.2187
89.3302
89.4416
89.5531
89.6646
89.776
89.8875
89.999
-89.8895
-89.7781
-89.6666
-89.5551
-89.4436
-89.3321
-89.2206
-89.1091
-88.9976
-88.886
-88.7745
-88.663
-88.5515
-88.44
-88.3284
-88.2169
-88.1054
-87.9939
-87.8823
-87.7708
-87.6593
-87.5477
-87.4362
-87.3247
-87.2131
-87.1016
-86.9901
-86.8785
-86.767
-86.6555
-86.5439
-86.4324
-86.3209
-86.2094
-86.0978
-85.9863
-85.8748
-85.7633
-85.6517
-85.5402
-85.4287
-85.3172
-85.2057
-85.0942
-84.9827
-84.8712
-84.7597
-84.6482
-84.5367
-84.4252
-84.3137
-84.2022
-84.0908
-83.9793
-83.8678
-83.7564
-83.6449
-83.5335
-83.422
-83.3106
-83.1991
-83.0877
-82.9763
-82.8649
-82.7535
-82.6421
-82.5307
-82.4193
-82.3079
-82.1965
-82.0851
-81.9738
-81.8624
-81.7511
-81.6397
-81.5284
-81.4171
-81.3058
-81.1945
-81.0832
-80.9719
-80.8606
-80.7493
-80.6381
-80.5268
-80.4156
-80.3044
-80.1931
-80.0819
-79.9707
-79.8595
-79.7483
-79.6372
-79.526
-79.4149
-79.3037
-79.1926
-79.0815
-78.9704
-78.8593
-78.7482
-78.6372
-78.5261
-78.4151
-78.304
-78.193
-78.082
-77.971
-77.8601
-77.7491
-77.6382
-77.5272
-77.4163
-77.3054
-77.1945
-77.0836
-76.9728
-76.8619
-76.7511
-76.6403
-76.5294
-76.4187
-76.3079
-76.1971
-76.0864
-75.9757
-75.8649
-75.7542
-75.6436
-75.5329
-75.4223
-75.3116
-75.201
-75.0904
-74.9798
-74.8693
-74.7587
-74.6482
-74.5377
-74.4272
-74.3167
-74.2063
-74.0959
-73.9854
-73.875
-73.7647
-73.6543
-73.544
-73.4336
-73.3233
-73.213
-73.1028
-72.9925
-72.8823
-72.7721
-72.6619
-72.5517
-72.4416
-72.3315
-72.2214
-72.1113
-72.0012
-71.8912
-71.7812
-71.6712
-71.5612
-71.4512
-71.3413
-71.2314
-71.1215
-71.0116
-70.9018
-70.792
-70.6822
-70.5724
-70.4626
-70.3529
-70.2432
-70.1335
-70.0238
-69.9142
-69.8046
-69.695
-69.5854
-69.4759
-69.3664
-69.2569
-69.1474
-69.0379
-68.9285
-68.8191
-68.7097
-68.6004
-68.4911
-68.3818
-68.2725
-68.1633
-68.054
-67.9448
-67.8357
-67.7265
-67.6174
-67.5083
-67.3992
-67.2902
-67.1812
-67.0722
-66.9632
-66.8543
-66.7454
-66.6365
-66.5277
-66.4188
-66.31
-66.2013
-66.0925
-65.9838
-65.8751
-65.7664
-65.6578
-65.5492
-65.4406
-65.3321
-65.2236
-65.1151
-65.0066
-64.8982
-64.7898
-64.6814
-64.5731
-64.4647
-64.3564
-64.2482
-64.14
-64.0318
-63.9236
-63.8154
-63.7073
-63.5993
-63.4912
-63.3832
-63.2752
-63.1672
-63.0593
-62.9514
-62.8435
-62.7357
-62.6279
-62.5201
-62.4124
-62.3046
-62.197
-62.0893
-61.9817
-61.8741
-61.7665
-61.659
-61.5515
-61.4441
-61.3366
-61.2292
-61.1219
-61.0145
-60.9072
-60.7999
-60.6927
-60.5855
-60.4783
-60.3712
-60.2641
-60.157
-60.05
-59.943
-59.836
-59.729
-59.6221
-59.5152
-59.4084
-59.3016
-59.1948
-59.0881
-58.9814
-58.8747
-58.768
-58.6614
-58.5549
-58.4483
-58.3418
-58.2353
-58.1289
-58.0225
-57.9161
-57.8098
-57.7035
-57.5972
-57.491
-57.3848
-57.2786
-57.1725
-57.0664
-56.9603
-56.8543
-56.7483
-56.6424
-56.5365
-56.4306
-56.3247
-56.2189
-56.1131
-56.0074
-55.9017
-55.796
-55.6904
-55.5848
-55.4792
-55.3737
-55.2682
-55.1627
-55.0573
-54.9519
-54.8466
-54.7413
-54.636
-54.5307
-54.4255
-54.3204
-54.2152
-54.1101
-54.0051
-53.9001
-53.7951
-53.6901
-53.5852
-53.4803
-53.3755
-53.2707
-53.1659
-53.0612
-52.9565
-52.8518
-52.7472
-52.6426
-52.5381
-52.4336
-52.3291
-52.2247
-52.1203
-52.0159
-51.9116
-51.8073
-51.7031
-51.5988
-51.4947
-51.3905
-51.2864
-51.1824
-51.0783
-50.9744
-50.8704
-50.7665
-50.6626
-50.5588
-50.455
-50.3512
-50.2475
-50.1438
-50.0401
-49.9365
-49.833
-49.7294
-49.6259
-49.5225
-49.419
-49.3157
-49.2123
-49.109
-49.0057
-48.9025
-48.7993
-48.6961
-48.593
-48.4899
-48.3869
-48.2839
-48.1809
-48.078
-47.9751
-47.8722
-47.7694
-47.6666
-47.5639
-47.4612
-47.3585
-47.2559
-47.1533
-47.0508
-46.9483
-46.8458
-46.7434
-46.641
-46.5386
-46.4363
-46.334
-46.2318
-46.1296
-46.0274
-45.9253
-45.8232
-45.7211
-45.6191
-45.5171
-45.4152
-45.3133
-45.2114
-45.1096
-45.0078
-44.9061
-44.8043
-44.7027
-44.601
-44.4994
-44.3979
-44.2964
-44.1949
-44.0934
-43.992
-43.8907
-43.7893
-43.6881
-43.5868
-43.4856
-43.3844
-43.2833
-43.1822
-43.0811
-42.9801
-42.8791
-42.7782
-42.6772
-42.5764
-42.4755
-42.3747
-42.274
-42.1733
-42.0726
-41.9719
-41.8713
-41.7708
-41.6702
-41.5697
-41.4693
-41.3689
-41.2685
-41.1681
-41.0678
-40.9676
-40.8673
-40.7671
-40.667
-40.5669
-40.4668
-40.3667
-40.2667
-40.1668
-40.0668
-39.9669
-39.8671
-39.7673
-39.6675
-39.5677
-39.468
-39.3684
-39.2687
-39.1691
-39.0696
-38.9701
-38.8706
-38.7711
-38.6717
-38.5723
-38.473
-38.3737
-38.2745
-38.1752
-38.076
-37.9769
-37.8778
-37.7787
-37.6797
-37.5806
-37.4817
-37.3827
-37.2839
-37.185
-37.0862
-36.9874
-36.8886
-36.7899
-36.6912
-36.5926
-36.494
-36.3954
-36.2969
-36.1984
-36.0999
-36.0015
-35.9031
-35.8048
-35.7064
-35.6082
-35.5099
-35.4117
-35.3135
-35.2154
-35.1173
-35.0192
-34.9212
-34.8232
-34.7252
-34.6273
-34.5294
-34.4315
-34.3337
-34.2359
-34.1382
-34.0405
-33.9428
-33.8451
-33.7475
-33.6499
-33.5524
-33.4549
-33.3574
-33.26
-33.1626
-33.0652
-32.9679
-32.8706
-32.7733
-32.6761
-32.5789
-32.4817
-32.3846
-32.2875
-32.1904
-32.0934
-31.9964
-31.8994
-31.8025
-31.7056
-31.6087
-31.5119
-31.4151
-31.3183
-31.2216
-31.1249
-31.0282
-30.9316
-30.835
-30.7385
-30.6419
-30.5454
-30.449
-30.3525
-30.2561
-30.1598
-30.0634
-29.9671
-29.8708
-29.7746
-29.6784
-29.5822
-29.4861
-29.39
-29.2939
-29.1979
-29.1018
-29.0059
-28.9099
-28.814
-28.7181
-28.6222
-28.5264
-28.4306
-28.3348
-28.2391
-28.1434
-28.0477
-27.9521
-27.8565
-27.7609
-27.6654
-27.5699
-27.4744
-27.3789
-27.2835
-27.1881
-27.0927
-26.9974
-26.9021
-26.8068
-26.7116
-26.6163
-26.5212
-26.426
-26.3309
-26.2358
-26.1407
-26.0457
-25.9507
-25.8557
-25.7607
-25.6658
-25.5709
-25.476
-25.3812
-25.2864
-25.1916
-25.0969
-25.0022
-24.9075
-24.8128
-24.7182
-24.6235
-24.529
-24.4344
-24.3399
-24.2454
-24.1509
-24.0565
-23.9621
-23.8677
-23.7733
-23.679
-23.5847
-23.4904
-23.3961
-23.3019
-23.2077
-23.1135
-23.0194
-22.9253
-22.8312
-22.7371
-22.6431
-22.5491
-22.4551
-22.3611
-22.2672
-22.1733
-22.0794
-21.9855
-21.8917
-21.7979
-21.7041
-21.6103
-21.5166
-21.4229
-21.3292
-21.2356
-21.1419
-21.0483
-20.9547
-20.8612
-20.7676
-20.6741
-20.5806
-20.4872
-20.3937
-20.3003
-20.2069
-20.1136
-20.0202
-19.9269
-19.8336
-19.7403
-19.6471
-19.5539
-19.4607
-19.3675
-19.2743
-19.1812
-19.0881
-18.995
-18.9019
-18.8089
-18.7158
-18.6228
-18.5299
-18.4369
-18.344
-18.2511
-18.1582
-18.0653
-17.9724
-17.8796
-17.7868
-17.694
-17.6013
-17.5085
-17.4158
-17.3231
-17.2304
-17.1377
-17.0451
-16.9525
-16.8599
-16.7673
-16.6747
-16.5822
-16.4897
-16.3972
-16.3047
-16.2122
-16.1198
-16.0274
-15.935
-15.8426
-15.7502
-15.6579
-15.5655
-15.4732
-15.3809
-15.2887
-15.1964
-15.1042
-15.012
-14.9198
-14.8276
-14.7354
-14.6433
-14.5511
-14.459
-14.3669
-14.2749
-14.1828
-14.0907
-13.9987
-13.9067
-13.8147
-13.7227
-13.6308
-13.5388
-13.4469
-13.355
-13.2631
-13.1712
-13.0794
-12.9875
-12.8957
-12.8039
-12.7121
-12.6203
-12.5285
-12.4368
-12.345
-12.2533
-12.1616
-12.0699
-11.9782
-11.8865
-11.7949
-11.7032
-11.6116
-11.52
-11.4284
-11.3368
-11.2453
-11.1537
-11.0622
-10.9706
-10.8791
-10.7876
-10.6961
-10.6046
-10.5132
-10.4217
-10.3303
-10.2388
-10.1474
-10.056
-9.96464
-9.87326
-9.78189
-9.69053
-9.59919
-9.50786
-9.41653
-9.32522
-9.23392
-9.14264
-9.05136
-8.96009
-8.86883
-8.77759
-8.68635
-8.59513
-8.50391
-8.41271
-8.32151
-8.23033
-8.13915
-8.04798
-7.95683
-7.86568
-7.77454
-7.68341
-7.59229
-7.50118
-7.41008
-7.31899
-7.2279
-7.13682
-7.04576
-6.9547
-6.86364
-6.7726
-6.68156
-6.59053
-6.49951
-6.4085
-6.31749
-6.22649
-6.1355
-6.04452
-5.95354
-5.86257
-5.7716
-5.68064
-5.58969
-5.49874
-5.4078
-5.31687
-5.22594
-5.13502
-5.04411
-4.95319
-4.86229
-4.77139
-4.68049
-4.5896
-4.49872
-4.40784
-4.31697
-4.22609
-4.13523
-4.04437
-3.95351
-3.86266
-3.77181
-3.68096
-3.59012
-3.49928
-3.40845
-3.31761
-3.22679
-3.13596
-3.04514
-2.95432
-2.8635
-2.77269
-2.68188
-2.59107
-2.50026
-2.40946
-2.31866
-2.22786
-2.13706
-2.04626
-1.95547
-1.86467
-1.77388
-1.68309
-1.5923
-1.50151
-1.41072
-1.31994
-1.22915
-1.13836
-1.04757
-0.956789
-0.866003
-0.775216
-0.68443
-0.593644
-0.502857
-0.412069
-0.321281
-0.230492
-0.139702
-0.0489115
0.0418805
0.132674
0.223468
0.314265
0.405062
0.495862
0.586663
0.677467
0.768272
0.85908
0.94989
1.0407
1.13152
1.22234
1.31316
1.40398
1.49481
1.58564
1.67647
1.76731
1.85815
1.949
2.03984
2.1307
2.22155
2.31241
2.40328
2.49415
2.58502
2.6759
2.76679
2.85767
2.94857
3.03947
3.13037
3.22128
3.3122
3.40312
3.49405
3.58498
3.67592
3.76687
3.85782
3.94878
4.03974
4.13071
4.22169
4.31268
4.40367
4.49467
4.58568
4.67669
4.76771
4.85874
4.94978
5.04083
5.13188
5.22294
5.31401
5.40509
5.49618
5.58728
5.67838
5.7695
5.86062
5.95175
6.0429
6.13405
6.22521
6.31638
6.40756
6.49875
6.58995
6.68116
6.77238
6.86361
6.95486
7.04611
7.13737
7.22865
7.31993
7.41123
7.50254
7.59386
7.68519
7.77653
7.86789
7.95926
8.05064
8.14203
8.23343
8.32485
8.41628
8.50772
8.59917
8.69064
8.78212
8.87361
8.96512
9.05664
9.14818
9.23972
9.33129
9.42286
9.51445
9.60605
9.69767
9.78931
9.88095
9.97261
10.0643
10.156
10.2477
10.3394
10.4312
10.5229
10.6147
10.7065
10.7983
10.8901
10.9819
11.0738
11.1656
11.2575
11.3494
11.4413
11.5332
11.6252
11.7172
11.8091
11.9011
11.9932
12.0852
12.1772
12.2693
12.3614
12.4535
12.5456
12.6378
12.7299
12.8221
12.9143
13.0065
13.0988
13.191
13.2833
13.3756
13.4679
13.5602
13.6526
13.745
13.8373
13.9298
14.0222
14.1146
14.2071
14.2996
14.3921
14.4847
14.5772
14.6698
14.7624
14.855
14.9476
15.0403
15.133
15.2257
15.3184
15.4112
15.5039
15.5967
15.6895
15.7824
15.8752
15.9681
16.061
16.154
16.2469
16.3399
16.4329
16.5259
16.6189
16.712
16.8051
16.8982
16.9914
17.0845
17.1777
17.2709
17.3642
17.4574
17.5507
17.644
17.7374
17.8307
17.9241
18.0175
18.111
18.2044
18.2979
18.3914
18.485
18.5785
18.6721
18.7657
18.8594
18.9531
19.0468
19.1405
19.2342
19.328
19.4218
19.5156
19.6095
19.7034
19.7973
19.8913
19.9852
20.0792
20.1732
20.2673
20.3614
20.4555
20.5496
20.6438
20.738
20.8322
20.9265
21.0208
21.1151
21.2094
21.3038
21.3982
21.4926
21.5871
21.6816
21.7761
21.8706
21.9652
22.0598
22.1545
22.2491
22.3438
22.4386
22.5333
22.6281
22.723
22.8178
22.9127
23.0076
23.1026
23.1976
23.2926
23.3876
23.4827
23.5778
23.6729
23.7681
23.8633
23.9586
24.0538
24.1491
24.2445
24.3398
24.4353
24.5307
24.6262
24.7217
24.8172
24.9128
25.0084
25.104
25.1997
25.2954
25.3911
25.4869
25.5827
25.6785
25.7744
25.8703
25.9663
26.0623
26.1583
26.2543
26.3504
26.4465
26.5427
26.6389
26.7351
26.8314
26.9277
27.024
27.1204
27.2168
27.3132
27.4097
27.5062
27.6028
27.6994
27.796
27.8927
27.9894
28.0861
28.1829
28.2797
28.3765
28.4734
28.5703
28.6673
28.7643
28.8613
28.9584
29.0555
29.1527
29.2499
29.3471
29.4443
29.5416
29.639
29.7364
29.8338
29.9312
30.0287
30.1263
30.2238
30.3215
30.4191
30.5168
30.6145
30.7123
30.8101
30.908
31.0059
31.1038
31.2018
31.2998
31.3978
31.4959
31.594
31.6922
31.7904
31.8887
31.987
32.0853
32.1837
32.2821
32.3806
32.4791
32.5776
32.6762
32.7748
32.8735
32.9722
33.0709
33.1697
33.2686
33.3674
33.4663
33.5653
33.6643
33.7633
33.8624
33.9616
34.0607
34.1599
34.2592
34.3585
34.4578
34.5572
34.6566
34.7561
34.8556
34.9552
35.0548
35.1544
35.2541
35.3538
35.4536
35.5534
35.6533
35.7532
35.8531
35.9531
36.0532
36.1532
36.2534
36.3535
36.4537
36.554
36.6543
36.7547
36.855
36.9555
37.056
37.1565
37.2571
37.3577
37.4583
37.559
37.6598
37.7606
37.8614
37.9623
38.0633
38.1642
38.2653
38.3663
38.4674
38.5686
38.6698
38.7711
38.8724
38.9737
39.0751
39.1765
39.278
39.3795
39.4811
39.5827
39.6844
39.7861
39.8879
39.9897
40.0916
40.1935
40.2954
40.3974
40.4994
40.6015
40.7037
40.8058
40.9081
41.0104
41.1127
41.2151
41.3175
41.4199
41.5225
41.625
41.7276
41.8303
41.933
42.0357
42.1385
42.2414
42.3443
42.4472
42.5502
42.6533
42.7563
42.8595
42.9627
43.0659
43.1692
43.2725
43.3759
43.4793
43.5828
43.6863
43.7899
43.8935
43.9971
44.1009
44.2046
44.3084
44.4123
44.5162
44.6202
44.7242
44.8282
44.9323
45.0365
45.1407
45.2449
45.3492
45.4536
45.558
45.6624
45.7669
45.8715
45.976
46.0807
46.1854
46.2901
46.3949
46.4998
46.6046
46.7096
46.8146
46.9196
47.0247
47.1298
47.235
47.3402
47.4455
47.5508
47.6562
47.7617
47.8671
47.9727
48.0782
48.1839
48.2896
48.3953
48.5011
48.6069
48.7128
48.8187
48.9247
49.0307
49.1368
49.2429
49.3491
49.4553
49.5616
49.6679
49.7743
49.8807
49.9871
50.0937
50.2002
50.3069
50.4135
50.5202
50.627
50.7338
50.8407
50.9476
51.0546
51.1616
51.2687
51.3758
51.483
51.5902
51.6974
51.8047
51.9121
52.0195
52.127
52.2345
52.3421
52.4497
52.5573
52.665
52.7728
52.8806
52.9885
53.0964
53.2043
53.3124
53.4204
53.5285
53.6367
53.7449
53.8531
53.9614
54.0698
54.1782
54.2866
54.3951
54.5037
54.6123
54.7209
54.8296
54.9384
55.0472
55.156
55.2649
55.3738
55.4828
55.5919
55.701
55.8101
55.9193
56.0285
56.1378
56.2471
56.3565
56.4659
56.5754
56.6849
56.7945
56.9041
57.0138
57.1235
57.2333
57.3431
57.453
57.5629
57.6728
57.7828
57.8929
58.003
58.1132
58.2234
58.3336
58.4439
58.5542
58.6646
58.7751
58.8855
58.9961
59.1067
59.2173
59.328
59.4387
59.5494
59.6603
59.7711
59.882
59.993
60.104
60.215
60.3261
60.4373
60.5485
60.6597
60.771
60.8823
60.9937
61.1051
61.2166
61.3281
61.4396
61.5513
61.6629
61.7746
61.8863
61.9981
62.11
62.2218
62.3338
62.4457
62.5578
62.6698
62.7819
62.8941
63.0063
63.1185
63.2308
63.3431
63.4555
63.5679
63.6804
63.7929
63.9054
64.018
64.1307
64.2433
64.3561
64.4688
64.5817
64.6945
64.8074
64.9204
65.0333
65.1464
65.2594
65.3726
65.4857
65.5989
65.7122
65.8255
65.9388
66.0522
66.1656
66.279
66.3925
66.5061
66.6196
66.7333
66.8469
66.9606
67.0744
67.1882
67.302
67.4159
67.5298
67.6437
67.7577
67.8718
67.9858
68.0999
68.2141
68.3283
68.4425
68.5568
68.6711
68.7855
68.8999
69.0143
69.1288
69.2433
69.3578
69.4724
69.587
69.7017
69.8164
69.9311
70.0459
70.1607
70.2756
70.3905
70.5054
70.6204
70.7354
70.8504
70.9655
71.0806
71.1958
71.311
71.4262
71.5414
71.6567
71.7721
71.8874
72.0029
72.1183
72.2338
72.3493
72.4648
72.5804
72.696
72.8117
72.9274
73.0431
73.1588
73.2746
73.3905
73.5063
73.6222
73.7381
73.8541
73.9701
74.0861
74.2022
74.3183
74.4344
74.5505
74.6667
74.7829
74.8992
75.0155
75.1318
75.2481
75.3645
75.4809
75.5974
75.7138
75.8303
75.9469
76.0634
76.18
76.2966
76.4133
76.53
76.6467
76.7634
76.8802
76.997
77.1138
77.2307
77.3475
77.4645
77.5814
77.6984
77.8154
77.9324
78.0494
78.1665
78.2836
78.4007
78.5179
78.6351
78.7523
78.8695
78.9868
79.1041
79.2214
79.3387
79.4561
79.5735
79.6909
79.8083
79.9258
80.0433
80.1608
80.2783
80.3959
80.5135
80.6311
80.7487
80.8663
80.984
81.1017
81.2194
81.3372
81.4549
81.5727
81.6905
81.8084
81.9262
82.0441
82.162
82.2799
82.3978
82.5158
82.6337
82.7517
82.8697
82.9878
83.1058
83.2239
83.342
83.4601
83.5782
83.6963
83.8145
83.9327
84.0509
84.1691
84.2873
84.4056
84.5238
84.6421
84.7604
84.8787
84.997
85.1154
85.2338
85.3521
85.4705
85.5889
85.7073
85.8258
85.9442
86.0627
86.1812
86.2997
86.4182
86.5367
86.6552
86.7738
86.8923
87.0109
87.1295
87.2481
87.3667
87.4853
87.6039
87.7225
87.8412
87.9599
88.0785
88.1972
88.3159
88.4346
88.5533
88.672
88.7908
88.9095
89.0283
89.147
89.2658
89.3845
89.5033
89.6221
89.7409
89.8597
89.9785
-89.9027
-89.7838
-89.665
-89.5462
-89.4273
-89.3085
-89.1896
-89.0708
-88.9519
-88.833
-88.7141
-88.5953
-88.4764
-88.3575
-88.2386
-88.1197
-88.0008
-87.8819
-87.763
-87.6441
-87.5252
-87.4063
-87.2874
-87.1684
-87.0495
-86.9306
-86.8117
-86.6928
-86.5738
-86.4549
-86.336
-86.2171
-86.0981
-85.9792
-85.8603
-85.7414
-85.6225
-85.5035
-85.3846
-85.2657
-85.1468
-85.0279
-84.909
-84.79
-84.6711
-84.5522
-84.4333
-84.3144
-84.1955
-84.0766
-83.9578
-83.8389
-83.72
-83.6011
-83.4823
-83.3634
-83.2445
-83.1257
-83.0068
-82.888
-82.7692
-82.6503
-82.5315
-82.4127
-82.2939
-82.1751
-82.0563
-81.9375
-81.8187
-81.6999
-81.5812
-81.4624
-81.3437
-81.2249
-81.1062
-80.9875
-80.8688
-80.7501
-80.6314
-80.5127
-80.394
-80.2754
-80.1567
-80.0381
-79.9195
-79.8009
-79.6823
-79.5637
-79.4451
-79.3265
-79.208
-79.0894
-78.9709
-78.8524
-78.7339
-78.6154
-78.4969
-78.3784
-78.26
-78.1416
-78.0231
-77.9047
-77.7863
-77.668
-77.5496
-77.4313
-77.3129
-77.1946
-77.0763
-76.9581
-76.8398
-76.7215
-76.6033
-76.4851
-76.3669
-76.2487
-76.1306
-76.0124
-75.8943
-75.7762
-75.6581
-75.54
-75.422
-75.3039
-75.1859
-75.0679
-74.95
-74.832
-74.7141
-74.5962
-74.4783
-74.3604
-74.2425
-74.1247
-74.0069
-73.8891
-73.7713
-73.6536
-73.5359
-73.4182
-73.3005
-73.1828
-73.0652
-72.9476
-72.83
-72.7124
-72.5949
-72.4774
-72.3599
-72.2424
-72.125
-72.0075
-71.8902
-71.7728
-71.6554
-71.5381
-71.4208
-71.3035
-71.1863
-71.0691
-70.9519
-70.8347
-70.7176
-70.6004
-70.4833
-70.3663
-70.2492
-70.1322
-70.0153
-69.8983
-69.7814
-69.6645
-69.5476
-69.4308
-69.3139
-69.1972
-69.0804
-68.9637
-68.847
-68.7303
-68.6137
-68.497
-68.3805
-68.2639
-68.1474
-68.0309
-67.9144
-67.798
-67.6816
-67.5652
-67.4489
-67.3326
-67.2163
-67.1
-66.9838
-66.8676
-66.7515
-66.6354
-66.5193
-66.4032
-66.2872
-66.1712
-66.0553
-65.9393
-65.8234
-65.7076
-65.5917
-65.476
-65.3602
-65.2445
-65.1288
-65.0131
-64.8975
-64.7819
-64.6664
-64.5508
-64.4353
-64.3199
-64.2045
-64.0891
-63.9738
-63.8584
-63.7432
-63.6279
-63.5127
-63.3976
-63.2824
-63.1673
-63.0523
-62.9373
-62.8223
-62.7073
-62.5924
-62.4775
-62.3627
-62.2479
-62.1331
-62.0184
-61.9037
-61.7891
-61.6745
-61.5599
-61.4453
-61.3308
-61.2164
-61.102
-60.9876
-60.8732
-60.7589
-60.6447
-60.5304
-60.4162
-60.3021
-60.188
-60.0739
-59.9599
-59.8459
-59.7319
-59.618
-59.5041
-59.3903
-59.2765
-59.1628
-59.0491
-58.9354
-58.8218
-58.7082
-58.5946
-58.4811
-58.3676
-58.2542
-58.1408
-58.0275
-57.9142
-57.8009
-57.6877
-57.5745
-57.4614
-57.3483
-57.2353
-57.1222
-57.0093
-56.8963
-56.7835
-56.6706
-56.5578
-56.4451
-56.3324
-56.2197
-56.1071
-55.9945
-55.8819
-55.7694
-55.657
-55.5446
-55.4322
-55.3199
-55.2076
-55.0954
-54.9832
-54.871
-54.7589
-54.6469
-54.5348
-54.4229
-54.3109
-54.199
-54.0872
-53.9754
-53.8637
-53.7519
-53.6403
-53.5287
-53.4171
-53.3056
-53.1941
-53.0826
-52.9712
-52.8599
-52.7486
-52.6373
-52.5261
-52.4149
-52.3038
-52.1927
-52.0817
-51.9707
-51.8598
-51.7489
-51.638
-51.5272
-51.4164
-51.3057
-51.1951
-51.0844
-50.9739
-50.8633
-50.7528
-50.6424
-50.532
-50.4217
-50.3114
-50.2011
-50.0909
-49.9807
-49.8706
-49.7606
-49.6505
-49.5406
-49.4306
-49.3207
-49.2109
-49.1011
-48.9914
-48.8817
-48.772
-48.6624
-48.5529
-48.4434
-48.3339
-48.2245
-48.1151
-48.0058
-47.8965
-47.7873
-47.6781
-47.569
-47.4599
-47.3508
-47.2419
-47.1329
-47.024
-46.9152
-46.8064
-46.6976
-46.5889
-46.4802
-46.3716
-46.2631
-46.1545
-46.0461
-45.9376
-45.8293
-45.7209
-45.6127
-45.5044
-45.3962
-45.2881
-45.18
-45.072
-44.964
-44.856
-44.7481
-44.6403
-44.5325
-44.4247
-44.317
-44.2093
-44.1017
-43.9941
-43.8866
-43.7792
-43.6717
-43.5644
-43.457
-43.3497
-43.2425
-43.1353
-43.0282
-42.9211
-42.814
-42.7071
-42.6001
-42.4932
-42.3863
-42.2795
-42.1728
-42.0661
-41.9594
-41.8528
-41.7462
-41.6397
-41.5332
-41.4268
-41.3204
-41.2141
-41.1078
-41.0016
-40.8954
-40.7893
-40.6832
-40.5771
-40.4711
-40.3652
-40.2593
-40.1534
-40.0476
-39.9419
-39.8361
-39.7305
-39.6249
-39.5193
-39.4138
-39.3083
-39.2029
-39.0975
-38.9921
-38.8869
-38.7816
-38.6764
-38.5713
-38.4662
-38.3611
-38.2561
-38.1512
-38.0463
-37.9414
-37.8366
-37.7318
-37.6271
-37.5224
-37.4178
-37.3132
-37.2086
-37.1042
-36.9997
-36.8953
-36.791
-36.6867
-36.5824
-36.4782
-36.374
-36.2699
-36.1658
-36.0618
-35.9578
-35.8539
-35.75
-35.6462
-35.5424
-35.4386
-35.3349
-35.2313
-35.1277
-35.0241
-34.9206
-34.8171
-34.7137
-34.6103
-34.507
-34.4037
-34.3004
-34.1972
-34.0941
-33.991
-33.8879
-33.7849
-33.6819
-33.579
-33.4761
-33.3733
-33.2705
-33.1677
-33.065
-32.9624
-32.8598
-32.7572
-32.6547
-32.5522
-32.4498
-32.3474
-32.245
-32.1427
-32.0405
-31.9383
-31.8361
-31.734
-31.6319
-31.5299
-31.4279
-31.3259
-31.224
-31.1222
-31.0204
-30.9186
-30.8169
-30.7152
-30.6135
-30.512
-30.4104
-30.3089
-30.2074
-30.106
-30.0046
-29.9033
-29.802
-29.7007
-29.5995
-29.4984
-29.3973
-29.2962
-29.1951
-29.0942
-28.9932
-28.8923
-28.7914
-28.6906
-28.5898
-28.4891
-28.3884
-28.2877
-28.1871
-28.0866
-27.986
-27.8855
-27.7851
-27.6847
-27.5843
-27.484
-27.3837
-27.2835
-27.1833
-27.0831
-26.983
-26.8829
-26.7829
-26.6829
-26.583
-26.4831
-26.3832
-26.2834
-26.1836
-26.0838
-25.9841
-25.8845
-25.7848
-25.6852
-25.5857
-25.4862
-25.3867
-25.2873
-25.1879
-25.0886
-24.9892
-24.89
-24.7907
-24.6916
-24.5924
-24.4933
-24.3942
-24.2952
-24.1962
-24.0972
-23.9983
-23.8994
-23.8006
-23.7018
-23.603
-23.5043
-23.4056
-23.3069
-23.2083
-23.1098
-23.0112
-22.9127
-22.8143
-22.7158
-22.6174
-22.5191
-22.4208
-22.3225
-22.2243
-22.1261
-22.0279
-21.9298
-21.8317
-21.7336
-21.6356
-21.5376
-21.4397
-21.3418
-21.2439
-21.1461
-21.0483
-20.9505
-20.8528
-20.7551
-20.6574
-20.5598
-20.4622
-20.3647
-20.2671
-20.1697
-20.0722
-19.9748
-19.8774
-19.7801
-19.6828
-19.5855
-19.4883
-19.3911
-19.2939
-19.1968
-19.0997
-19.0026
-18.9056
-18.8086
-18.7116
-18.6147
-18.5178
-18.4209
-18.3241
-18.2273
-18.1305
-18.0338
-17.937
-17.8404
-17.7437
-17.6471
-17.5506
-17.454
-17.3575
-17.261
-17.1646
-17.0682
-16.9718
-16.8755
-16.7792
-16.6829
-16.5866
-16.4904
-16.3942
-16.298
-16.2019
-16.1058
-16.0098
-15.9137
-15.8177
-15.7217
-15.6258
-15.5299
-15.434
-15.3381
-15.2423
-15.1465
-15.0508
-14.955
-14.8593
-14.7636
-14.668
-14.5724
-14.4768
-14.3812
-14.2857
-14.1902
-14.0947
-13.9993
-13.9039
-13.8085
-13.7131
-13.6178
-13.5225
-13.4272
-13.332
-13.2367
-13.1415
-13.0464
-12.9512
-12.8561
-12.761
-12.666
-12.571
-12.4759
-12.381
-12.286
-12.1911
-12.0962
-12.0013
-11.9065
-11.8117
-11.7169
-11.6221
-11.5274
-11.4326
-11.338
-11.2433
-11.1486
-11.054
-10.9594
-10.8649
-10.7703
-10.6758
-10.5813
-10.4869
-10.3924
-10.298
-10.2036
-10.1092
-10.0149
-9.92056
-9.82626
-9.73199
-9.63774
-9.54351
-9.4493
-9.35512
-9.26096
-9.16682
-9.0727
-8.97861
-8.88454
-8.7905
-8.69647
-8.60247
-8.50849
-8.41453
-8.32059
-8.22668
-8.13278
-8.03891
-7.94506
-7.85123
-7.75742
-7.66363
-7.56986
-7.47612
-7.38239
-7.28869
-7.195
-7.10134
-7.00769
-6.91407
-6.82046
-6.72688
-6.63331
-6.53977
-6.44624
-6.35274
-6.25925
-6.16578
-6.07233
-5.9789
-5.88549
-5.79209
-5.69872
-5.60536
-5.51202
-5.4187
-5.3254
-5.23212
-5.13885
-5.0456
-4.95237
-4.85916
-4.76596
-4.67278
-4.57962
-4.48648
-4.39335
-4.30024
-4.20714
-4.11406
-4.021
-3.92796
-3.83493
-3.74191
-3.64892
-3.55593
-3.46297
-3.37002
-3.27708
-3.18416
-3.09126
-2.99837
-2.90549
-2.81263
-2.71979
-2.62696
-2.53414
-2.44134
-2.34855
-2.25578
-2.16302
-2.07027
-1.97754
-1.88482
-1.79212
-1.69942
-1.60674
-1.51408
-1.42143
-1.32879
-1.23616
-1.14355
-1.05095
-0.958357
-0.86578
-0.773215
-0.680663
-0.588122
-0.495593
-0.403076
-0.310571
-0.218076
-0.125593
-0.0331218
0.0593388
0.151788
0.244227
0.336655
0.429073
0.52148
0.613876
0.706263
0.798639
0.891005
0.983362
1.07571
1.16805
1.26037
1.35269
1.445
1.5373
1.62959
1.72187
1.81415
1.90641
1.99867
2.09091
2.18315
2.27538
2.36761
2.45982
2.55203
2.64423
2.73642
2.82861
2.92078
3.01295
3.10512
3.19727
3.28942
3.38157
3.4737
3.56583
3.65795
3.75007
3.84218
3.93429
4.02639
4.11848
4.21057
4.30265
4.39473
4.4868
4.57886
4.67092
4.76298
4.85503
4.94708
5.03912
5.13116
5.22319
5.31522
5.40725
5.49927
5.59129
5.6833
5.77531
5.86732
5.95933
6.05133
6.14332
6.23532
6.32731
6.4193
6.51129
6.60327
6.69525
6.78723
6.87921
6.97119
7.06316
7.15513
7.2471
7.33907
7.43104
7.52301
7.61497
7.70693
7.7989
7.89086
7.98282
8.07478
8.16674
8.2587
8.35067
8.44263
8.53459
8.62655
8.71851
8.81047
8.90243
8.99439
9.08636
9.17832
9.27029
9.36225
9.45422
9.54619
9.63816
9.73013
9.82211
9.91408
10.0061
10.098
10.19
10.282
10.374
10.466
10.558
10.65
10.742
10.834
10.926
11.018
11.11
11.202
11.294
11.3861
11.4781
11.5701
11.6621
11.7542
11.8462
11.9383
12.0303
12.1224
12.2144
12.3065
12.3986
12.4907
12.5827
12.6748
12.7669
12.859
12.9511
13.0432
13.1354
13.2275
13.3196
13.4117
13.5039
13.596
13.6882
13.7803
13.8725
13.9647
14.0569
14.1491
14.2413
14.3335
14.4257
14.5179
14.6101
14.7024
14.7946
14.8869
14.9791
15.0714
15.1637
15.256
15.3483
15.4406
15.5329
15.6252
15.7175
15.8099
15.9022
15.9946
16.087
16.1794
16.2718
16.3642
16.4566
16.549
16.6414
16.7339
16.8263
16.9188
17.0113
17.1037
17.1962
17.2888
17.3813
17.4738
17.5663
17.6589
17.7515
17.844
17.9366
18.0292
18.1219
18.2145
18.3071
18.3998
18.4924
18.5851
18.6778
18.7705
18.8632
18.956
19.0487
19.1415
19.2342
19.327
19.4198
19.5126
19.6055
19.6983
19.7912
19.884
19.9769
20.0698
20.1627
20.2557
20.3486
20.4416
20.5345
20.6275
20.7205
20.8135
20.9066
20.9996
21.0927
21.1858
21.2789
21.372
21.4651
21.5583
21.6514
21.7446
21.8378
21.931
22.0243
22.1175
22.2108
22.3041
22.3974
22.4907
22.584
22.6774
22.7707
22.8641
22.9575
23.051
23.1444
23.2379
23.3313
23.4248
23.5184
23.6119
23.7054
23.799
23.8926
23.9862
24.0798
24.1735
24.2672
24.3608
24.4546
24.5483
24.642
24.7358
24.8296
24.9234
25.0172
25.1111
25.2049
25.2988
25.3927
25.4867
25.5806
25.6746
25.7686
25.8626
25.9566
26.0507
26.1448
26.2389
26.333
26.4271
26.5213
26.6155
26.7097
26.8039
26.8982
26.9925
27.0868
27.1811
27.2754
27.3698
27.4642
27.5586
27.653
27.7475
27.842
27.9365
28.031
28.1256
28.2201
28.3147
28.4093
28.504
28.5987
28.6934
28.7881
28.8828
28.9776
29.0724
29.1672
29.262
29.3569
29.4518
29.5467
29.6417
29.7366
29.8316
29.9266
30.0217
30.1167
30.2118
30.3069
30.4021
30.4973
30.5925
30.6877
30.7829
30.8782
30.9735
31.0688
31.1642
31.2596
31.355
31.4504
31.5459
31.6413
31.7369
31.8324
31.928
32.0236
32.1192
32.2148
32.3105
32.4062
32.5019
32.5977
32.6935
32.7893
32.8851
32.981
33.0769
33.1728
33.2688
33.3648
33.4608
33.5568
33.6529
33.749
33.8451
33.9413
34.0375
34.1337
34.2299
34.3262
34.4225
34.5188
34.6152
34.7116
34.808
34.9045
35.0009
35.0974
35.194
35.2905
35.3871
35.4838
35.5804
35.6771
35.7738
35.8706
35.9674
36.0642
36.161
36.2579
36.3548
36.4517
36.5487
36.6457
36.7427
36.8398
36.9369
37.034
37.1311
37.2283
37.3255
37.4228
37.5201
37.6174
37.7147
37.8121
37.9095
38.0069
38.1044
38.2019
38.2994
38.397
38.4946
38.5922
38.6899
38.7876
38.8853
38.983
39.0808
39.1787
39.2765
39.3744
39.4723
39.5703
39.6683
39.7663
39.8643
39.9624
40.0606
40.1587
40.2569
40.3551
40.4534
40.5517
40.65
40.7483
40.8467
40.9451
41.0436
41.1421
41.2406
41.3392
41.4378
41.5364
41.635
41.7337
41.8325
41.9312
42.03
42.1289
42.2277
42.3266
42.4256
42.5245
42.6235
42.7226
42.8216
42.9208
43.0199
43.1191
43.2183
43.3175
43.4168
43.5161
43.6155
43.7149
43.8143
43.9137
44.0132
44.1128
44.2123
44.3119
44.4116
44.5112
44.6109
44.7107
44.8105
44.9103
45.0101
45.11
45.2099
45.3099
45.4099
45.5099
45.6099
45.71
45.8102
45.9103
46.0106
46.1108
46.2111
46.3114
46.4117
46.5121
46.6125
46.713
46.8135
46.914
47.0146
47.1152
47.2158
47.3165
47.4172
47.518
47.6188
47.7196
47.8204
47.9213
48.0223
48.1232
48.2242
48.3253
48.4263
48.5275
48.6286
48.7298
48.831
48.9323
49.0336
49.1349
49.2363
49.3377
49.4391
49.5406
49.6421
49.7437
49.8453
49.9469
50.0486
50.1503
50.252
50.3538
50.4556
50.5575
50.6593
50.7613
50.8632
50.9652
51.0673
51.1693
51.2714
51.3736
51.4758
51.578
51.6802
51.7825
51.8849
51.9872
52.0896
52.1921
52.2946
52.3971
52.4996
52.6022
52.7049
52.8075
52.9102
53.013
53.1157
53.2185
53.3214
53.4243
53.5272
53.6302
53.7332
53.8362
53.9393
54.0424
54.1455
54.2487
54.3519
54.4552
54.5585
54.6618
54.7652
54.8686
54.972
55.0755
55.179
55.2826
55.3862
55.4898
55.5934
55.6971
55.8009
55.9047
56.0085
56.1123
56.2162
56.3201
56.4241
56.5281
56.6321
56.7362
56.8403
56.9444
57.0486
57.1528
57.257
57.3613
57.4656
57.57
57.6744
57.7788
57.8833
57.9878
58.0923
58.1969
58.3015
58.4062
58.5108
58.6156
58.7203
58.8251
58.9299
59.0348
59.1397
59.2446
59.3496
59.4546
59.5597
59.6647
59.7699
59.875
59.9802
60.0854
60.1907
60.296
60.4013
60.5067
60.6121
60.7175
60.823
60.9285
61.034
61.1396
61.2452
61.3508
61.4565
61.5622
61.668
61.7738
61.8796
61.9854
62.0913
62.1973
62.3032
62.4092
62.5152
62.6213
62.7274
62.8335
62.9397
63.0459
63.1521
63.2584
63.3647
63.471
63.5774
63.6838
63.7902
63.8967
64.0032
64.1097
64.2163
64.3229
64.4295
64.5362
64.6429
64.7496
64.8564
64.9632
65.0701
65.1769
65.2838
65.3908
65.4977
65.6047
65.7118
65.8188
65.9259
66.033
66.1402
66.2474
66.3546
66.4619
66.5692
66.6765
66.7838
66.8912
66.9986
67.1061
67.2136
67.3211
67.4286
67.5362
67.6438
67.7514
67.8591
67.9668
68.0745
68.1823
68.2901
68.3979
68.5057
68.6136
68.7215
68.8295
68.9374
69.0454
69.1535
69.2615
69.3696
69.4778
69.5859
69.6941
69.8023
69.9105
70.0188
70.1271
70.2354
70.3438
70.4521
70.5606
70.669
70.7775
70.886
70.9945
71.103
71.2116
71.3202
71.4289
71.5375
71.6462
71.7549
71.8637
71.9725
72.0813
72.1901
72.2989
72.4078
72.5167
72.6257
72.7346
72.8436
72.9526
73.0617
73.1707
73.2798
73.3889
73.4981
73.6073
73.7165
73.8257
73.9349
74.0442
74.1535
74.2628
74.3722
74.4815
74.5909
74.7004
74.8098
74.9193
75.0288
75.1383
75.2478
75.3574
75.467
75.5766
75.6862
75.7959
75.9056
76.0153
76.125
76.2347
76.3445
76.4543
76.5641
76.674
76.7838
76.8937
77.0036
77.1136
77.2235
77.3335
77.4435
77.5535
77.6635
77.7736
77.8837
77.9938
78.1039
78.214
78.3242
78.4343
78.5445
78.6548
78.765
78.8753
78.9855
79.0958
79.2062
79.3165
79.4268
79.5372
79.6476
79.758
79.8685
79.9789
80.0894
80.1998
80.3104
80.4209
80.5314
80.642
80.7525
80.8631
80.9737
81.0843
81.195
81.3056
81.4163
81.527
81.6377
81.7484
81.8592
81.9699
82.0807
82.1915
82.3023
82.4131
82.5239
82.6347
82.7456
82.8565
82.9674
83.0783
83.1892
83.3001
83.411
83.522
83.633
83.7439
83.8549
83.966
84.077
84.188
84.2991
84.4101
84.5212
84.6323
84.7434
84.8545
84.9656
85.0767
85.1879
85.299
85.4102
85.5213
85.6325
85.7437
85.8549
85.9661
86.0774
86.1886
86.2998
86.4111
86.5224
86.6336
86.7449
86.8562
86.9675
87.0788
87.1901
87.3015
87.4128
87.5241
87.6355
87.7468
87.8582
87.9696
88.081
88.1923
88.3037
88.4151
88.5265
88.6379
88.7494
88.8608
88.9722
89.0837
89.1951
89.3065
89.418
89.5295
89.6409
89.7524
89.8639
89.9753
-89.9132
-89.8017
-89.6902
-89.5787
-89.4672
-89.3557
-89.2442
-89.1327
-89.0212
-88.9097
-88.7982
-88.6867
-88.5752
-88.4636
-88.3521
-88.2406
-88.1291
-88.0175
-87.906
-87.7945
-87.6829
-87.5714
-87.4599
-87.3484
-87.2368
-87.1253
-87.0138
-86.9022
-86.7907
-86.6792
-86.5676
-86.4561
-86.3446
-86.233
-86.1215
-86.01
-85.8985
-85.7869
-85.6754
-85.5639
-85.4524
-85.3409
-85.2294
-85.1179
-85.0063
-84.8948
-84.7834
-84.6719
-84.5604
-84.4489
-84.3374
-84.2259
-84.1144
-84.003
-83.8915
-83.78
-83.6686
-83.5571
-83.4457
-83.3342
-83.2228
-83.1114
-83
-82.8885
-82.7771
-82.6657
-82.5543
-82.4429
-82.3316
-82.2202
-82.1088
-81.9974
-81.8861
-81.7747
-81.6634
-81.5521
-81.4407
-81.3294
-81.2181
-81.1068
-80.9955
-80.8843
-80.773
-80.6617
-80.5505
-80.4392
-80.328
-80.2168
-80.1056
-79.9944
-79.8832
-79.772
-79.6608
-79.5497
-79.4385
-79.3274
-79.2162
-79.1051
-78.994
-78.8829
-78.7719
-78.6608
-78.5497
-78.4387
-78.3277
-78.2166
-78.1056
-77.9946
-77.8837
-77.7727
-77.6618
-77.5508
-77.4399
-77.329
-77.2181
-77.1072
-76.9963
-76.8855
-76.7746
-76.6638
-76.553
-76.4422
-76.3314
-76.2207
-76.1099
-75.9992
-75.8885
-75.7778
-75.6671
-75.5564
-75.4458
-75.3352
-75.2245
-75.1139
-75.0034
-74.8928
-74.7823
-74.6717
-74.5612
-74.4507
-74.3402
-74.2298
-74.1193
-74.0089
-73.8985
-73.7881
-73.6778
-73.5674
-73.4571
-73.3468
-73.2365
-73.1262
-73.016
-72.9057
-72.7955
-72.6853
-72.5752
-72.465
-72.3549
-72.2448
-72.1347
-72.0246
-71.9146
-71.8046
-71.6946
-71.5846
-71.4746
-71.3647
-71.2548
-71.1449
-71.035
-70.9251
-70.8153
-70.7055
-70.5957
-70.486
-70.3762
-70.2665
-70.1568
-70.0472
-69.9375
-69.8279
-69.7183
-69.6087
-69.4992
-69.3896
-69.2801
-69.1707
-69.0612
-68.9518
-68.8424
-68.733
-68.6236
-68.5143
-68.405
-68.2957
-68.1865
-68.0773
-67.968
-67.8589
-67.7497
-67.6406
-67.5315
-67.4224
-67.3134
-67.2044
-67.0954
-66.9864
-66.8775
-66.7685
-66.6597
-66.5508
-66.442
-66.3332
-66.2244
-66.1156
-66.0069
-65.8982
-65.7895
-65.6809
-65.5723
-65.4637
-65.3552
-65.2466
-65.1381
-65.0297
-64.9212
-64.8128
-64.7044
-64.5961
-64.4878
-64.3795
-64.2712
-64.163
-64.0547
-63.9466
-63.8384
-63.7303
-63.6222
-63.5142
-63.4061
-63.2981
-63.1902
-63.0822
-62.9743
-62.8664
-62.7586
-62.6508
-62.543
-62.4352
-62.3275
-62.2198
-62.1122
-62.0045
-61.8969
-61.7894
-61.6818
-61.5743
-61.4669
-61.3594
-61.252
-61.1447
-61.0373
-60.93
-60.8227
-60.7155
-60.6083
-60.5011
-60.3939
-60.2868
-60.1797
-60.0727
-59.9657
-59.8587
-59.7517
-59.6448
-59.5379
-59.4311
-59.3243
-59.2175
-59.1107
-59.004
-58.8973
-58.7907
-58.6841
-58.5775
-58.4709
-58.3644
-58.2579
-58.1515
-58.0451
-57.9387
-57.8323
-57.726
-57.6198
-57.5135
-57.4073
-57.3011
-57.195
-57.0889
-56.9828
-56.8768
-56.7708
-56.6648
-56.5589
-56.453
-56.3472
-56.2413
-56.1356
-56.0298
-55.9241
-55.8184
-55.7128
-55.6072
-55.5016
-55.396
-55.2905
-55.1851
-55.0797
-54.9743
-54.8689
-54.7636
-54.6583
-54.553
-54.4478
-54.3427
-54.2375
-54.1324
-54.0273
-53.9223
-53.8173
-53.7124
-53.6074
-53.5025
-53.3977
-53.2929
-53.1881
-53.0834
-52.9787
-52.874
-52.7694
-52.6648
-52.5602
-52.4557
-52.3512
-52.2468
-52.1424
-52.038
-51.9337
-51.8294
-51.7251
-51.6209
-51.5167
-51.4126
-51.3085
-51.2044
-51.1003
-50.9964
-50.8924
-50.7885
-50.6846
-50.5807
-50.4769
-50.3732
-50.2694
-50.1657
-50.0621
-49.9584
-49.8549
-49.7513
-49.6478
-49.5443
-49.4409
-49.3375
-49.2342
-49.1308
-49.0276
-48.9243
-48.8211
-48.7179
-48.6148
-48.5117
-48.4087
-48.3057
-48.2027
-48.0997
-47.9968
-47.894
-47.7911
-47.6884
-47.5856
-47.4829
-47.3802
-47.2776
-47.175
-47.0724
-46.9699
-46.8674
-46.765
-46.6626
-46.5602
-46.4579
-46.3556
-46.2533
-46.1511
-46.0489
-45.9468
-45.8447
-45.7426
-45.6406
-45.5386
-45.4367
-45.3348
-45.2329
-45.1311
-45.0293
-44.9275
-44.8258
-44.7241
-44.6225
-44.5209
-44.4193
-44.3178
-44.2163
-44.1148
-44.0134
-43.912
-43.8107
-43.7094
-43.6081
-43.5069
-43.4057
-43.3046
-43.2035
-43.1024
-43.0014
-42.9004
-42.7994
-42.6985
-42.5976
-42.4968
-42.396
-42.2952
-42.1945
-42.0938
-41.9931
-41.8925
-41.7919
-41.6914
-41.5909
-41.4904
-41.39
-41.2896
-41.1892
-41.0889
-40.9887
-40.8884
-40.7882
-40.688
-40.5879
-40.4878
-40.3878
-40.2878
-40.1878
-40.0879
-39.9879
-39.8881
-39.7883
-39.6885
-39.5887
-39.489
-39.3893
-39.2897
-39.1901
-39.0905
-38.991
-38.8915
-38.792
-38.6926
-38.5932
-38.4939
-38.3946
-38.2953
-38.1961
-38.0969
-37.9977
-37.8986
-37.7995
-37.7005
-37.6014
-37.5025
-37.4035
-37.3046
-37.2057
-37.1069
-37.0081
-36.9094
-36.8106
-36.7119
-36.6133
-36.5147
-36.4161
-36.3176
-36.2191
-36.1206
-36.0222
-35.9238
-35.8254
-35.7271
-35.6288
-35.5305
-35.4323
-35.3341
-35.236
-35.1379
-35.0398
-34.9417
-34.8437
-34.7458
-34.6478
-34.5499
-34.4521
-34.3542
-34.2564
-34.1587
-34.0609
-33.9632
-33.8656
-33.768
-33.6704
-33.5728
-33.4753
-33.3778
-33.2804
-33.183
-33.0856
-32.9882
-32.8909
-32.7937
-32.6964
-32.5992
-32.502
-32.4049
-32.3078
-32.2107
-32.1137
-32.0167
-31.9197
-31.8228
-31.7259
-31.629
-31.5321
-31.4353
-31.3386
-31.2418
-31.1451
-31.0485
-30.9518
-30.8552
-30.7586
-30.6621
-30.5656
-30.4691
-30.3727
-30.2763
-30.1799
-30.0836
-29.9872
-29.891
-29.7947
-29.6985
-29.6023
-29.5062
-29.4101
-29.314
-29.2179
-29.1219
-29.0259
-28.9299
-28.834
-28.7381
-28.6422
-28.5464
-28.4506
-28.3548
-28.2591
-28.1634
-28.0677
-27.9721
-27.8764
-27.7809
-27.6853
-27.5898
-27.4943
-27.3988
-27.3034
-27.208
-27.1126
-27.0173
-26.922
-26.8267
-26.7314
-26.6362
-26.541
-26.4458
-26.3507
-26.2556
-26.1605
-26.0655
-25.9705
-25.8755
-25.7805
-25.6856
-25.5907
-25.4958
-25.401
-25.3062
-25.2114
-25.1166
-25.0219
-24.9272
-24.8325
-24.7379
-24.6432
-24.5487
-24.4541
-24.3596
-24.2651
-24.1706
-24.0761
-23.9817
-23.8873
-23.793
-23.6986
-23.6043
-23.51
-23.4158
-23.3215
-23.2273
-23.1331
-23.039
-22.9449
-22.8508
-22.7567
-22.6626
-22.5686
-22.4746
-22.3807
-22.2867
-22.1928
-22.0989
-22.005
-21.9112
-21.8174
-21.7236
-21.6298
-21.5361
-21.4424
-21.3487
-21.255
-21.1614
-21.0678
-20.9742
-20.8806
-20.7871
-20.6936
-20.6001
-20.5066
-20.4132
-20.3197
-20.2263
-20.133
-20.0396
-19.9463
-19.853
-19.7597
-19.6664
-19.5732
-19.48
-19.3868
-19.2937
-19.2005
-19.1074
-19.0143
-18.9212
-18.8282
-18.7351
-18.6421
-18.5492
-18.4562
-18.3632
-18.2703
-18.1774
-18.0846
-17.9917
-17.8989
-17.8061
-17.7133
-17.6205
-17.5277
-17.435
-17.3423
-17.2496
-17.157
-17.0643
-16.9717
-16.8791
-16.7865
-16.6939
-16.6014
-16.5089
-16.4164
-16.3239
-16.2314
-16.139
-16.0465
-15.9541
-15.8617
-15.7694
-15.677
-15.5847
-15.4924
-15.4001
-15.3078
-15.2155
-15.1233
-15.0311
-14.9389
-14.8467
-14.7545
-14.6623
-14.5702
-14.4781
-14.386
-14.2939
-14.2019
-14.1098
-14.0178
-13.9258
-13.8338
-13.7418
-13.6498
-13.5579
-13.4659
-13.374
-13.2821
-13.1902
-13.0984
-13.0065
-12.9147
-12.8229
-12.7311
-12.6393
-12.5475
-12.4557
-12.364
-12.2723
-12.1806
-12.0889
-11.9972
-11.9055
-11.8138
-11.7222
-11.6306
-11.539
-11.4474
-11.3558
-11.2642
-11.1726
-11.0811
-10.9896
-10.898
-10.8065
-10.715
-10.6236
-10.5321
-10.4406
-10.3492
-10.2578
-10.1663
-10.0749
-9.98353
-9.89215
-9.80078
-9.70942
-9.61807
-9.52674
-9.43541
-9.3441
-9.2528
-9.16151
-9.07022
-8.97895
-8.8877
-8.79645
-8.70521
-8.61398
-8.52276
-8.43156
-8.34036
-8.24917
-8.15799
-8.06682
-7.97566
-7.88451
-7.79337
-7.70224
-7.61112
-7.52001
-7.4289
-7.33781
-7.24672
-7.15564
-7.06457
-6.97351
-6.88245
-6.79141
-6.70037
-6.60934
-6.51831
-6.4273
-6.33629
-6.24529
-6.1543
-6.06331
-5.97233
-5.88136
-5.79039
-5.69943
-5.60848
-5.51753
-5.42659
-5.33565
-5.24472
-5.1538
-5.06288
-4.97197
-4.88106
-4.79016
-4.69927
-4.60838
-4.51749
-4.42661
-4.33573
-4.24486
-4.15399
-4.06313
-3.97227
-3.88142
-3.79057
-3.69972
-3.60888
-3.51804
-3.4272
-3.33637
-3.24554
-3.15472
-3.06389
-2.97307
-2.88226
-2.79144
-2.70063
-2.60982
-2.51902
-2.42821
-2.33741
-2.24661
-2.15581
-2.06501
-1.97422
-1.88342
-1.79263
-1.70184
-1.61105
-1.52026
-1.42947
-1.33868
-1.24789
-1.15711
-1.06632
-0.975535
-0.884749
-0.793963
-0.703177
-0.61239
-0.521604
-0.430816
-0.340028
-0.24924
-0.15845
-0.0676597
0.0231319
0.113925
0.204719
0.295515
0.386312
0.477111
0.567912
0.658715
0.74952
0.840327
0.931136
1.02195
1.11276
1.20358
1.2944
1.38522
1.47605
1.56688
1.65771
1.74855
1.83939
1.93023
2.02108
2.11193
2.20279
2.29365
2.38451
2.47538
2.56625
2.65713
2.74801
2.8389
2.92979
3.02069
3.11159
3.2025
3.29342
3.38433
3.47526
3.56619
3.65713
3.74807
3.83902
3.92998
4.02094
4.11191
4.20289
4.29387
4.38487
4.47586
4.56687
4.65788
4.7489
4.83993
4.93097
5.02201
5.11306
5.20412
5.29519
5.38627
5.47735
5.56845
5.65955
5.75066
5.84178
5.93291
6.02405
6.1152
6.20636
6.29753
6.3887
6.47989
6.57109
6.6623
6.75352
6.84475
6.93598
7.02724
7.1185
7.20977
7.30105
7.39235
7.48365
7.57497
7.6663
7.75764
7.84899
7.94035
8.03173
8.12312
8.21452
8.30593
8.39736
8.48879
8.58024
8.67171
8.76319
8.85468
8.94618
9.0377
9.12923
9.22077
9.31233
9.4039
9.49549
9.58709
9.6787
9.77033
9.86197
9.95363
10.0453
10.137
10.2287
10.3204
10.4121
10.5039
10.5957
10.6874
10.7792
10.871
10.9629
11.0547
11.1466
11.2385
11.3303
11.4223
11.5142
11.6061
11.6981
11.7901
11.8821
11.9741
12.0661
12.1582
12.2502
12.3423
12.4344
12.5265
12.6187
12.7108
12.803
12.8952
12.9874
13.0796
13.1719
13.2641
13.3564
13.4487
13.5411
13.6334
13.7258
13.8182
13.9106
14.003
14.0954
14.1879
14.2804
14.3729
14.4654
14.558
14.6506
14.7431
14.8358
14.9284
15.0211
15.1137
15.2064
15.2991
15.3919
15.4847
15.5774
15.6703
15.7631
15.8559
15.9488
16.0417
16.1346
16.2276
16.3205
16.4135
16.5066
16.5996
16.6927
16.7857
16.8789
16.972
17.0651
17.1583
17.2515
17.3448
17.438
17.5313
17.6246
17.7179
17.8113
17.9047
17.9981
18.0915
18.185
18.2784
18.3719
18.4655
18.559
18.6526
18.7462
18.8399
18.9335
19.0272
19.1209
19.2147
19.3085
19.4023
19.4961
19.5899
19.6838
19.7777
19.8717
19.9656
20.0596
20.1536
20.2477
20.3418
20.4359
20.53
20.6242
20.7183
20.8126
20.9068
21.0011
21.0954
21.1897
21.2841
21.3785
21.4729
21.5674
21.6618
21.7563
21.8509
21.9455
22.0401
22.1347
22.2294
22.3241
22.4188
22.5135
22.6083
22.7031
22.798
22.8929
22.9878
23.0827
23.1777
23.2727
23.3677
23.4628
23.5579
23.653
23.7482
23.8434
23.9386
24.0339
24.1292
24.2245
24.3199
24.4153
24.5107
24.6062
24.7017
24.7972
24.8927
24.9883
25.084
25.1796
25.2753
25.3711
25.4668
25.5626
25.6585
25.7543
25.8502
25.9462
26.0421
26.1381
26.2342
26.3303
26.4264
26.5225
26.6187
26.7149
26.8112
26.9075
27.0038
27.1001
27.1965
27.293
27.3894
27.486
27.5825
27.6791
27.7757
27.8723
27.969
28.0658
28.1625
28.2593
28.3562
28.453
28.55
28.6469
28.7439
28.8409
28.938
29.0351
29.1322
29.2294
29.3266
29.4239
29.5212
29.6185
29.7159
29.8133
29.9107
30.0082
30.1057
30.2033
30.3009
30.3985
30.4962
30.5939
30.6917
30.7895
30.8873
30.9852
31.0831
31.1811
31.2791
31.3771
31.4752
31.5733
31.6715
31.7697
31.8679
31.9662
32.0646
32.1629
32.2613
32.3598
32.4583
32.5568
32.6554
32.754
32.8526
32.9513
33.0501
33.1488
33.2477
33.3465
33.4454
33.5444
33.6434
33.7424
33.8415
33.9406
34.0397
34.1389
34.2382
34.3375
34.4368
34.5362
34.6356
34.735
34.8345
34.9341
35.0337
35.1333
35.233
35.3327
35.4325
35.5323
35.6321
35.732
35.8319
35.9319
36.0319
36.132
36.2321
36.3323
36.4325
36.5327
36.633
36.7334
36.8337
36.9342
37.0346
37.1351
37.2357
37.3363
37.437
37.5376
37.6384
37.7392
37.84
37.9409
38.0418
38.1428
38.2438
38.3448
38.4459
38.5471
38.6483
38.7495
38.8508
38.9521
39.0535
39.1549
39.2564
39.3579
39.4595
39.5611
39.6628
39.7645
39.8662
39.968
40.0698
40.1717
40.2737
40.3757
40.4777
40.5798
40.6819
40.7841
40.8863
40.9885
41.0908
41.1932
41.2956
41.3981
41.5006
41.6031
41.7057
41.8084
41.9111
42.0138
42.1166
42.2194
42.3223
42.4252
42.5282
42.6312
42.7343
42.8374
42.9406
43.0438
43.1471
43.2504
43.3538
43.4572
43.5606
43.6641
43.7677
43.8713
43.9749
44.0786
44.1824
44.2862
44.39
44.4939
44.5979
44.7019
44.8059
44.91
45.0142
45.1183
45.2226
45.3269
45.4312
45.5356
45.64
45.7445
45.849
45.9536
46.0582
46.1629
46.2676
46.3724
46.4772
46.5821
46.687
46.792
46.897
47.0021
47.1072
47.2124
47.3176
47.4229
47.5282
47.6336
47.739
47.8445
47.95
48.0555
48.1612
48.2668
48.3725
48.4783
48.5841
48.69
48.7959
48.9018
49.0079
49.1139
49.22
49.3262
49.4324
49.5387
49.645
49.7513
49.8577
49.9642
50.0707
50.1773
50.2839
50.3905
50.4972
50.604
50.7108
50.8176
50.9245
51.0315
51.1385
51.2456
51.3527
51.4598
51.567
51.6743
51.7816
51.8889
51.9963
52.1038
52.2113
52.3188
52.4264
52.5341
52.6418
52.7495
52.8573
52.9652
53.073
53.181
53.289
53.397
53.5051
53.6133
53.7215
53.8297
53.938
54.0463
54.1547
54.2631
54.3716
54.4802
54.5888
54.6974
54.8061
54.9148
55.0236
55.1324
55.2413
55.3502
55.4592
55.5682
55.6773
55.7864
55.8956
56.0048
56.1141
56.2234
56.3328
56.4422
56.5516
56.6612
56.7707
56.8803
56.99
57.0997
57.2094
57.3192
57.4291
57.539
57.6489
57.7589
57.869
57.9791
58.0892
58.1994
58.3096
58.4199
58.5302
58.6406
58.751
58.8615
58.972
59.0826
59.1932
59.3039
59.4146
59.5253
59.6361
59.747
59.8579
59.9688
60.0798
60.1908
60.3019
60.4131
60.5242
60.6355
60.7467
60.858
60.9694
61.0808
61.1923
61.3038
61.4153
61.5269
61.6385
61.7502
61.862
61.9737
62.0855
62.1974
62.3093
62.4213
62.5333
62.6453
62.7574
62.8696
62.9817
63.094
63.2062
63.3186
63.4309
63.5433
63.6558
63.7683
63.8808
63.9934
64.106
64.2187
64.3314
64.4442
64.557
64.6698
64.7827
64.8956
65.0086
65.1216
65.2347
65.3478
65.4609
65.5741
65.6874
65.8006
65.9139
66.0273
66.1407
66.2542
66.3676
66.4812
66.5947
66.7083
66.822
66.9357
67.0494
67.1632
67.277
67.3909
67.5048
67.6187
67.7327
67.8467
67.9608
68.0749
68.189
68.3032
68.4174
68.5317
68.646
68.7603
68.8747
68.9891
69.1036
69.2181
69.3326
69.4472
69.5618
69.6765
69.7912
69.9059
70.0207
70.1355
70.2503
70.3652
70.4801
70.5951
70.7101
70.8251
70.9402
71.0553
71.1704
71.2856
71.4008
71.5161
71.6314
71.7467
71.862
71.9774
72.0929
72.2083
72.3238
72.4394
72.555
72.6706
72.7862
72.9019
73.0176
73.1333
73.2491
73.3649
73.4808
73.5967
73.7126
73.8285
73.9445
74.0605
74.1766
74.2926
74.4088
74.5249
74.6411
74.7573
74.8735
74.9898
75.1061
75.2224
75.3388
75.4552
75.5716
75.6881
75.8046
75.9211
76.0377
76.1543
76.2709
76.3875
76.5042
76.6209
76.7376
76.8544
76.9712
77.088
77.2048
77.3217
77.4386
77.5555
77.6725
77.7895
77.9065
78.0235
78.1406
78.2577
78.3748
78.492
78.6092
78.7264
78.8436
78.9608
79.0781
79.1954
79.3128
79.4301
79.5475
79.6649
79.7823
79.8998
80.0173
80.1348
80.2523
80.3698
80.4874
80.605
80.7226
80.8403
80.9579
81.0756
81.1933
81.3111
81.4288
81.5466
81.6644
81.7822
81.9001
82.0179
82.1358
82.2537
82.3717
82.4896
82.6076
82.7255
82.8436
82.9616
83.0796
83.1977
83.3158
83.4339
83.552
83.6701
83.7883
83.9064
84.0246
84.1428
84.2611
84.3793
84.4976
84.6158
84.7341
84.8524
84.9708
85.0891
85.2075
85.3258
85.4442
85.5626
85.681
85.7995
85.9179
86.0364
86.1548
86.2733
86.3918
86.5103
86.6289
86.7474
86.866
86.9845
87.1031
87.2217
87.3403
87.4589
87.5775
87.6962
87.8148
87.9335
88.0521
88.1708
88.2895
88.4082
88.5269
88.6456
88.7644
88.8831
89.0018
89.1206
89.2394
89.3581
89.4769
89.5957
89.7145
89.8333
89.9521
-89.9291
-89.8103
-89.6914
-89.5726
-89.4538
-89.3349
-89.2161
-89.0972
-88.9784
-88.8595
-88.7406
-88.6217
-88.5029
-88.384
-88.2651
-88.1462
-88.0273
-87.9084
-87.7895
-87.6706
-87.5517
-87.4328
-87.3138
-87.1949
-87.076
-86.9571
-86.8382
-86.7193
-86.6003
-86.4814
-86.3625
-86.2436
-86.1246
-86.0057
-85.8868
-85.7679
-85.649
-85.53
-85.4111
-85.2922
-85.1733
-85.0544
-84.9355
-84.8165
-84.6976
-84.5787
-84.4598
-84.3409
-84.222
-84.1032
-83.9843
-83.8654
-83.7465
-83.6276
-83.5088
-83.3899
-83.271
-83.1522
-83.0333
-82.9145
-82.7957
-82.6768
-82.558
-82.4392
-82.3204
-82.2016
-82.0828
-81.964
-81.8452
-81.7264
-81.6077
-81.4889
-81.3702
-81.2514
-81.1327
-81.014
-80.8953
-80.7766
-80.6579
-80.5392
-80.4205
-80.3019
-80.1832
-80.0646
-79.9459
-79.8273
-79.7087
-79.5901
-79.4715
-79.353
-79.2344
-79.1159
-78.9973
-78.8788
-78.7603
-78.6418
-78.5233
-78.4049
-78.2864
-78.168
-78.0496
-77.9312
-77.8128
-77.6944
-77.576
-77.4577
-77.3393
-77.221
-77.1027
-76.9844
-76.8662
-76.7479
-76.6297
-76.5115
-76.3933
-76.2751
-76.1569
-76.0388
-75.9207
-75.8025
-75.6845
-75.5664
-75.4483
-75.3303
-75.2123
-75.0943
-74.9763
-74.8583
-74.7404
-74.6225
-74.5046
-74.3867
-74.2688
-74.151
-74.0332
-73.9154
-73.7976
-73.6799
-73.5622
-73.4444
-73.3268
-73.2091
-73.0915
-72.9738
-72.8563
-72.7387
-72.6211
-72.5036
-72.3861
-72.2686
-72.1512
-72.0338
-71.9164
-71.799
-71.6816
-71.5643
-71.447
-71.3297
-71.2125
-71.0952
-70.978
-70.8608
-70.7437
-70.6266
-70.5095
-70.3924
-70.2754
-70.1583
-70.0414
-69.9244
-69.8075
-69.6906
-69.5737
-69.4568
-69.34
-69.2232
-69.1064
-68.9897
-68.873
-68.7563
-68.6397
-68.5231
-68.4065
-68.2899
-68.1734
-68.0569
-67.9404
-67.824
-67.7076
-67.5912
-67.4748
-67.3585
-67.2422
-67.126
-67.0097
-66.8936
-66.7774
-66.6613
-66.5452
-66.4291
-66.3131
-66.1971
-66.0811
-65.9652
-65.8493
-65.7334
-65.6176
-65.5018
-65.386
-65.2703
-65.1546
-65.0389
-64.9233
-64.8077
-64.6921
-64.5766
-64.4611
-64.3456
-64.2302
-64.1148
-63.9995
-63.8841
-63.7689
-63.6536
-63.5384
-63.4232
-63.3081
-63.193
-63.0779
-62.9629
-62.8479
-62.7329
-62.618
-62.5031
-62.3883
-62.2735
-62.1587
-62.044
-61.9293
-61.8146
-61.7
-61.5854
-61.4708
-61.3563
-61.2419
-61.1274
-61.013
-60.8987
-60.7844
-60.6701
-60.5559
-60.4417
-60.3275
-60.2134
-60.0993
-59.9853
-59.8713
-59.7573
-59.6434
-59.5295
-59.4156
-59.3018
-59.1881
-59.0744
-58.9607
-58.847
-58.7334
-58.6199
-58.5064
-58.3929
-58.2794
-58.1661
-58.0527
-57.9394
-57.8261
-57.7129
-57.5997
-57.4866
-57.3734
-57.2604
-57.1474
-57.0344
-56.9215
-56.8086
-56.6957
-56.5829
-56.4701
-56.3574
-56.2447
-56.1321
-56.0195
-55.9069
-55.7944
-55.682
-55.5696
-55.4572
-55.3448
-55.2325
-55.1203
-55.0081
-54.8959
-54.7838
-54.6717
-54.5597
-54.4477
-54.3358
-54.2239
-54.112
-54.0002
-53.8885
-53.7767
-53.6651
-53.5534
-53.4418
-53.3303
-53.2188
-53.1074
-52.9959
-52.8846
-52.7733
-52.662
-52.5508
-52.4396
-52.3285
-52.2174
-52.1063
-51.9953
-51.8844
-51.7734
-51.6626
-51.5518
-51.441
-51.3303
-51.2196
-51.109
-50.9984
-50.8878
-50.7773
-50.6669
-50.5565
-50.4461
-50.3358
-50.2255
-50.1153
-50.0051
-49.895
-49.7849
-49.6749
-49.5649
-49.455
-49.3451
-49.2352
-49.1254
-49.0157
-48.906
-48.7963
-48.6867
-48.5771
-48.4676
-48.3581
-48.2487
-48.1393
-48.03
-47.9207
-47.8114
-47.7022
-47.5931
-47.484
-47.375
-47.266
-47.157
-47.0481
-46.9392
-46.8304
-46.7216
-46.6129
-46.5042
-46.3956
-46.287
-46.1785
-46.07
-45.9616
-45.8532
-45.7449
-45.6366
-45.5283
-45.4201
-45.312
-45.2039
-45.0958
-44.9878
-44.8798
-44.7719
-44.6641
-44.5562
-44.4485
-44.3407
-44.2331
-44.1254
-44.0179
-43.9103
-43.8028
-43.6954
-43.588
-43.4807
-43.3734
-43.2661
-43.1589
-43.0518
-42.9447
-42.8376
-42.7306
-42.6237
-42.5167
-42.4099
-42.3031
-42.1963
-42.0896
-41.9829
-41.8763
-41.7697
-41.6632
-41.5567
-41.4502
-41.3438
-41.2375
-41.1312
-41.025
-40.9188
-40.8126
-40.7065
-40.6004
-40.4944
-40.3885
-40.2826
-40.1767
-40.0709
-39.9651
-39.8594
-39.7537
-39.6481
-39.5425
-39.4369
-39.3315
-39.226
-39.1206
-39.0153
-38.91
-38.8047
-38.6995
-38.5944
-38.4892
-38.3842
-38.2792
-38.1742
-38.0693
-37.9644
-37.8596
-37.7548
-37.65
-37.5453
-37.4407
-37.3361
-37.2316
-37.1271
-37.0226
-36.9182
-36.8138
-36.7095
-36.6052
-36.501
-36.3968
-36.2927
-36.1886
-36.0846
-35.9806
-35.8767
-35.7728
-35.6689
-35.5651
-35.4613
-35.3576
-35.2539
-35.1503
-35.0467
-34.9432
-34.8397
-34.7363
-34.6329
-34.5295
-34.4262
-34.323
-34.2198
-34.1166
-34.0135
-33.9104
-33.8074
-33.7044
-33.6015
-33.4986
-33.3957
-33.2929
-33.1902
-33.0874
-32.9848
-32.8822
-32.7796
-32.677
-32.5745
-32.4721
-32.3697
-32.2673
-32.165
-32.0628
-31.9605
-31.8584
-31.7562
-31.6541
-31.5521
-31.4501
-31.3481
-31.2462
-31.1444
-31.0425
-30.9408
-30.839
-30.7373
-30.6357
-30.5341
-30.4325
-30.331
-30.2295
-30.1281
-30.0267
-29.9253
-29.824
-29.7228
-29.6215
-29.5204
-29.4192
-29.3181
-29.2171
-29.1161
-29.0151
-28.9142
-28.8133
-28.7125
-28.6117
-28.511
-28.4103
-28.3096
-28.209
-28.1084
-28.0078
-27.9073
-27.8069
-27.7065
-27.6061
-27.5058
-27.4055
-27.3052
-27.205
-27.1048
-27.0047
-26.9046
-26.8046
-26.7046
-26.6046
-26.5047
-26.4048
-26.305
-26.2052
-26.1054
-26.0057
-25.906
-25.8064
-25.7068
-25.6072
-25.5077
-25.4082
-25.3088
-25.2094
-25.11
-25.0107
-24.9114
-24.8122
-24.713
-24.6138
-24.5147
-24.4156
-24.3166
-24.2176
-24.1186
-24.0197
-23.9208
-23.8219
-23.7231
-23.6243
-23.5256
-23.4269
-23.3282
-23.2296
-23.131
-23.0325
-22.934
-22.8355
-22.7371
-22.6387
-22.5403
-22.442
-22.3437
-22.2454
-22.1472
-22.0491
-21.9509
-21.8528
-21.7547
-21.6567
-21.5587
-21.4608
-21.3629
-21.265
-21.1671
-21.0693
-20.9715
-20.8738
-20.7761
-20.6784
-20.5808
-20.4832
-20.3856
-20.2881
-20.1906
-20.0932
-19.9957
-19.8984
-19.801
-19.7037
-19.6064
-19.5091
-19.4119
-19.3148
-19.2176
-19.1205
-19.0234
-18.9264
-18.8294
-18.7324
-18.6354
-18.5385
-18.4417
-18.3448
-18.248
-18.1512
-18.0545
-17.9578
-17.8611
-17.7645
-17.6678
-17.5713
-17.4747
-17.3782
-17.2817
-17.1853
-17.0888
-16.9924
-16.8961
-16.7998
-16.7035
-16.6072
-16.511
-16.4148
-16.3186
-16.2225
-16.1264
-16.0303
-15.9343
-15.8382
-15.7423
-15.6463
-15.5504
-15.4545
-15.3586
-15.2628
-15.167
-15.0712
-14.9755
-14.8798
-14.7841
-14.6884
-14.5928
-14.4972
-14.4016
-14.3061
-14.2106
-14.1151
-14.0196
-13.9242
-13.8288
-13.7334
-13.6381
-13.5428
-13.4475
-13.3522
-13.257
-13.1618
-13.0666
-12.9715
-12.8764
-12.7813
-12.6862
-12.5912
-12.4962
-12.4012
-12.3062
-12.2113
-12.1164
-12.0215
-11.9267
-11.8318
-11.737
-11.6423
-11.5475
-11.4528
-11.3581
-11.2634
-11.1688
-11.0741
-10.9795
-10.885
-10.7904
-10.6959
-10.6014
-10.5069
-10.4125
-10.318
-10.2236
-10.1293
-10.0349
-9.94057
-9.84627
-9.75198
-9.65772
-9.56349
-9.46927
-9.37508
-9.28092
-9.18677
-9.09265
-8.99855
-8.90447
-8.81042
-8.71639
-8.62238
-8.52839
-8.43442
-8.34048
-8.24656
-8.15266
-8.05878
-7.96492
-7.87108
-7.77727
-7.68347
-7.5897
-7.49594
-7.40221
-7.3085
-7.21481
-7.12114
-7.02749
-6.93385
-6.84024
-6.74665
-6.65308
-6.55953
-6.466
-6.37248
-6.27899
-6.18551
-6.09206
-5.99862
-5.9052
-5.8118
-5.71842
-5.62506
-5.53172
-5.43839
-5.34508
-5.25179
-5.15852
-5.06527
-4.97203
-4.87881
-4.78561
-4.69242
-4.59926
-4.5061
-4.41297
-4.31985
-4.22675
-4.13367
-4.0406
-3.94755
-3.85452
-3.7615
-3.66849
-3.57551
-3.48253
-3.38958
-3.29664
-3.20371
-3.1108
-3.01791
-2.92503
-2.83216
-2.73931
-2.64647
-2.55365
-2.46085
-2.36805
-2.27527
-2.18251
-2.08976
-1.99702
-1.9043
-1.81159
-1.71889
-1.62621
-1.53354
-1.44088
-1.34824
-1.25561
-1.16299
-1.07038
-0.977787
-0.885206
-0.792637
-0.70008
-0.607534
-0.515001
-0.422479
-0.329969
-0.237471
-0.144984
-0.0525078
0.0399571
0.132411
0.224854
0.317286
0.409708
0.502119
0.59452
0.68691
0.779291
0.871661
0.964022
1.05637
1.14871
1.24104
1.33337
1.42568
1.51798
1.61028
1.70256
1.79484
1.88711
1.97937
2.07162
2.16386
2.2561
2.34832
2.44054
2.53275
2.62496
2.71715
2.80934
2.90152
2.99369
3.08586
3.17802
3.27017
3.36232
3.45446
3.54659
3.63872
3.73084
3.82295
3.91506
4.00716
4.09926
4.19135
4.28343
4.37551
4.46758
4.55965
4.65172
4.74378
4.83583
4.92788
5.01993
5.11197
5.204
5.29604
5.38806
5.48009
5.57211
5.66413
5.75614
5.84815
5.94015
6.03216
6.12416
6.21615
6.30815
6.40014
6.49213
6.58412
6.6761
6.76808
6.86006
6.95204
7.04401
7.13599
7.22796
7.31993
7.4119
7.50387
7.59583
7.6878
7.77977
7.87173
7.96369
8.05566
8.14762
8.23958
8.33154
8.4235
8.51547
8.60743
8.69939
8.79135
8.88332
8.97528
9.06725
9.15921
9.25118
9.34314
9.43511
9.52708
9.61906
9.71103
9.803
9.89498
9.98696
10.0789
10.1709
10.2629
10.3549
10.4469
10.5389
10.6309
10.7229
10.8149
10.9069
10.9989
11.0909
11.1829
11.2749
11.367
11.459
11.551
11.6431
11.7351
11.8271
11.9192
12.0112
12.1033
12.1954
12.2874
12.3795
12.4716
12.5637
12.6557
12.7478
12.8399
12.932
13.0241
13.1163
13.2084
13.3005
13.3927
13.4848
13.5769
13.6691
13.7613
13.8534
13.9456
14.0378
14.13
14.2222
14.3144
14.4066
14.4988
14.591
14.6833
14.7755
14.8678
14.96
15.0523
15.1446
15.2369
15.3292
15.4215
15.5138
15.6061
15.6984
15.7908
15.8831
15.9755
16.0679
16.1602
16.2526
16.345
16.4375
16.5299
16.6223
16.7147
16.8072
16.8997
16.9921
17.0846
17.1771
17.2696
17.3621
17.4547
17.5472
17.6398
17.7323
17.8249
17.9175
18.0101
18.1027
18.1953
18.288
18.3806
18.4733
18.566
18.6587
18.7514
18.8441
18.9368
19.0296
19.1223
19.2151
19.3079
19.4007
19.4935
19.5863
19.6791
19.772
19.8649
19.9577
20.0506
20.1435
20.2365
20.3294
20.4224
20.5153
20.6083
20.7013
20.7943
20.8874
20.9804
21.0735
21.1666
21.2597
21.3528
21.4459
21.5391
21.6322
21.7254
21.8186
21.9118
22.005
22.0983
22.1915
22.2848
22.3781
22.4714
22.5648
22.6581
22.7515
22.8449
22.9383
23.0317
23.1251
23.2186
23.312
23.4055
23.4991
23.5926
23.6861
23.7797
23.8733
23.9669
24.0605
24.1542
24.2478
24.3415
24.4352
24.5289
24.6227
24.7165
24.8102
24.904
24.9979
25.0917
25.1856
25.2795
25.3734
25.4673
25.5612
25.6552
25.7492
25.8432
25.9372
26.0313
26.1254
26.2195
26.3136
26.4077
26.5019
26.5961
26.6903
26.7845
26.8787
26.973
27.0673
27.1616
27.256
27.3503
27.4447
27.5391
27.6335
27.728
27.8225
27.917
28.0115
28.1061
28.2006
28.2952
28.3898
28.4845
28.5791
28.6738
28.7685
28.8633
28.958
29.0528
29.1476
29.2425
29.3373
29.4322
29.5271
29.6221
29.717
29.812
29.907
30.0021
30.0971
30.1922
30.2873
30.3825
30.4776
30.5728
30.668
30.7633
30.8585
30.9538
31.0492
31.1445
31.2399
31.3353
31.4307
31.5262
31.6216
31.7172
31.8127
31.9082
32.0038
32.0995
32.1951
32.2908
32.3865
32.4822
32.5779
32.6737
32.7695
32.8654
32.9612
33.0571
33.1531
33.249
33.345
33.441
33.537
33.6331
33.7292
33.8253
33.9214
34.0176
34.1138
34.2101
34.3063
34.4026
34.499
34.5953
34.6917
34.7881
34.8845
34.981
35.0775
35.1741
35.2706
35.3672
35.4638
35.5605
35.6572
35.7539
35.8506
35.9474
36.0442
36.141
36.2379
36.3348
36.4317
36.5287
36.6257
36.7227
36.8197
36.9168
37.0139
37.1111
37.2082
37.3055
37.4027
37.5
37.5973
37.6946
37.792
37.8894
37.9868
38.0842
38.1817
38.2793
38.3768
38.4744
38.572
38.6697
38.7674
38.8651
38.9628
39.0606
39.1584
39.2563
39.3542
39.4521
39.55
39.648
39.746
39.8441
39.9422
40.0403
40.1384
40.2366
40.3348
40.4331
40.5313
40.6296
40.728
40.8264
40.9248
41.0232
41.1217
41.2202
41.3188
41.4174
41.516
41.6146
41.7133
41.812
41.9108
42.0096
42.1084
42.2073
42.3062
42.4051
42.504
42.603
42.7021
42.8011
42.9002
42.9994
43.0985
43.1977
43.297
43.3963
43.4956
43.5949
43.6943
43.7937
43.8932
43.9926
44.0922
44.1917
44.2913
44.3909
44.4906
44.5903
44.69
44.7898
44.8896
44.9894
45.0893
45.1892
45.2892
45.3891
45.4892
45.5892
45.6893
45.7894
45.8896
45.9898
46.09
46.1903
46.2906
46.3909
46.4913
46.5917
46.6922
46.7927
46.8932
46.9937
47.0943
47.195
47.2956
47.3963
47.4971
47.5978
47.6987
47.7995
47.9004
48.0013
48.1023
48.2033
48.3043
48.4054
48.5065
48.6076
48.7088
48.81
48.9113
49.0125
49.1139
49.2152
49.3166
49.4181
49.5195
49.6211
49.7226
49.8242
49.9258
50.0275
50.1291
50.2309
50.3326
50.4345
50.5363
50.6382
50.7401
50.842
50.944
51.0461
51.1481
51.2502
51.3524
51.4545
51.5567
51.659
51.7613
51.8636
51.966
52.0683
52.1708
52.2733
52.3758
52.4783
52.5809
52.6835
52.7862
52.8889
52.9916
53.0943
53.1972
53.3
53.4029
53.5058
53.6087
53.7117
53.8147
53.9178
54.0209
54.124
54.2272
54.3304
54.4337
54.537
54.6403
54.7436
54.847
54.9505
55.0539
55.1574
55.261
55.3646
55.4682
55.5718
55.6755
55.7793
55.883
55.9868
56.0907
56.1945
56.2984
56.4024
56.5064
56.6104
56.7145
56.8185
56.9227
57.0268
57.131
57.2353
57.3396
57.4439
57.5482
57.6526
57.757
57.8615
57.966
58.0705
58.1751
58.2797
58.3843
58.489
58.5937
58.6985
58.8032
58.9081
59.0129
59.1178
59.2227
59.3277
59.4327
59.5377
59.6428
59.7479
59.853
59.9582
60.0634
60.1687
60.274
60.3793
60.4846
60.59
60.6955
60.8009
60.9064
61.0119
61.1175
61.2231
61.3287
61.4344
61.5401
61.6459
61.7516
61.8574
61.9633
62.0692
62.1751
62.281
62.387
62.493
62.5991
62.7052
62.8113
62.9175
63.0236
63.1299
63.2361
63.3424
63.4487
63.5551
63.6615
63.7679
63.8744
63.9809
64.0874
64.194
64.3006
64.4072
64.5139
64.6205
64.7273
64.834
64.9408
65.0477
65.1545
65.2614
65.3683
65.4753
65.5823
65.6893
65.7964
65.9035
66.0106
66.1177
66.2249
66.3321
66.4394
66.5467
66.654
66.7613
66.8687
66.9761
67.0835
67.191
67.2985
67.4061
67.5136
67.6212
67.7288
67.8365
67.9442
68.0519
68.1597
68.2674
68.3753
68.4831
68.591
68.6989
68.8068
68.9148
69.0228
69.1308
69.2388
69.3469
69.455
69.5632
69.6713
69.7795
69.8878
69.996
70.1043
70.2126
70.321
70.4294
70.5378
70.6462
70.7546
70.8631
70.9717
71.0802
71.1888
71.2974
71.406
71.5147
71.6233
71.7321
71.8408
71.9496
72.0584
72.1672
72.276
72.3849
72.4938
72.6027
72.7117
72.8207
72.9297
73.0387
73.1478
73.2569
73.366
73.4751
73.5843
73.6935
73.8027
73.9119
74.0212
74.1305
74.2398
74.3491
74.4585
74.5679
74.6773
74.7867
74.8962
75.0057
75.1152
75.2247
75.3343
75.4439
75.5535
75.6631
75.7728
75.8824
75.9921
76.1018
76.2116
76.3214
76.4312
76.541
76.6508
76.7607
76.8705
76.9804
77.0904
77.2003
77.3103
77.4203
77.5303
77.6403
77.7503
77.8604
77.9705
78.0806
78.1908
78.3009
78.4111
78.5213
78.6315
78.7417
78.852
78.9622
79.0725
79.1829
79.2932
79.4035
79.5139
79.6243
79.7347
79.8451
79.9556
80.066
80.1765
80.287
80.3975
80.508
80.6186
80.7292
80.8397
80.9503
81.061
81.1716
81.2822
81.3929
81.5036
81.6143
81.725
81.8357
81.9465
82.0572
82.168
82.2788
82.3896
82.5005
82.6113
82.7221
82.833
82.9439
83.0548
83.1657
83.2766
83.3876
83.4985
83.6095
83.7205
83.8314
83.9425
84.0535
84.1645
84.2755
84.3866
84.4977
84.6087
84.7198
84.8309
84.9421
85.0532
85.1643
85.2755
85.3866
85.4978
85.609
85.7202
85.8314
85.9426
86.0538
86.165
86.2763
86.3875
86.4988
86.6101
86.7213
86.8326
86.9439
87.0552
87.1665
87.2779
87.3892
87.5005
87.6119
87.7232
87.8346
87.946
88.0573
88.1687
88.2801
88.3915
88.5029
88.6143
88.7257
88.8372
88.9486
89.06
89.1715
89.2829
89.3944
89.5058
89.6173
89.7287
89.8402
89.9517
-89.9368
-89.8254
-89.7139
-89.6024
-89.4909
-89.3794
-89.2679
-89.1564
-89.0449
-88.9334
-88.8219
-88.7103
-88.5988
-88.4873
-88.3758
-88.2643
-88.1527
-88.0412
-87.9297
-87.8182
-87.7066
-87.5951
-87.4836
-87.372
-87.2605
-87.149
-87.0374
-86.9259
-86.8144
-86.7028
-86.5913
-86.4798
-86.3683
-86.2567
-86.1452
-86.0337
-85.9221
-85.8106
-85.6991
-85.5876
-85.4761
-85.3646
-85.253
-85.1415
-85.03
-84.9185
-84.807
-84.6955
-84.5841
-84.4726
-84.3611
-84.2496
-84.1381
-84.0267
-83.9152
-83.8037
-83.6923
-83.5808
-83.4694
-83.3579
-83.2465
-83.1351
-83.0236
-82.9122
-82.8008
-82.6894
-82.578
-82.4666
-82.3552
-82.2439
-82.1325
-82.0211
-81.9098
-81.7984
-81.6871
-81.5757
-81.4644
-81.3531
-81.2418
-81.1305
-81.0192
-80.9079
-80.7966
-80.6854
-80.5741
-80.4629
-80.3516
-80.2404
-80.1292
-80.018
-79.9068
-79.7956
-79.6845
-79.5733
-79.4621
-79.351
-79.2399
-79.1288
-79.0176
-78.9066
-78.7955
-78.6844
-78.5733
-78.4623
-78.3513
-78.2402
-78.1292
-78.0182
-77.9073
-77.7963
-77.6853
-77.5744
-77.4635
-77.3526
-77.2417
-77.1308
-77.0199
-76.9091
-76.7982
-76.6874
-76.5766
-76.4658
-76.355
-76.2442
-76.1335
-76.0228
-75.912
-75.8013
-75.6906
-75.58
-75.4693
-75.3587
-75.2481
-75.1375
-75.0269
-74.9163
-74.8058
-74.6952
-74.5847
-74.4742
-74.3637
-74.2533
-74.1428
-74.0324
-73.922
-73.8116
-73.7012
-73.5909
-73.4806
-73.3702
-73.26
-73.1497
-73.0394
-72.9292
-72.819
-72.7088
-72.5986
-72.4885
-72.3783
-72.2682
-72.1581
-72.048
-71.938
-71.828
-71.718
-71.608
-71.498
-71.3881
-71.2781
-71.1682
-71.0584
-70.9485
-70.8387
-70.7289
-70.6191
-70.5093
-70.3996
-70.2899
-70.1802
-70.0705
-69.9608
-69.8512
-69.7416
-69.632
-69.5225
-69.4129
-69.3034
-69.1939
-69.0845
-68.9751
-68.8656
-68.7563
-68.6469
-68.5376
-68.4283
-68.319
-68.2097
-68.1005
-67.9913
-67.8821
-67.7729
-67.6638
-67.5547
-67.4456
-67.3366
-67.2275
-67.1185
-67.0096
-66.9006
-66.7917
-66.6828
-66.5739
-66.4651
-66.3563
-66.2475
-66.1387
-66.03
-65.9213
-65.8126
-65.704
-65.5954
-65.4868
-65.3782
-65.2697
-65.1612
-65.0527
-64.9443
-64.8358
-64.7275
-64.6191
-64.5108
-64.4025
-64.2942
-64.186
-64.0777
-63.9696
-63.8614
-63.7533
-63.6452
-63.5371
-63.4291
-63.3211
-63.2131
-63.1052
-62.9972
-62.8894
-62.7815
-62.6737
-62.5659
-62.4581
-62.3504
-62.2427
-62.135
-62.0274
-61.9198
-61.8122
-61.7047
-61.5972
-61.4897
-61.3822
-61.2748
-61.1675
-61.0601
-60.9528
-60.8455
-60.7382
-60.631
-60.5238
-60.4167
-60.3096
-60.2025
-60.0954
-59.9884
-59.8814
-59.7744
-59.6675
-59.5606
-59.4538
-59.3469
-59.2401
-59.1334
-59.0266
-58.92
-58.8133
-58.7067
-58.6001
-58.4935
-58.387
-58.2805
-58.1741
-58.0676
-57.9613
-57.8549
-57.7486
-57.6423
-57.536
-57.4298
-57.3237
-57.2175
-57.1114
-57.0053
-56.8993
-56.7933
-56.6873
-56.5814
-56.4755
-56.3696
-56.2638
-56.158
-56.0522
-55.9465
-55.8408
-55.7352
-55.6295
-55.524
-55.4184
-55.3129
-55.2074
-55.102
-54.9966
-54.8912
-54.7859
-54.6806
-54.5753
-54.4701
-54.3649
-54.2598
-54.1547
-54.0496
-53.9446
-53.8395
-53.7346
-53.6296
-53.5248
-53.4199
-53.3151
-53.2103
-53.1055
-53.0008
-52.8962
-52.7915
-52.6869
-52.5824
-52.4778
-52.3733
-52.2689
-52.1645
-52.0601
-51.9557
-51.8514
-51.7472
-51.6429
-51.5388
-51.4346
-51.3305
-51.2264
-51.1224
-51.0184
-50.9144
-50.8105
-50.7066
-50.6027
-50.4989
-50.3951
-50.2914
-50.1877
-50.084
-49.9804
-49.8768
-49.7732
-49.6697
-49.5662
-49.4628
-49.3594
-49.256
-49.1527
-49.0494
-48.9461
-48.8429
-48.7397
-48.6366
-48.5335
-48.4304
-48.3274
-48.2244
-48.1215
-48.0186
-47.9157
-47.8129
-47.7101
-47.6073
-47.5046
-47.4019
-47.2993
-47.1967
-47.0941
-46.9916
-46.8891
-46.7866
-46.6842
-46.5818
-46.4795
-46.3772
-46.2749
-46.1727
-46.0705
-45.9684
-45.8663
-45.7642
-45.6621
-45.5601
-45.4582
-45.3563
-45.2544
-45.1525
-45.0507
-44.949
-44.8472
-44.7456
-44.6439
-44.5423
-44.4407
-44.3392
-44.2377
-44.1362
-44.0348
-43.9334
-43.8321
-43.7308
-43.6295
-43.5282
-43.4271
-43.3259
-43.2248
-43.1237
-43.0227
-42.9217
-42.8207
-42.7198
-42.6189
-42.518
-42.4172
-42.3164
-42.2157
-42.115
-42.0143
-41.9137
-41.8131
-41.7126
-41.612
-41.5116
-41.4111
-41.3107
-41.2104
-41.11
-41.0098
-40.9095
-40.8093
-40.7091
-40.609
-40.5089
-40.4088
-40.3088
-40.2088
-40.1089
-40.009
-39.9091
-39.8092
-39.7094
-39.6097
-39.51
-39.4103
-39.3106
-39.211
-39.1114
-39.0119
-38.9124
-38.8129
-38.7135
-38.6141
-38.5148
-38.4154
-38.3162
-38.2169
-38.1177
-38.0185
-37.9194
-37.8203
-37.7213
-37.6222
-37.5232
-37.4243
-37.3254
-37.2265
-37.1277
-37.0289
-36.9301
-36.8314
-36.7327
-36.634
-36.5354
-36.4368
-36.3382
-36.2397
-36.1412
-36.0428
-35.9444
-35.846
-35.7477
-35.6494
-35.5511
-35.4529
-35.3547
-35.2565
-35.1584
-35.0603
-34.9623
-34.8643
-34.7663
-34.6683
-34.5704
-34.4726
-34.3747
-34.2769
-34.1792
-34.0814
-33.9837
-33.8861
-33.7884
-33.6908
-33.5933
-33.4957
-33.3982
-33.3008
-33.2034
-33.106
-33.0086
-32.9113
-32.814
-32.7168
-32.6196
-32.5224
-32.4252
-32.3281
-32.231
-32.134
-32.037
-31.94
-31.843
-31.7461
-31.6492
-31.5524
-31.4556
-31.3588
-31.2621
-31.1654
-31.0687
-30.972
-30.8754
-30.7788
-30.6823
-30.5858
-30.4893
-30.3928
-30.2964
-30.2
-30.1037
-30.0074
-29.9111
-29.8148
-29.7186
-29.6224
-29.5263
-29.4301
-29.334
-29.238
-29.1419
-29.0459
-28.95
-28.854
-28.7581
-28.6623
-28.5664
-28.4706
-28.3748
-28.2791
-28.1834
-28.0877
-27.992
-27.8964
-27.8008
-27.7052
-27.6097
-27.5142
-27.4187
-27.3233
-27.2279
-27.1325
-27.0372
-26.9418
-26.8465
-26.7513
-26.6561
-26.5609
-26.4657
-26.3705
-26.2754
-26.1803
-26.0853
-25.9903
-25.8953
-25.8003
-25.7054
-25.6105
-25.5156
-25.4207
-25.3259
-25.2311
-25.1364
-25.0416
-24.9469
-24.8522
-24.7576
-24.663
-24.5684
-24.4738
-24.3793
-24.2847
-24.1903
-24.0958
-24.0014
-23.907
-23.8126
-23.7182
-23.6239
-23.5296
-23.4354
-23.3411
-23.2469
-23.1527
-23.0586
-22.9644
-22.8703
-22.7763
-22.6822
-22.5882
-22.4942
-22.4002
-22.3062
-22.2123
-22.1184
-22.0246
-21.9307
-21.8369
-21.7431
-21.6493
-21.5556
-21.4619
-21.3682
-21.2745
-21.1808
-21.0872
-20.9936
-20.9001
-20.8065
-20.713
-20.6195
-20.526
-20.4326
-20.3391
-20.2457
-20.1524
-20.059
-19.9657
-19.8724
-19.7791
-19.6858
-19.5926
-19.4994
-19.4062
-19.313
-19.2198
-19.1267
-19.0336
-18.9405
-18.8475
-18.7545
-18.6614
-18.5684
-18.4755
-18.3825
-18.2896
-18.1967
-18.1038
-18.011
-17.9181
-17.8253
-17.7325
-17.6397
-17.547
-17.4542
-17.3615
-17.2688
-17.1762
-17.0835
-16.9909
-16.8983
-16.8057
-16.7131
-16.6206
-16.528
-16.4355
-16.343
-16.2506
-16.1581
-16.0657
-15.9733
-15.8809
-15.7885
-15.6961
-15.6038
-15.5115
-15.4192
-15.3269
-15.2346
-15.1424
-15.0502
-14.958
-14.8658
-14.7736
-14.6814
-14.5893
-14.4972
-14.4051
-14.313
-14.2209
-14.1289
-14.0368
-13.9448
-13.8528
-13.7608
-13.6689
-13.5769
-13.485
-13.3931
-13.3012
-13.2093
-13.1174
-13.0255
-12.9337
-12.8419
-12.7501
-12.6583
-12.5665
-12.4747
-12.383
-12.2913
-12.1995
-12.1078
-12.0161
-11.9245
-11.8328
-11.7412
-11.6495
-11.5579
-11.4663
-11.3747
-11.2831
-11.1916
-11.1
-11.0085
-10.917
-10.8255
-10.734
-10.6425
-10.551
-10.4595
-10.3681
-10.2767
-10.1852
-10.0938
-10.0024
-9.91104
-9.81967
-9.72831
-9.63696
-9.54562
-9.45429
-9.36297
-9.27167
-9.18038
-9.08909
-8.99782
-8.90656
-8.81531
-8.72407
-8.63284
-8.54162
-8.4504
-8.3592
-8.26801
-8.17683
-8.08566
-7.9945
-7.90335
-7.81221
-7.72107
-7.62995
-7.53883
-7.44773
-7.35663
-7.26554
-7.17446
-7.08339
-6.99232
-6.90126
-6.81022
-6.71918
-6.62814
-6.53712
-6.4461
-6.35509
-6.26409
-6.17309
-6.0821
-5.99112
-5.90015
-5.80918
-5.71822
-5.62726
-5.53631
-5.44537
-5.35443
-5.2635
-5.17258
-5.08166
-4.99075
-4.89984
-4.80894
-4.71804
-4.62715
-4.53626
-4.44538
-4.3545
-4.26363
-4.17276
-4.08189
-3.99103
-3.90018
-3.80933
-3.71848
-3.62764
-3.5368
-3.44596
-3.35513
-3.2643
-3.17347
-3.08265
-2.99183
-2.90101
-2.8102
-2.71938
-2.62857
-2.53777
-2.44696
-2.35616
-2.26536
-2.17456
-2.08376
-1.99296
-1.90217
-1.81138
-1.72058
-1.62979
-1.539
-1.44822
-1.35743
-1.26664
-1.17585
-1.08507
-0.994281
-0.903495
-0.812709
-0.721923
-0.631137
-0.54035
-0.449563
-0.358776
-0.267987
-0.177198
-0.0864078
0.00438348
0.0951759
0.18597
0.276765
0.367562
0.45836
0.549161
0.639963
0.730767
0.821574
0.912383
1.00319
1.09401
1.18482
1.27564
1.36647
1.45729
1.54812
1.63895
1.72979
1.82063
1.91147
2.00231
2.09317
2.18402
2.27488
2.36574
2.45661
2.54748
2.63836
2.72924
2.82012
2.91101
3.00191
3.09281
3.18372
3.27463
3.36555
3.45647
3.5474
3.63834
3.72928
3.82023
3.91119
4.00215
4.09312
4.18409
4.27507
4.36606
4.45706
4.54806
4.63907
4.73009
4.82112
4.91215
5.00319
5.09424
5.1853
5.27637
5.36744
5.45852
5.54961
5.64071
5.73182
5.82294
5.91407
6.00521
6.09635
6.18751
6.27868
6.36985
6.46104
6.55223
6.64344
6.73465
6.82588
6.91711
7.00836
7.09962
7.19089
7.28217
7.37346
7.46476
7.55608
7.6474
7.73874
7.83009
7.92145
8.01282
8.10421
8.1956
8.28701
8.37844
8.46987
8.56132
8.65278
8.74425
8.83574
8.92724
9.01875
9.11028
9.20182
9.29337
9.38494
9.47652
9.56812
9.65973
9.75136
9.843
9.93465
10.0263
10.118
10.2097
10.3014
10.3931
10.4849
10.5767
10.6684
10.7602
10.852
10.9438
11.0357
11.1275
11.2194
11.3113
11.4032
11.4951
11.5871
11.679
11.771
11.863
11.955
12.047
12.1391
12.2311
12.3232
12.4153
12.5074
12.5996
12.6917
12.7839
12.8761
12.9683
13.0605
13.1527
13.245
13.3373
13.4296
13.5219
13.6142
13.7066
13.799
13.8914
13.9838
14.0763
14.1687
14.2612
14.3537
14.4462
14.5388
14.6313
14.7239
14.8165
14.9092
15.0018
15.0945
15.1872
15.2799
15.3726
15.4654
15.5582
15.651
15.7438
15.8366
15.9295
16.0224
16.1153
16.2083
16.3012
16.3942
16.4872
16.5802
16.6733
16.7664
16.8595
16.9526
17.0458
17.1389
17.2321
17.3254
17.4186
17.5119
17.6052
17.6985
17.7919
17.8852
17.9786
18.072
18.1655
18.259
18.3525
18.446
18.5396
18.6331
18.7267
18.8204
18.914
19.0077
19.1014
19.1952
19.2889
19.3827
19.4765
19.5704
19.6642
19.7581
19.8521
19.946
20.04
20.134
20.2281
20.3221
20.4162
20.5104
20.6045
20.6987
20.7929
20.8871
20.9814
21.0757
21.17
21.2644
21.3588
21.4532
21.5476
21.6421
21.7366
21.8311
21.9257
22.0203
22.1149
22.2096
22.3043
22.399
22.4937
22.5885
22.6833
22.7782
22.873
22.9679
23.0629
23.1578
23.2528
23.3479
23.4429
23.538
23.6331
23.7283
23.8235
23.9187
24.014
24.1092
24.2046
24.2999
24.3953
24.4907
24.5862
24.6817
24.7772
24.8727
24.9683
25.0639
25.1596
25.2553
25.351
25.4467
25.5425
25.6384
25.7342
25.8301
25.926
26.022
26.118
26.214
26.3101
26.4062
26.5023
26.5985
26.6947
26.791
26.8872
26.9836
27.0799
27.1763
27.2727
27.3692
27.4657
27.5622
27.6588
27.7554
27.852
27.9487
28.0454
28.1422
28.239
28.3358
28.4327
28.5296
28.6265
28.7235
28.8205
28.9176
29.0146
29.1118
29.2089
29.3062
29.4034
29.5007
29.598
29.6954
29.7928
29.8902
29.9877
30.0852
30.1827
30.2803
30.378
30.4756
30.5733
30.6711
30.7689
30.8667
30.9646
31.0625
31.1604
31.2584
31.3565
31.4545
31.5526
31.6508
31.749
31.8472
31.9455
32.0438
32.1422
32.2405
32.339
32.4375
32.536
32.6345
32.7331
32.8318
32.9305
33.0292
33.128
33.2268
33.3256
33.4245
33.5234
33.6224
33.7214
33.8205
33.9196
34.0188
34.1179
34.2172
34.3165
34.4158
34.5151
34.6145
34.714
34.8135
34.913
35.0126
35.1122
35.2119
35.3116
35.4113
35.5111
35.6109
35.7108
35.8107
35.9107
36.0107
36.1108
36.2109
36.311
36.4112
36.5115
36.6117
36.7121
36.8124
36.9128
37.0133
37.1138
37.2143
37.3149
37.4156
37.5163
37.617
37.7178
37.8186
37.9194
38.0203
38.1213
38.2223
38.3233
38.4244
38.5256
38.6267
38.728
38.8293
38.9306
39.0319
39.1333
39.2348
39.3363
39.4379
39.5395
39.6411
39.7428
39.8445
39.9463
40.0481
40.15
40.2519
40.3539
40.4559
40.558
40.6601
40.7623
40.8645
40.9667
41.069
41.1714
41.2738
41.3762
41.4787
41.5812
41.6838
41.7864
41.8891
41.9918
42.0946
42.1974
42.3003
42.4032
42.5062
42.6092
42.7123
42.8154
42.9185
43.0217
43.125
43.2283
43.3316
43.435
43.5385
43.642
43.7455
43.8491
43.9528
44.0564
44.1602
44.264
44.3678
44.4717
44.5756
44.6796
44.7836
44.8877
44.9918
45.096
45.2002
45.3045
45.4088
45.5132
45.6176
45.7221
45.8266
45.9312
46.0358
46.1404
46.2452
46.3499
46.4547
46.5596
46.6645
46.7695
46.8745
46.9795
47.0846
47.1898
47.295
47.4003
47.5056
47.6109
47.7163
47.8218
47.9273
48.0328
48.1384
48.2441
48.3498
48.4555
48.5613
48.6672
48.7731
48.879
48.985
49.0911
49.1972
49.3033
49.4095
49.5158
49.6221
49.7284
49.8348
49.9412
50.0477
50.1543
50.2609
50.3675
50.4742
50.581
50.6877
50.7946
50.9015
51.0084
51.1154
51.2224
51.3295
51.4367
51.5439
51.6511
51.7584
51.8657
51.9731
52.0806
52.188
52.2956
52.4032
52.5108
52.6185
52.7262
52.834
52.9418
53.0497
53.1576
53.2656
53.3736
53.4817
53.5899
53.698
53.8063
53.9145
54.0229
54.1312
54.2397
54.3481
54.4567
54.5652
54.6738
54.7825
54.8912
55
55.1088
55.2177
55.3266
55.4356
55.5446
55.6536
55.7627
55.8719
55.9811
56.0904
56.1997
56.309
56.4184
56.5279
56.6374
56.7469
56.8565
56.9662
57.0759
57.1856
57.2954
57.4052
57.5151
57.625
57.735
57.845
57.9551
58.0652
58.1754
58.2856
58.3959
58.5062
58.6166
58.727
58.8375
58.948
59.0585
59.1691
59.2798
59.3905
59.5012
59.612
59.7228
59.8337
59.9446
60.0556
60.1666
60.2777
60.3888
60.5
60.6112
60.7225
60.8338
60.9451
61.0565
61.1679
61.2794
61.391
61.5026
61.6142
61.7258
61.8376
61.9493
62.0611
62.173
62.2849
62.3968
62.5088
62.6209
62.7329
62.8451
62.9572
63.0694
63.1817
63.294
63.4064
63.5188
63.6312
63.7437
63.8562
63.9688
64.0814
64.194
64.3067
64.4195
64.5323
64.6451
64.758
64.8709
64.9839
65.0969
65.2099
65.323
65.4362
65.5493
65.6626
65.7758
65.8891
66.0025
66.1159
66.2293
66.3428
66.4563
66.5698
66.6834
66.7971
66.9108
67.0245
67.1382
67.2521
67.3659
67.4798
67.5937
67.7077
67.8217
67.9358
68.0498
68.164
68.2781
68.3924
68.5066
68.6209
68.7352
68.8496
68.964
69.0785
69.1929
69.3075
69.422
69.5366
69.6513
69.766
69.8807
69.9954
70.1102
70.2251
70.3399
70.4548
70.5698
70.6848
70.7998
70.9149
71.03
71.1451
71.2603
71.3755
71.4907
71.606
71.7213
71.8366
71.952
72.0674
72.1829
72.2984
72.4139
72.5295
72.6451
72.7607
72.8764
72.9921
73.1078
73.2236
73.3394
73.4552
73.5711
73.687
73.803
73.9189
74.0349
74.151
74.267
74.3831
74.4993
74.6154
74.7316
74.8479
74.9641
75.0804
75.1968
75.3131
75.4295
75.5459
75.6624
75.7789
75.8954
76.0119
76.1285
76.2451
76.3617
76.4784
76.5951
76.7118
76.8286
76.9454
77.0622
77.179
77.2959
77.4128
77.5297
77.6466
77.7636
77.8806
77.9977
78.1147
78.2318
78.3489
78.4661
78.5832
78.7004
78.8176
78.9349
79.0522
79.1695
79.2868
79.4041
79.5215
79.6389
79.7563
79.8738
79.9912
80.1087
80.2263
80.3438
80.4614
80.579
80.6966
80.8142
80.9319
81.0496
81.1673
81.285
81.4027
81.5205
81.6383
81.7561
81.874
81.9918
82.1097
82.2276
82.3455
82.4634
82.5814
82.6994
82.8174
82.9354
83.0534
83.1715
83.2896
83.4077
83.5258
83.6439
83.7621
83.8802
83.9984
84.1166
84.2348
84.3531
84.4713
84.5896
84.7079
84.8262
84.9445
85.0628
85.1812
85.2995
85.4179
85.5363
85.6547
85.7732
85.8916
86.0101
86.1285
86.247
86.3655
86.484
86.6025
86.7211
86.8396
86.9582
87.0768
87.1953
87.3139
87.4325
87.5512
87.6698
87.7884
87.9071
88.0258
88.1444
88.2631
88.3818
88.5005
88.6192
88.7379
88.8567
88.9754
89.0942
89.2129
89.3317
89.4505
89.5693
89.688
89.8068
89.9256
-89.9555
-89.8367
-89.7179
-89.5991
-89.4802
-89.3614
-89.2425
-89.1237
-89.0048
-88.8859
-88.7671
-88.6482
-88.5293
-88.4104
-88.2916
-88.1727
-88.0538
-87.9349
-87.816
-87.6971
-87.5782
-87.4592
-87.3403
-87.2214
-87.1025
-86.9836
-86.8647
-86.7457
-86.6268
-86.5079
-86.389
-86.2701
-86.1511
-86.0322
-85.9133
-85.7944
-85.6755
-85.5565
-85.4376
-85.3187
-85.1998
-85.0809
-84.962
-84.8431
-84.7241
-84.6052
-84.4863
-84.3674
-84.2485
-84.1297
-84.0108
-83.8919
-83.773
-83.6541
-83.5353
-83.4164
-83.2975
-83.1787
-83.0598
-82.941
-82.8222
-82.7033
-82.5845
-82.4657
-82.3469
-82.2281
-82.1093
-81.9905
-81.8717
-81.7529
-81.6342
-81.5154
-81.3967
-81.2779
-81.1592
-81.0405
-80.9218
-80.803
-80.6844
-80.5657
-80.447
-80.3283
-80.2097
-80.091
-79.9724
-79.8538
-79.7352
-79.6166
-79.498
-79.3794
-79.2609
-79.1423
-79.0238
-78.9053
-78.7868
-78.6683
-78.5498
-78.4313
-78.3129
-78.1944
-78.076
-77.9576
-77.8392
-77.7208
-77.6024
-77.4841
-77.3658
-77.2474
-77.1291
-77.0108
-76.8926
-76.7743
-76.6561
-76.5379
-76.4197
-76.3015
-76.1833
-76.0652
-75.947
-75.8289
-75.7108
-75.5927
-75.4747
-75.3566
-75.2386
-75.1206
-75.0026
-74.8847
-74.7667
-74.6488
-74.5309
-74.413
-74.2952
-74.1773
-74.0595
-73.9417
-73.8239
-73.7062
-73.5884
-73.4707
-73.353
-73.2354
-73.1177
-73.0001
-72.8825
-72.7649
-72.6474
-72.5298
-72.4123
-72.2949
-72.1774
-72.06
-71.9426
-71.8252
-71.7078
-71.5905
-71.4732
-71.3559
-71.2386
-71.1214
-71.0042
-70.887
-70.7698
-70.6527
-70.5356
-70.4185
-70.3015
-70.1845
-70.0675
-69.9505
-69.8336
-69.7166
-69.5998
-69.4829
-69.3661
-69.2493
-69.1325
-69.0158
-68.899
-68.7824
-68.6657
-68.5491
-68.4325
-68.3159
-68.1994
-68.0829
-67.9664
-67.8499
-67.7335
-67.6171
-67.5008
-67.3845
-67.2682
-67.1519
-67.0357
-66.9195
-66.8033
-66.6872
-66.5711
-66.455
-66.339
-66.2229
-66.107
-65.991
-65.8751
-65.7592
-65.6434
-65.5276
-65.4118
-65.2961
-65.1804
-65.0647
-64.9491
-64.8334
-64.7179
-64.6023
-64.4868
-64.3714
-64.2559
-64.1405
-64.0252
-63.9098
-63.7946
-63.6793
-63.5641
-63.4489
-63.3337
-63.2186
-63.1036
-62.9885
-62.8735
-62.7585
-62.6436
-62.5287
-62.4139
-62.299
-62.1843
-62.0695
-61.9548
-61.8401
-61.7255
-61.6109
-61.4964
-61.3818
-61.2674
-61.1529
-61.0385
-60.9242
-60.8098
-60.6955
-60.5813
-60.4671
-60.3529
-60.2388
-60.1247
-60.0106
-59.8966
-59.7827
-59.6687
-59.5548
-59.441
-59.3272
-59.2134
-59.0997
-58.986
-58.8723
-58.7587
-58.6451
-58.5316
-58.4181
-58.3047
-58.1913
-58.0779
-57.9646
-57.8513
-57.7381
-57.6249
-57.5117
-57.3986
-57.2855
-57.1725
-57.0595
-56.9466
-56.8337
-56.7208
-56.608
-56.4952
-56.3825
-56.2698
-56.1571
-56.0445
-55.932
-55.8194
-55.707
-55.5945
-55.4821
-55.3698
-55.2575
-55.1452
-55.033
-54.9208
-54.8087
-54.6966
-54.5846
-54.4726
-54.3606
-54.2487
-54.1369
-54.025
-53.9133
-53.8015
-53.6898
-53.5782
-53.4666
-53.3551
-53.2435
-53.1321
-53.0207
-52.9093
-52.798
-52.6867
-52.5754
-52.4642
-52.3531
-52.242
-52.1309
-52.0199
-51.909
-51.798
-51.6872
-51.5763
-51.4655
-51.3548
-51.2441
-51.1335
-51.0229
-50.9123
-50.8018
-50.6913
-50.5809
-50.4706
-50.3602
-50.25
-50.1397
-50.0295
-49.9194
-49.8093
-49.6993
-49.5893
-49.4793
-49.3694
-49.2595
-49.1497
-49.0399
-48.9302
-48.8206
-48.7109
-48.6013
-48.4918
-48.3823
-48.2729
-48.1635
-48.0541
-47.9448
-47.8356
-47.7264
-47.6172
-47.5081
-47.3991
-47.29
-47.1811
-47.0722
-46.9633
-46.8545
-46.7457
-46.6369
-46.5283
-46.4196
-46.311
-46.2025
-46.094
-45.9855
-45.8771
-45.7688
-45.6605
-45.5522
-45.444
-45.3358
-45.2277
-45.1197
-45.0116
-44.9037
-44.7957
-44.6879
-44.58
-44.4722
-44.3645
-44.2568
-44.1492
-44.0416
-43.934
-43.8265
-43.7191
-43.6117
-43.5043
-43.397
-43.2898
-43.1826
-43.0754
-42.9683
-42.8612
-42.7542
-42.6472
-42.5403
-42.4334
-42.3266
-42.2198
-42.1131
-42.0064
-41.8997
-41.7931
-41.6866
-41.5801
-41.4736
-41.3672
-41.2609
-41.1546
-41.0483
-40.9421
-40.8359
-40.7298
-40.6238
-40.5177
-40.4118
-40.3058
-40.2
-40.0941
-39.9883
-39.8826
-39.7769
-39.6713
-39.5657
-39.4601
-39.3546
-39.2492
-39.1438
-39.0384
-38.9331
-38.8278
-38.7226
-38.6174
-38.5123
-38.4072
-38.3022
-38.1972
-38.0923
-37.9874
-37.8825
-37.7777
-37.673
-37.5683
-37.4636
-37.359
-37.2545
-37.15
-37.0455
-36.9411
-36.8367
-36.7324
-36.6281
-36.5238
-36.4197
-36.3155
-36.2114
-36.1074
-36.0034
-35.8994
-35.7955
-35.6916
-35.5878
-35.484
-35.3803
-35.2766
-35.173
-35.0694
-34.9659
-34.8624
-34.7589
-34.6555
-34.5521
-34.4488
-34.3456
-34.2423
-34.1392
-34.036
-33.9329
-33.8299
-33.7269
-33.6239
-33.521
-33.4182
-33.3154
-33.2126
-33.1099
-33.0072
-32.9045
-32.802
-32.6994
-32.5969
-32.4944
-32.392
-32.2897
-32.1873
-32.0851
-31.9828
-31.8806
-31.7785
-31.6764
-31.5743
-31.4723
-31.3704
-31.2684
-31.1665
-31.0647
-30.9629
-30.8612
-30.7595
-30.6578
-30.5562
-30.4546
-30.3531
-30.2516
-30.1501
-30.0487
-29.9474
-29.8461
-29.7448
-29.6436
-29.5424
-29.4412
-29.3401
-29.2391
-29.138
-29.0371
-28.9361
-28.8352
-28.7344
-28.6336
-28.5328
-28.4321
-28.3314
-28.2308
-28.1302
-28.0297
-27.9291
-27.8287
-27.7283
-27.6279
-27.5275
-27.4272
-27.327
-27.2267
-27.1266
-27.0264
-26.9263
-26.8263
-26.7263
-26.6263
-26.5264
-26.4265
-26.3266
-26.2268
-26.127
-26.0273
-25.9276
-25.828
-25.7283
-25.6288
-25.5292
-25.4298
-25.3303
-25.2309
-25.1315
-25.0322
-24.9329
-24.8336
-24.7344
-24.6353
-24.5361
-24.437
-24.338
-24.239
-24.14
-24.041
-23.9421
-23.8433
-23.7444
-23.6457
-23.5469
-23.4482
-23.3495
-23.2509
-23.1523
-23.0537
-22.9552
-22.8567
-22.7583
-22.6599
-22.5615
-22.4632
-22.3649
-22.2666
-22.1684
-22.0702
-21.9721
