0
-7.44041e-06
-2.23211e-05
-4.4642e-05
-7.44029e-05
-0.000111604
-0.000156244
-0.000208325
-0.000267844
-0.000334804
-0.000409202
-0.00049104
-0.000580316
-0.000677032
-0.000781186
-0.000892779
-0.00101181
-0.00113828
-0.00127219
-0.00141353
-0.00156232
-0.00171854
-0.0018822
-0.0020533
-0.00223183
-0.0024178
-0.00261121
-0.00281206
-0.00302034
-0.00323606
-0.00345922
-0.00368981
-0.00392784
-0.0041733
-0.0044262
-0.00468654
-0.00495431
-0.00522951
-0.00551215
-0.00580223
-0.00609974
-0.00640468
-0.00671706
-0.00703687
-0.00736412
-0.0076988
-0.00804091
-0.00839045
-0.00874743
-0.00911184
-0.00948367
-0.00986295
-0.0102496
-0.0106438
-0.0110453
-0.0114543
-0.0118708
-0.0122946
-0.0127259
-0.0131646
-0.0136107
-0.0140643
-0.0145253
-0.0149937
-0.0154695
-0.0159528
-0.0164435
-0.0169416
-0.0174471
-0.0179601
-0.0184804
-0.0190082
-0.0195434
-0.0200861
-0.0206361
-0.0211936
-0.0217585
-0.0223308
-0.0229105
-0.0234976
-0.0240922
-0.0246941
-0.0253035
-0.0259202
-0.0265444
-0.027176
-0.027815
-0.0284614
-0.0291152
-0.0297764
-0.030445
-0.031121
-0.0318044
-0.0324951
-0.0331933
-0.0338989
-0.0346119
-0.0353322
-0.03606
-0.0367951
-0.0375376
-0.0382875
-0.0390447
-0.0398094
-0.0405814
-0.0413608
-0.0421475
-0.0429417
-0.0437432
-0.044552
-0.0453682
-0.0461918
-0.0470227
-0.047861
-0.0487067
-0.0495596
-0.05042
-0.0512876
-0.0521626
-0.0530449
-0.0539346
-0.0548316
-0.0557359
-0.0566476
-0.0575665
-0.0584928
-0.0594264
-0.0603673
-0.0613154
-0.0622709
-0.0632337
-0.0642038
-0.0651811
-0.0661658
-0.0671577
-0.0681569
-0.0691633
-0.0701771
-0.071198
-0.0722263
-0.0732617
-0.0743045
-0.0753544
-0.0764116
-0.077476
-0.0785476
-0.0796265
-0.0807125
-0.0818058
-0.0829063
-0.0840139
-0.0851287
-0.0862507
-0.0873799
-0.0885163
-0.0896597
-0.0908104
-0.0919682
-0.0931331
-0.0943052
-0.0954843
-0.0966706
-0.097864
-0.0990645
-0.100272
-0.101487
-0.102708
-0.103937
-0.105173
-0.106416
-0.107666
-0.108923
-0.110187
-0.111458
-0.112736
-0.114021
-0.115313
-0.116612
-0.117918
-0.11923
-0.12055
-0.121877
-0.12321
-0.124551
-0.125898
-0.127253
-0.128614
-0.129982
-0.131357
-0.132738
-0.134127
-0.135522
-0.136924
-0.138333
-0.139749
-0.141171
-0.1426
-0.144036
-0.145479
-0.146928
-0.148384
-0.149846
-0.151316
-0.152791
-0.154274
-0.155763
-0.157259
-0.158761
-0.16027
-0.161785
-0.163307
-0.164836
-0.16637
-0.167912
-0.16946
-0.171014
-0.172575
-0.174142
-0.175715
-0.177295
-0.178881
-0.180473
-0.182072
-0.183677
-0.185289
-0.186906
-0.18853
-0.19016
-0.191796
-0.193438
-0.195087
-0.196741
-0.198402
-0.200068
-0.201741
-0.20342
-0.205104
-0.206795
-0.208492
-0.210194
-0.211903
-0.213617
-0.215337
-0.217063
-0.218795
-0.220532
-0.222275
-0.224024
-0.225779
-0.227539
-0.229305
-0.231077
-0.232854
-0.234636
-0.236424
-0.238218
-0.240017
-0.241822
-0.243631
-0.245447
-0.247267
-0.249093
-0.250924
-0.25276
-0.254602
-0.256448
-0.2583
-0.260157
-0.262019
-0.263886
-0.265758
-0.267635
-0.269517
-0.271404
-0.273295
-0.275191
-0.277093
-0.278998
-0.280909
-0.282824
-0.284744
-0.286669
-0.288597
-0.290531
-0.292469
-0.294411
-0.296358
-0.298309
-0.300264
-0.302224
-0.304188
-0.306155
-0.308128
-0.310104
-0.312084
-0.314068
-0.316056
-0.318048
-0.320044
-0.322043
-0.324047
-0.326054
-0.328065
-0.330079
-0.332097
-0.334118
-0.336143
-0.338171
-0.340203
-0.342238
-0.344276
-0.346318
-0.348362
-0.35041
-0.352461
-0.354514
-0.356571
-0.35863
-0.360693
-0.362758
-0.364826
-0.366896
-0.368969
-0.371045
-0.373123
-0.375203
-0.377286
-0.379371
-0.381459
-0.383548
-0.38564
-0.387734
-0.38983
-0.391927
-0.394027
-0.396128
-0.398232
-0.400336
-0.402443
-0.404551
-0.40666
-0.408771
-0.410884
-0.412997
-0.415112
-0.417228
-0.419345
-0.421463
-0.423582
-0.425702
-0.427822
-0.429944
-0.432066
-0.434188
-0.436311
-0.438435
-0.440559
-0.442683
-0.444807
-0.446932
-0.449056
-0.451181
-0.453305
-0.455429
-0.457553
-0.459677
-0.4618
-0.463923
-0.466045
-0.468167
-0.470287
-0.472407
-0.474527
-0.476645
-0.478762
-0.480878
-0.482992
-0.485106
-0.487217
-0.489328
-0.491437
-0.493544
-0.495649
-0.497753
-0.499854
-0.501954
-0.504052
-0.506147
-0.50824
-0.51033
-0.512419
-0.514504
-0.516587
-0.518667
-0.520744
-0.522819
-0.52489
-0.526958
-0.529023
-0.531085
-0.533143
-0.535197
-0.537248
-0.539296
-0.541339
-0.543379
-0.545414
-0.547446
-0.549473
-0.551495
-0.553514
-0.555528
-0.557537
-0.559541
-0.561541
-0.563535
-0.565525
-0.567509
-0.569489
-0.571462
-0.57343
-0.575393
-0.57735
-0.579301
-0.581246
-0.583186
-0.585119
-0.587045
-0.588966
-0.59088
-0.592787
-0.594688
-0.596581
-0.598468
-0.600348
-0.602221
-0.604086
-0.605944
-0.607794
-0.609637
-0.611472
-0.6133
-0.615119
-0.61693
-0.618733
-0.620527
-0.622314
-0.624091
-0.62586
-0.62762
-0.629371
-0.631113
-0.632846
-0.634569
-0.636283
-0.637988
-0.639683
-0.641368
-0.643043
-0.644708
-0.646363
-0.648007
-0.649641
-0.651265
-0.652878
-0.65448
-0.656071
-0.657651
-0.65922
-0.660777
-0.662324
-0.663858
-0.665381
-0.666892
-0.668391
-0.669878
-0.671352
-0.672814
-0.674264
-0.675701
-0.677126
-0.678537
-0.679936
-0.681321
-0.682693
-0.684052
-0.685397
-0.686728
-0.688045
-0.689349
-0.690639
-0.691914
-0.693175
-0.694421
-0.695653
-0.69687
-0.698072
-0.699259
-0.700431
-0.701587
-0.702728
-0.703854
-0.704964
-0.706058
-0.707136
-0.708198
-0.709243
-0.710272
-0.711285
-0.712281
-0.71326
-0.714223
-0.715168
-0.716096
-0.717006
-0.7179
-0.718775
-0.719633
-0.720473
-0.721294
-0.722098
-0.722883
-0.72365
-0.724399
-0.725128
-0.725839
-0.726531
-0.727203
-0.727857
-0.72849
-0.729105
-0.7297
-0.730275
-0.73083
-0.731365
-0.731879
-0.732374
-0.732848
-0.733301
-0.733733
-0.734145
-0.734536
-0.734905
-0.735254
-0.73558
-0.735886
-0.736169
-0.736431
-0.736671
-0.736889
-0.737085
-0.737258
-0.737409
-0.737537
-0.737643
-0.737725
-0.737785
-0.737822
-0.737835
-0.737825
-0.737792
-0.737735
-0.737654
-0.73755
-0.737421
-0.737269
-0.737092
-0.736891
-0.736665
-0.736415
-0.73614
-0.73584
-0.735516
-0.735166
-0.734791
-0.734391
-0.733966
-0.733514
-0.733038
-0.732535
-0.732007
-0.731453
-0.730872
-0.730266
-0.729633
-0.728974
-0.728288
-0.727576
-0.726837
-0.726071
-0.725278
-0.724458
-0.723611
-0.722736
-0.721835
-0.720906
-0.719949
-0.718965
-0.717953
-0.716913
-0.715847
-0.714755
-0.713636
-0.712492
-0.711322
-0.710126
-0.708904
-0.707656
-0.706382
-0.705082
-0.703757
-0.702406
-0.701029
-0.699627
-0.698199
-0.696746
-0.695268
-0.693763
-0.692234
-0.690679
-0.6891
-0.687495
-0.685864
-0.684209
-0.682529
-0.680824
-0.679094
-0.677339
-0.67556
-0.673756
-0.671927
-0.670074
-0.668196
-0.666294
-0.664367
-0.662417
-0.660442
-0.658443
-0.65642
-0.654372
-0.652301
-0.650206
-0.648088
-0.645945
-0.64378
-0.64159
-0.639377
-0.637141
-0.634881
-0.632599
-0.630293
-0.627964
-0.625612
-0.623237
-0.62084
-0.618419
-0.615976
-0.613511
-0.611023
-0.608513
-0.605981
-0.603426
-0.600849
-0.598251
-0.59563
-0.592988
-0.590324
-0.587638
-0.584931
-0.582203
-0.579453
-0.576682
-0.57389
-0.571077
-0.568243
-0.565388
-0.562512
-0.559616
-0.556699
-0.553763
-0.550805
-0.547828
-0.54483
-0.541813
-0.538776
-0.535719
-0.532642
-0.529546
-0.52643
-0.523295
-0.520141
-0.516968
-0.513776
-0.510566
-0.507336
-0.504088
-0.500821
-0.497536
-0.494233
-0.490912
-0.487572
-0.484215
-0.48084
-0.477448
-0.474038
-0.47061
-0.467165
-0.463703
-0.460224
-0.456729
-0.453216
-0.449687
-0.446141
-0.442579
-0.439001
-0.435406
-0.431796
-0.42817
-0.424528
-0.42087
-0.417197
-0.413509
-0.409805
-0.406087
-0.402353
-0.398605
-0.394842
-0.391064
-0.387272
-0.383466
-0.379646
-0.375812
-0.371964
-0.368102
-0.364227
-0.360338
-0.356436
-0.352521
-0.348593
-0.344653
-0.340699
-0.336733
-0.332754
-0.328764
-0.324761
-0.320746
-0.316719
-0.312681
-0.308631
-0.30457
-0.300498
-0.296414
-0.292319
-0.288214
-0.284098
-0.279972
-0.275835
-0.271688
-0.267531
-0.263364
-0.259188
-0.255001
-0.250806
-0.246601
-0.242387
-0.238164
-0.233932
-0.229691
-0.225442
-0.221185
-0.216919
-0.212646
-0.208364
-0.204075
-0.199778
-0.195474
-0.191162
-0.186843
-0.182518
-0.178185
-0.173846
-0.169501
-0.165149
-0.160791
-0.156427
-0.152057
-0.147681
-0.1433
-0.138913
-0.134522
-0.130125
-0.125723
-0.121317
-0.116906
-0.11249
-0.108071
-0.103647
-0.0992193
-0.0947879
-0.0903529
-0.0859144
-0.0814726
-0.0770278
-0.0725799
-0.0681293
-0.063676
-0.0592202
-0.0547622
-0.050302
-0.0458398
-0.0413757
-0.0369101
-0.0324429
-0.0279743
-0.0235046
-0.0190339
-0.0145624
-0.0100901
-0.00561737
-0.00114425
0.00332907
0.00780243
0.0122757
0.0167486
0.0212211
0.0256929
0.030164
0.0346341
0.0391032
0.0435709
0.0480373
0.052502
0.056965
0.061426
0.065885
0.0703417
0.074796
0.0792478
0.0836968
0.0881429
0.092586
0.0970258
0.101462
0.105895
0.110324
0.11475
0.119171
0.123588
0.128001
0.132409
0.136813
0.141212
0.145605
0.149994
0.154377
0.158755
0.163127
0.167494
0.171854
0.176209
0.180557
0.184898
0.189234
0.193562
0.197883
0.202198
0.206505
0.210805
0.215097
0.219381
0.223658
0.227927
0.232187
0.23644
0.240683
0.244919
0.249145
0.253363
0.257571
0.26177
0.26596
0.27014
0.274311
0.278471
0.282622
0.286762
0.290893
0.295012
0.299121
0.30322
0.307307
0.311384
0.315449
0.319503
0.323545
0.327576
0.331595
0.335602
0.339597
0.34358
0.34755
0.351508
0.355453
0.359385
0.363304
0.367211
0.371104
0.374983
0.378849
0.382702
0.38654
0.390365
0.394176
0.397972
0.401754
0.405522
0.409274
0.413012
0.416736
0.420444
0.424137
0.427814
0.431476
0.435123
0.438754
0.442369
0.445968
0.44955
0.453117
0.456667
0.460201
0.463718
0.467218
0.470702
0.474168
0.477617
0.481049
0.484463
0.48786
0.49124
0.494601
0.497945
0.501271
0.504578
0.507867
0.511138
0.51439
0.517624
0.520839
0.524035
0.527212
0.53037
0.533509
0.536628
0.539728
0.542809
0.54587
0.548911
0.551932
0.554933
0.557914
0.560875
0.563815
0.566735
0.569635
0.572513
0.575372
0.578209
0.581025
0.58382
0.586594
0.589347
0.592078
0.594788
0.597476
0.600143
0.602788
0.605411
0.608012
0.610591
0.613148
0.615682
0.618194
0.620684
0.623152
0.625596
0.628018
0.630417
0.632794
0.635147
0.637477
0.639784
0.642068
0.644329
0.646566
0.648779
0.65097
0.653136
0.655279
0.657398
0.659493
0.661564
0.663611
0.665634
0.667633
0.669608
0.671558
0.673484
0.675385
0.677262
0.679114
0.680942
0.682745
0.684523
0.686276
0.688004
0.689707
0.691385
0.693038
0.694666
0.696269
0.697846
0.699398
0.700924
0.702425
0.703901
0.705351
0.706775
0.708173
0.709546
0.710893
0.712214
0.713509
0.714778
0.716022
0.717239
0.71843
0.719595
0.720734
0.721847
0.722933
0.723993
0.725027
0.726034
0.727015
0.727969
0.728897
0.729799
0.730674
0.731522
0.732344
0.733139
0.733907
0.734649
0.735364
0.736052
0.736713
0.737348
0.737956
0.738536
0.73909
0.739617
0.740118
0.740591
0.741037
0.741456
0.741848
0.742214
0.742552
0.742863
0.743147
0.743404
0.743634
0.743837
0.744013
0.744162
0.744283
0.744378
0.744445
0.744485
0.744499
0.744485
0.744443
0.744375
0.74428
0.744157
0.744008
0.743831
0.743627
0.743397
0.743139
0.742854
0.742541
0.742202
0.741836
0.741443
0.741022
0.740575
0.740101
0.7396
0.739071
0.738516
0.737934
0.737325
0.736689
0.736026
0.735337
0.73462
0.733877
0.733107
0.732311
0.731487
0.730637
0.72976
0.728857
0.727927
0.726971
0.725988
0.724978
0.723942
0.72288
0.721791
0.720676
0.719535
0.718368
0.717174
0.715954
0.714708
0.713436
0.712138
0.710813
0.709463
0.708087
0.706685
0.705258
0.703804
0.702325
0.700821
0.69929
0.697735
0.696153
0.694547
0.692915
0.691257
0.689575
0.687867
0.686134
0.684376
0.682593
0.680785
0.678952
0.677095
0.675213
0.673306
0.671374
0.669418
0.667438
0.665433
0.663404
0.66135
0.659273
0.657171
0.655045
0.652896
0.650722
0.648525
0.646304
0.644059
0.641791
0.6395
0.637185
0.634846
0.632485
0.6301
0.627693
0.625262
0.622809
0.620332
0.617834
0.615312
0.612768
0.610202
0.607613
0.605002
0.602369
0.599714
0.597037
0.594338
0.591617
0.588875
0.586111
0.583326
0.580519
0.577691
0.574842
0.571972
0.569081
0.566169
0.563237
0.560284
0.557315
0.554331
0.551331
0.548317
0.545288
0.542245
0.539187
0.536115
0.533029
0.52993
0.526817
0.52369
0.520551
0.517399
0.514234
0.511056
0.507866
0.504664
0.501451
0.498225
0.494988
0.49174
0.488481
0.48521
0.481929
0.478638
0.475336
0.472024
0.468702
0.465371
0.46203
0.458679
0.45532
0.451951
0.448573
0.445187
0.441793
0.43839
0.43498
0.431561
0.428135
0.424701
0.42126
0.417811
0.414356
0.410894
0.407426
0.403951
0.400469
0.396982
0.393489
0.389989
0.386485
0.382975
0.37946
0.375939
0.372414
0.368884
0.36535
0.361811
0.358268
0.354721
0.35117
0.347616
0.344057
0.340496
0.336931
0.333363
0.329792
0.326218
0.322642
0.319063
0.315482
0.311899
0.308313
0.304726
0.301137
0.297547
0.293955
0.290362
0.286767
0.283172
0.279576
0.275979
0.272382
0.268784
0.265186
0.261588
0.25799
0.254392
0.250794
0.247196
0.2436
0.240003
0.236408
0.232814
0.22922
0.225628
0.222037
0.218448
0.21486
0.211273
0.207689
0.204107
0.200526
0.196948
0.193372
0.189798
0.186227
0.182659
0.179093
0.175531
0.171971
0.168414
0.164861
0.161311
0.157764
0.154221
0.150681
0.147145
0.143613
0.140085
0.136561
0.133042
0.129526
0.126015
0.122508
0.119006
0.115509
0.112016
0.108528
0.105045
0.101567
0.0980945
0.094627
0.0911647
0.0877079
0.0842565
0.0808107
0.0773705
0.0739361
0.0705076
0.0670849
0.0636683
0.0602577
0.0568533
0.0534551
0.0500632
0.0466777
0.0432987
0.0399262
0.0365604
0.0332012
0.0298489
0.0265033
0.0231647
0.0198331
0.0165085
0.013191
0.00988077
0.00657777
0.00328208
-6.21219e-06
-0.00328705
-0.00656037
-0.00982611
-0.0130842
-0.0163346
-0.0195772
-0.022812
-0.026039
-0.029258
-0.032469
-0.0356719
-0.0388667
-0.0420534
-0.0452319
-0.0484021
-0.0515639
-0.0547174
-0.0578625
-0.0609991
-0.0641272
-0.0672467
-0.0703577
-0.0734599
-0.0765535
-0.0796383
-0.0827143
-0.0857815
-0.0888397
-0.0918891
-0.0949295
-0.0979609
-0.100983
-0.103997
-0.107001
-0.109996
-0.112982
-0.115958
-0.118926
-0.121884
-0.124832
-0.127772
-0.130702
-0.133622
-0.136533
-0.139435
-0.142327
-0.14521
-0.148083
-0.150946
-0.1538
-0.156644
-0.159478
-0.162303
-0.165118
-0.167923
-0.170719
-0.173504
-0.17628
-0.179046
-0.181803
-0.184549
-0.187285
-0.190012
-0.192728
-0.195435
-0.198132
-0.200818
-0.203495
-0.206162
-0.208818
-0.211465
-0.214102
-0.216728
-0.219345
-0.221951
-0.224547
-0.227133
-0.229709
-0.232275
-0.234831
-0.237377
-0.239912
-0.242437
-0.244953
-0.247458
-0.249952
-0.252437
-0.254912
-0.257376
-0.25983
-0.262274
-0.264707
-0.267131
-0.269544
-0.271947
-0.27434
-0.276723
-0.279095
-0.281457
-0.283809
-0.286151
-0.288483
-0.290804
-0.293116
-0.295417
-0.297708
-0.299988
-0.302259
-0.304519
-0.306769
-0.309009
-0.311239
-0.313459
-0.315668
-0.317868
-0.320057
-0.322236
-0.324405
-0.326564
-0.328713
-0.330852
-0.332981
-0.335099
-0.337208
-0.339306
-0.341395
-0.343473
-0.345542
-0.3476
-0.349648
-0.351687
-0.353715
-0.355734
-0.357743
-0.359741
-0.36173
-0.363709
-0.365678
-0.367637
-0.369587
-0.371526
-0.373456
-0.375376
-0.377286
-0.379186
-0.381076
-0.382957
-0.384828
-0.38669
-0.388541
-0.390384
-0.392216
-0.394039
-0.395852
-0.397656
-0.39945
-0.401234
-0.403009
-0.404774
-0.40653
-0.408277
-0.410014
-0.411741
-0.41346
-0.415168
-0.416868
-0.418558
-0.420239
-0.42191
-0.423572
-0.425225
-0.426869
-0.428503
-0.430128
-0.431745
-0.433352
-0.434949
-0.436538
-0.438118
-0.439688
-0.44125
-0.442802
-0.444346
-0.445881
-0.447406
-0.448923
-0.450431
-0.45193
-0.45342
-0.454902
-0.456374
-0.457838
-0.459293
-0.460739
-0.462177
-0.463606
-0.465026
-0.466438
-0.467841
-0.469236
-0.470622
-0.472
-0.473369
-0.474729
-0.476082
-0.477425
-0.478761
-0.480088
-0.481407
-0.482717
-0.484019
-0.485313
-0.486599
-0.487876
-0.489146
-0.490407
-0.49166
-0.492905
-0.494142
-0.49537
-0.496591
-0.497804
-0.499009
-0.500206
-0.501395
-0.502576
-0.503749
-0.504915
-0.506073
-0.507223
-0.508365
-0.509499
-0.510626
-0.511745
-0.512856
-0.51396
-0.515057
-0.516145
-0.517226
-0.5183
-0.519366
-0.520425
-0.521476
-0.52252
-0.523557
-0.524586
-0.525608
-0.526622
-0.52763
-0.52863
-0.529623
-0.530608
-0.531587
-0.532558
-0.533522
-0.534479
-0.53543
-0.536373
-0.537309
-0.538238
-0.53916
-0.540075
-0.540983
-0.541885
-0.542779
-0.543667
-0.544548
-0.545422
-0.54629
-0.54715
-0.548004
-0.548852
-0.549693
-0.550527
-0.551354
-0.552175
-0.552989
-0.553797
-0.554598
-0.555393
-0.556182
-0.556963
-0.557739
-0.558508
-0.559271
-0.560027
-0.560778
-0.561521
-0.562259
-0.56299
-0.563716
-0.564435
-0.565147
-0.565854
-0.566555
-0.567249
-0.567937
-0.56862
-0.569296
-0.569966
-0.570631
-0.571289
-0.571941
-0.572588
-0.573228
-0.573863
-0.574492
-0.575115
-0.575732
-0.576344
-0.576949
-0.577549
-0.578143
-0.578732
-0.579314
-0.579892
-0.580463
-0.581029
-0.581589
-0.582144
-0.582693
-0.583236
-0.583774
-0.584307
-0.584834
-0.585355
-0.585871
-0.586382
-0.586887
-0.587387
-0.587882
-0.588371
-0.588854
-0.589333
-0.589806
-0.590274
-0.590736
-0.591194
-0.591646
-0.592093
-0.592534
-0.592971
-0.593402
-0.593828
-0.59425
-0.594665
-0.595076
-0.595482
-0.595883
-0.596278
-0.596669
-0.597054
-0.597435
-0.597811
-0.598181
-0.598547
-0.598907
-0.599263
-0.599614
-0.59996
-0.600301
-0.600637
-0.600968
-0.601294
-0.601616
-0.601933
-0.602245
-0.602552
-0.602854
-0.603151
-0.603444
-0.603732
-0.604015
-0.604294
-0.604568
-0.604837
-0.605101
-0.605361
-0.605616
-0.605866
-0.606112
-0.606353
-0.606589
-0.606821
-0.607048
-0.607271
-0.607489
-0.607702
-0.607911
-0.608115
-0.608315
-0.60851
-0.6087
-0.608886
-0.609068
-0.609244
-0.609417
-0.609585
-0.609748
-0.609907
-0.610061
-0.610211
-0.610357
-0.610498
-0.610634
-0.610766
-0.610894
-0.611017
-0.611136
-0.61125
-0.61136
-0.611465
-0.611566
-0.611663
-0.611755
-0.611843
-0.611926
-0.612005
-0.612079
-0.612149
-0.612215
-0.612276
-0.612333
-0.612386
-0.612434
-0.612478
-0.612517
-0.612552
-0.612583
-0.612609
-0.612631
-0.612648
-0.612661
-0.61267
-0.612675
-0.612675
-0.61267
-0.612666
-0.612661
-0.612657
-0.612653
-0.612648
-0.612644
-0.61264
-0.612635
-0.612631
-0.612626
-0.612622
-0.612618
-0.612613
-0.612609
-0.612605
-0.6126
-0.612596
-0.612591
-0.612587
-0.612583
-0.612578
-0.612574
-0.61257
-0.612565
-0.612561
-0.612556
-0.612552
-0.612548
-0.612543
-0.612539
-0.612535
-0.61253
-0.612526
-0.612521
-0.612517
-0.612513
-0.612508
-0.612504
-0.6125
-0.612495
-0.612491
-0.612486
-0.612482
-0.612478
-0.612473
-0.612469
-0.612465
-0.61246
-0.612456
-0.612451
-0.612447
-0.612443
-0.612438
-0.612434
-0.61243
-0.612425
-0.612421
-0.612416
-0.612412
-0.612408
-0.612403
-0.612399
-0.612395
-0.61239
-0.612386
-0.612381
-0.612377
-0.612373
-0.612368
-0.612364
-0.61236
-0.612355
-0.612351
-0.612346
-0.612342
-0.612338
-0.612333
-0.612329
-0.612325
-0.61232
-0.612316
-0.612311
-0.612307
-0.612303
-0.612298
-0.612294
-0.612289
-0.612285
-0.612281
-0.612276
-0.612272
-0.612268
-0.612263
-0.612259
-0.612254
-0.61225
-0.612246
-0.612241
-0.612237
-0.612233
-0.612228
-0.612224
-0.612219
-0.612215
-0.612211
-0.612206
-0.612202
-0.612198
-0.612193
-0.612189
-0.612184
-0.61218
-0.612176
-0.612171
-0.612167
-0.612162
-0.612158
-0.612154
-0.612149
-0.612145
-0.612141
-0.612136
-0.612132
-0.612127
-0.612123
-0.612119
-0.612114
-0.61211
-0.612106
-0.612101
-0.612097
-0.612092
-0.612088
-0.612084
-0.612079
-0.612075
-0.61207
-0.612066
-0.612062
-0.612057
-0.612053
-0.612049
-0.612044
-0.61204
-0.612035
-0.612031
-0.612027
-0.612022
-0.612018
-0.612013
-0.612009
-0.612005
-0.612
-0.611996
-0.611992
-0.611987
-0.611983
-0.611978
-0.611974
-0.61197
-0.611965
-0.611961
-0.611957
-0.611952
-0.611948
-0.611943
-0.611939
-0.611935
-0.61193
-0.611926
-0.611921
-0.611917
-0.611913
-0.611908
-0.611904
-0.6119
-0.611895
-0.611891
-0.611886
-0.611882
-0.611878
-0.611873
-0.611869
-0.611864
-0.61186
-0.611856
-0.611851
-0.611847
-0.611843
-0.611838
-0.611834
-0.611829
-0.611825
-0.611821
-0.611816
-0.611812
-0.611807
-0.611803
-0.611799
-0.611794
-0.61179
-0.611785
-0.611781
-0.611777
-0.611772
-0.611768
-0.611764
-0.611759
-0.611755
-0.61175
-0.611746
-0.611742
-0.611737
-0.611733
-0.611728
-0.611724
-0.61172
-0.611715
-0.611711
-0.611707
-0.611702
-0.611698
-0.611693
-0.611689
-0.611685
-0.61168
-0.611676
-0.611671
-0.611667
-0.611663
-0.611658
-0.611654
-0.611649
-0.611645
-0.611641
-0.611636
-0.611632
-0.611628
-0.611623
-0.611619
-0.611614
-0.61161
-0.611606
-0.611601
-0.611597
-0.611592
-0.611588
-0.611584
-0.611579
-0.611575
-0.611571
-0.611566
-0.611562
-0.611557
-0.611553
-0.611549
-0.611544
-0.61154
-0.611535
-0.611531
-0.611527
-0.611522
-0.611518
-0.611513
-0.611509
-0.611505
-0.6115
-0.611496
-0.611491
-0.611487
-0.611483
-0.611478
-0.611474
-0.61147
-0.611465
-0.611461
-0.611456
-0.611452
-0.611448
-0.611443
-0.611439
-0.611434
-0.61143
-0.611426
-0.611421
-0.611417
-0.611412
-0.611408
-0.611404
-0.611399
-0.611395
-0.61139
-0.611386
-0.611382
-0.611377
-0.611373
-0.611369
-0.611364
-0.61136
-0.611355
-0.611351
-0.611347
-0.611342
-0.611338
-0.611333
-0.611329
-0.611325
-0.61132
-0.611316
-0.611311
-0.611307
-0.611303
-0.611298
-0.611294
-0.611289
-0.611285
-0.611281
-0.611276
-0.611272
-0.611268
-0.611263
-0.611259
-0.611254
-0.61125
-0.611246
-0.611241
-0.611237
-0.611232
-0.611228
-0.611224
-0.611219
-0.611215
-0.61121
-0.611206
-0.611202
-0.611197
-0.611193
-0.611188
-0.611184
-0.61118
-0.611175
-0.611171
-0.611166
-0.611162
-0.611158
-0.611153
-0.611149
-0.611144
-0.61114
-0.611136
-0.611131
-0.611127
-0.611122
-0.611118
-0.611114
-0.611109
-0.611105
-0.611101
-0.611096
-0.611092
-0.611087
-0.611083
-0.611079
-0.611074
-0.61107
-0.611065
-0.611061
-0.611057
-0.611052
-0.611048
-0.611043
-0.611039
-0.611035
-0.61103
-0.611026
-0.611021
-0.611017
-0.611013
-0.611008
-0.611004
-0.610999
-0.610995
-0.610991
-0.610986
-0.610982
-0.610977
-0.610973
-0.610969
-0.610964
-0.61096
-0.610955
-0.610951
-0.610947
-0.610942
-0.610938
-0.610933
-0.610929
-0.610925
-0.61092
-0.610916
-0.610911
-0.610907
-0.610903
-0.610898
-0.610894
-0.610889
-0.610885
-0.610881
-0.610876
-0.610872
-0.610867
-0.610863
-0.610859
-0.610854
-0.61085
-0.610845
-0.610841
-0.610837
-0.610832
-0.610828
-0.610823
-0.610819
-0.610815
-0.61081
-0.610806
-0.610801
-0.610797
-0.610793
-0.610788
-0.610784
-0.610779
-0.610775
-0.610771
-0.610766
-0.610762
-0.610757
-0.610753
-0.610749
-0.610744
-0.61074
-0.610735
-0.610731
-0.610727
-0.610722
-0.610718
-0.610713
-0.610709
-0.610705
-0.6107
-0.610696
-0.610691
-0.610687
-0.610683
-0.610678
-0.610674
-0.610669
-0.610665
-0.610661
-0.610656
-0.610652
-0.610647
-0.610643
-0.610639
-0.610634
-0.61063
-0.610625
-0.610621
-0.610617
-0.610612
-0.610608
-0.610603
-0.610599
-0.610595
-0.61059
-0.610586
-0.610581
-0.610577
-0.610573
-0.610568
-0.610564
-0.610559
-0.610555
-0.610551
-0.610546
-0.610542
-0.610537
-0.610533
-0.610529
-0.610524
-0.61052
-0.610515
-0.610511
-0.610507
-0.610502
-0.610498
-0.610493
-0.610489
-0.610484
-0.61048
-0.610476
-0.610471
-0.610467
-0.610462
-0.610458
-0.610454
-0.610449
-0.610445
-0.61044
-0.610436
-0.610432
-0.610427
-0.610423
-0.610418
-0.610414
-0.61041
-0.610405
-0.610401
-0.610396
-0.610392
-0.610388
-0.610383
-0.610379
-0.610374
-0.61037
-0.610366
-0.610361
-0.610357
-0.610352
-0.610348
-0.610344
-0.610339
-0.610335
-0.61033
-0.610326
-0.610321
-0.610317
-0.610313
-0.610308
-0.610304
-0.610299
-0.610295
-0.610291
-0.610286
-0.610282
-0.610277
-0.610273
-0.610269
-0.610264
-0.61026
-0.610255
-0.610251
-0.610247
-0.610242
-0.610238
-0.610233
-0.610229
-0.610225
-0.61022
-0.610216
-0.610211
-0.610207
-0.610202
-0.610198
-0.610194
-0.610189
-0.610185
-0.61018
-0.610176
-0.610172
-0.610167
-0.610163
-0.610158
-0.610154
-0.61015
-0.610145
-0.610141
-0.610136
-0.610132
-0.610128
-0.610123
-0.610119
-0.610114
-0.61011
-0.610105
-0.610101
-0.610097
-0.610092
-0.610088
-0.610083
-0.610079
-0.610075
-0.61007
-0.610066
-0.610061
-0.610057
-0.610053
-0.610048
-0.610044
-0.610039
-0.610035
-0.61003
-0.610026
-0.610022
-0.610017
-0.610013
-0.610008
-0.610004
-0.61
-0.609995
-0.609991
-0.609986
-0.609982
-0.609978
-0.609973
-0.609969
-0.609964
-0.60996
-0.609955
-0.609951
-0.609947
-0.609942
-0.609938
-0.609933
-0.609929
-0.609925
-0.60992
-0.609916
-0.609911
-0.609907
-0.609903
-0.609898
-0.609894
-0.609889
-0.609885
-0.60988
-0.609876
-0.609872
-0.609867
-0.609863
-0.609858
-0.609854
-0.60985
-0.609845
-0.609841
-0.609836
-0.609832
-0.609828
-0.609823
-0.609819
-0.609814
-0.60981
-0.609805
-0.609801
-0.609797
-0.609792
-0.609788
-0.609783
-0.609779
-0.609775
-0.60977
-0.609766
-0.609761
-0.609757
-0.609752
-0.609748
-0.609744
-0.609739
-0.609735
-0.60973
-0.609726
-0.609722
-0.609717
-0.609713
-0.609708
-0.609704
-0.609699
-0.609695
-0.609691
-0.609686
-0.609682
-0.609677
-0.609673
-0.609669
-0.609664
-0.60966
-0.609655
-0.609651
-0.609646
-0.609642
-0.609638
-0.609633
-0.609629
-0.609624
-0.60962
-0.609616
-0.609611
-0.609607
-0.609602
-0.609598
-0.609593
-0.609589
-0.609585
-0.60958
-0.609576
-0.609571
-0.609567
-0.609563
-0.609558
-0.609554
-0.609549
-0.609545
-0.60954
-0.609536
-0.609532
-0.609527
-0.609523
-0.609518
-0.609514
-0.60951
-0.609505
-0.609501
-0.609496
-0.609492
-0.609487
-0.609483
-0.609479
-0.609474
-0.60947
-0.609465
-0.609461
-0.609457
-0.609452
-0.609448
-0.609443
-0.609439
-0.609434
-0.60943
-0.609426
-0.609421
-0.609417
-0.609412
-0.609408
-0.609404
-0.609399
-0.609395
-0.60939
-0.609386
-0.609381
-0.609377
-0.609373
-0.609368
-0.609364
-0.609359
-0.609355
-0.60935
-0.609346
-0.609342
-0.609337
-0.609333
-0.609328
-0.609324
-0.60932
-0.609315
-0.609311
-0.609306
-0.609302
-0.609297
-0.609293
-0.609289
-0.609284
-0.60928
-0.609275
-0.609271
-0.609266
-0.609262
-0.609258
-0.609253
-0.609249
-0.609244
-0.60924
-0.609236
-0.609231
-0.609227
-0.609222
-0.609218
-0.609213
-0.609209
-0.609205
-0.6092
-0.609196
-0.609191
-0.609187
-0.609182
-0.609178
-0.609174
-0.609169
-0.609165
-0.60916
-0.609156
-0.609151
-0.609147
-0.609143
-0.609138
-0.609134
-0.609129
-0.609125
-0.609121
-0.609116
-0.609112
-0.609107
-0.609103
-0.609098
-0.609094
-0.60909
-0.609085
-0.609081
-0.609076
-0.609072
-0.609067
-0.609063
-0.609059
-0.609054
-0.60905
-0.609045
-0.609041
-0.609036
-0.609032
-0.609028
-0.609023
-0.609019
-0.609014
-0.60901
-0.609005
-0.609001
-0.608997
-0.608992
-0.608988
-0.608983
-0.608979
-0.608974
-0.60897
-0.608966
-0.608961
-0.608957
-0.608952
-0.608948
-0.608944
-0.608939
-0.608935
-0.60893
-0.608926
-0.608921
-0.608917
-0.608913
-0.608908
-0.608904
-0.608899
-0.608895
-0.60889
-0.608886
-0.608882
-0.608877
-0.608873
-0.608868
-0.608864
-0.608859
-0.608855
-0.608851
-0.608846
-0.608842
-0.608837
-0.608833
-0.608828
-0.608824
-0.60882
-0.608815
-0.608811
-0.608806
-0.608802
-0.608797
-0.608793
-0.608789
-0.608784
-0.60878
-0.608775
-0.608771
-0.608766
-0.608762
-0.608758
-0.608753
-0.608749
-0.608744
-0.60874
-0.608735
-0.608731
-0.608727
-0.608722
-0.608718
-0.608713
-0.608709
-0.608704
-0.6087
-0.608696
-0.608691
-0.608687
-0.608682
-0.608678
-0.608673
-0.608669
-0.608665
-0.60866
-0.608656
-0.608651
-0.608647
-0.608642
-0.608638
-0.608634
-0.608629
-0.608625
-0.60862
-0.608616
-0.608611
-0.608607
-0.608603
-0.608598
-0.608594
-0.608589
-0.608585
-0.60858
-0.608576
-0.608572
-0.608567
-0.608563
-0.608558
-0.608554
-0.608549
-0.608545
-0.60854
-0.608536
-0.608532
-0.608527
-0.608523
-0.608518
-0.608514
-0.608509
-0.608505
-0.608501
-0.608496
-0.608492
-0.608487
-0.608483
-0.608478
-0.608474
-0.60847
-0.608465
-0.608461
-0.608456
-0.608452
-0.608447
-0.608443
-0.608439
-0.608434
-0.60843
-0.608425
-0.608421
-0.608416
-0.608412
-0.608407
-0.608403
-0.608399
-0.608394
-0.60839
-0.608385
-0.608381
-0.608376
-0.608372
-0.608368
-0.608363
-0.608359
-0.608354
-0.60835
-0.608345
-0.608341
-0.608337
-0.608332
-0.608328
-0.608323
-0.608319
-0.608314
-0.60831
-0.608306
-0.608301
-0.608297
-0.608292
-0.608288
-0.608283
-0.608279
-0.608274
-0.60827
-0.608266
-0.608261
-0.608257
-0.608252
-0.608248
-0.608243
-0.608239
-0.608235
-0.60823
-0.608226
-0.608221
-0.608217
-0.608212
-0.608208
-0.608203
-0.608199
-0.608195
-0.60819
-0.608186
-0.608181
-0.608177
-0.608172
-0.608168
-0.608164
-0.608159
-0.608155
-0.60815
-0.608146
-0.608141
-0.608137
-0.608132
-0.608128
-0.608124
-0.608119
-0.608115
-0.60811
-0.608106
-0.608101
-0.608097
-0.608093
-0.608088
-0.608084
-0.608079
-0.608075
-0.60807
-0.608066
-0.608061
-0.608057
-0.608053
-0.608048
-0.608044
-0.608039
-0.608035
-0.60803
-0.608026
-0.608022
-0.608017
-0.608013
-0.608008
-0.608004
-0.607999
-0.607995
-0.60799
-0.607986
-0.607982
-0.607977
-0.607973
-0.607968
-0.607964
-0.607959
-0.607955
-0.60795
-0.607946
-0.607942
-0.607937
-0.607933
-0.607928
-0.607924
-0.607919
-0.607915
-0.607911
-0.607906
-0.607902
-0.607897
-0.607893
-0.607888
-0.607884
-0.607879
-0.607875
-0.607871
-0.607866
-0.607862
-0.607857
-0.607853
-0.607848
-0.607844
-0.607839
-0.607835
-0.607831
-0.607826
-0.607822
-0.607817
-0.607813
-0.607808
-0.607804
-0.6078
-0.607795
-0.607791
-0.607786
-0.607782
-0.607777
-0.607773
-0.607768
-0.607764
-0.60776
-0.607755
-0.607751
-0.607746
-0.607742
-0.607737
-0.607733
-0.607728
-0.607724
-0.60772
-0.607715
-0.607711
-0.607706
-0.607702
-0.607697
-0.607693
-0.607688
-0.607684
-0.60768
-0.607675
-0.607671
-0.607666
-0.607662
-0.607657
-0.607653
-0.607648
-0.607644
-0.60764
-0.607635
-0.607631
-0.607626
-0.607622
-0.607617
-0.607613
-0.607608
-0.607604
-0.6076
-0.607595
-0.607591
-0.607586
-0.607582
-0.607577
-0.607573
-0.607568
-0.607564
-0.60756
-0.607555
-0.607551
-0.607546
-0.607542
-0.607537
-0.607533
-0.607528
-0.607524
-0.60752
-0.607515
-0.607511
-0.607506
-0.607502
-0.607497
-0.607493
-0.607488
-0.607484
-0.60748
-0.607475
-0.607471
-0.607466
-0.607462
-0.607457
-0.607453
-0.607448
-0.607444
-0.607439
-0.607435
-0.607431
-0.607426
-0.607422
-0.607417
-0.607413
-0.607408
-0.607404
-0.607399
-0.607395
-0.607391
-0.607386
-0.607382
-0.607377
-0.607373
-0.607368
-0.607364
-0.607359
-0.607355
-0.607351
-0.607346
-0.607342
-0.607337
-0.607333
-0.607328
-0.607324
-0.607319
-0.607315
-0.60731
-0.607306
-0.607302
-0.607297
-0.607293
-0.607288
-0.607284
-0.607279
-0.607275
-0.60727
-0.607266
-0.607262
-0.607257
-0.607253
-0.607248
-0.607244
-0.607239
-0.607235
-0.60723
-0.607226
-0.607221
-0.607217
-0.607213
-0.607208
-0.607204
-0.607199
-0.607195
-0.60719
-0.607186
-0.607181
-0.607177
-0.607173
-0.607168
-0.607164
-0.607159
-0.607155
-0.60715
-0.607146
-0.607141
-0.607137
-0.607132
-0.607128
-0.607124
-0.607119
-0.607115
-0.60711
-0.607106
-0.607101
-0.607097
-0.607092
-0.607088
-0.607084
-0.607079
-0.607075
-0.60707
-0.607066
-0.607061
-0.607057
-0.607052
-0.607048
-0.607043
-0.607039
-0.607035
-0.60703
-0.607026
-0.607021
-0.607017
-0.607012
-0.607008
-0.607003
-0.606999
-0.606994
-0.60699
-0.606986
-0.606981
-0.606977
-0.606972
-0.606968
-0.606963
-0.606959
-0.606954
-0.60695
-0.606945
-0.606941
-0.606937
-0.606932
-0.606928
-0.606923
-0.606919
-0.606914
-0.60691
-0.606905
-0.606901
-0.606896
-0.606892
-0.606888
-0.606883
-0.606879
-0.606874
-0.60687
-0.606865
-0.606861
-0.606856
-0.606852
-0.606847
-0.606843
-0.606839
-0.606834
-0.60683
-0.606825
-0.606821
-0.606816
-0.606812
-0.606807
-0.606803
-0.606798
-0.606794
-0.60679
-0.606785
-0.606781
-0.606776
-0.606772
-0.606767
-0.606763
-0.606758
-0.606754
-0.606749
-0.606745
-0.606741
-0.606736
-0.606732
-0.606727
-0.606723
-0.606718
-0.606714
-0.606709
-0.606705
-0.6067
-0.606696
-0.606691
-0.606687
-0.606683
-0.606678
-0.606674
-0.606669
-0.606665
-0.60666
-0.606656
-0.606651
-0.606647
-0.606642
-0.606638
-0.606634
-0.606629
-0.606625
-0.60662
-0.606616
-0.606611
-0.606607
-0.606602
-0.606598
-0.606593
-0.606589
-0.606584
-0.60658
-0.606576
-0.606571
-0.606567
-0.606562
-0.606558
-0.606553
-0.606549
-0.606544
-0.60654
-0.606535
-0.606531
-0.606527
-0.606522
-0.606518
-0.606513
-0.606509
-0.606504
-0.6065
-0.606495
-0.606491
-0.606486
-0.606482
-0.606477
-0.606473
-0.606469
-0.606464
-0.60646
-0.606455
-0.606451
-0.606446
-0.606442
-0.606437
-0.606433
-0.606428
-0.606424
-0.606419
-0.606415
-0.606411
-0.606406
-0.606402
-0.606397
-0.606393
-0.606388
-0.606384
-0.606379
-0.606375
-0.60637
-0.606366
-0.606361
-0.606357
-0.606353
-0.606348
-0.606344
-0.606339
-0.606335
-0.60633
-0.606326
-0.606321
-0.606317
-0.606312
-0.606308
-0.606303
-0.606299
-0.606295
-0.60629
-0.606286
-0.606281
-0.606277
-0.606272
-0.606268
-0.606263
-0.606259
-0.606254
-0.60625
-0.606245
-0.606241
-0.606236
-0.606232
-0.606228
-0.606223
-0.606219
-0.606214
-0.60621
-0.606205
-0.606201
-0.606196
-0.606192
-0.606187
-0.606183
-0.606178
-0.606174
-0.60617
-0.606165
-0.606161
-0.606156
-0.606152
-0.606147
-0.606143
-0.606138
-0.606134
-0.606129
-0.606125
-0.60612
-0.606116
-0.606111
-0.606107
-0.606103
-0.606098
-0.606094
-0.606089
-0.606085
-0.60608
-0.606076
-0.606071
-0.606067
-0.606062
-0.606058
-0.606053
-0.606049
-0.606044
-0.60604
-0.606036
-0.606031
-0.606027
-0.606022
-0.606018
-0.606013
-0.606009
-0.606004
-0.606
-0.605995
-0.605991
-0.605986
-0.605982
-0.605977
-0.605973
-0.605969
-0.605964
-0.60596
-0.605955
-0.605951
-0.605946
-0.605942
-0.605937
-0.605933
-0.605928
-0.605924
-0.605919
-0.605915
-0.60591
-0.605906
-0.605902
-0.605897
-0.605893
-0.605888
-0.605884
-0.605879
-0.605875
-0.60587
-0.605866
-0.605861
-0.605857
-0.605852
-0.605848
-0.605843
-0.605839
-0.605835
-0.60583
-0.605826
-0.605821
-0.605817
-0.605812
-0.605808
-0.605803
-0.605799
-0.605794
-0.60579
-0.605785
-0.605781
-0.605776
-0.605772
-0.605767
-0.605763
-0.605759
-0.605754
-0.60575
-0.605745
-0.605741
-0.605736
-0.605732
-0.605727
-0.605723
-0.605718
-0.605714
-0.605709
-0.605705
-0.6057
-0.605696
-0.605691
-0.605687
-0.605683
-0.605678
-0.605674
-0.605669
-0.605665
-0.60566
-0.605656
-0.605651
-0.605647
-0.605642
-0.605638
-0.605633
-0.605629
-0.605624
-0.60562
-0.605615
-0.605611
-0.605606
-0.605602
-0.605598
-0.605593
-0.605589
-0.605584
-0.60558
-0.605575
-0.605571
-0.605566
-0.605562
-0.605557
-0.605553
-0.605548
-0.605544
-0.605539
-0.605535
-0.60553
-0.605526
-0.605521
-0.605517
-0.605513
-0.605508
-0.605504
-0.605499
-0.605495
-0.60549
-0.605486
-0.605481
-0.605477
-0.605472
-0.605468
-0.605463
-0.605459
-0.605454
-0.60545
-0.605445
-0.605441
-0.605436
-0.605432
-0.605428
-0.605423
-0.605419
-0.605414
-0.60541
-0.605405
-0.605401
-0.605396
-0.605392
-0.605387
-0.605383
-0.605378
-0.605374
-0.605369
-0.605365
-0.60536
-0.605356
-0.605351
-0.605347
-0.605342
-0.605338
-0.605334
-0.605329
-0.605325
-0.60532
-0.605316
-0.605311
-0.605307
-0.605302
-0.605298
-0.605293
-0.605289
-0.605284
-0.60528
-0.605275
-0.605271
-0.605266
-0.605262
-0.605257
-0.605253
-0.605248
-0.605244
-0.60524
-0.605235
-0.605231
-0.605226
-0.605222
-0.605217
-0.605213
-0.605208
-0.605204
-0.605199
-0.605195
-0.60519
-0.605186
-0.605181
-0.605177
-0.605172
-0.605168
-0.605163
-0.605159
-0.605154
-0.60515
-0.605145
-0.605141
-0.605137
-0.605132
-0.605128
-0.605123
-0.605119
-0.605114
-0.60511
-0.605105
-0.605101
-0.605096
-0.605092
-0.605087
-0.605083
-0.605078
-0.605074
-0.605069
-0.605065
-0.60506
-0.605056
-0.605051
-0.605047
-0.605042
-0.605038
-0.605033
-0.605029
-0.605025
-0.60502
-0.605016
-0.605011
-0.605007
-0.605002
-0.604998
-0.604993
-0.604989
-0.604984
-0.60498
-0.604975
-0.604971
-0.604966
-0.604962
-0.604957
-0.604953
-0.604948
-0.604944
-0.604939
-0.604935
-0.60493
-0.604926
-0.604921
-0.604917
-0.604913
-0.604908
-0.604904
-0.604899
-0.604895
-0.60489
-0.604886
-0.604881
-0.604877
-0.604872
-0.604868
-0.604863
-0.604859
-0.604854
-0.60485
-0.604845
-0.604841
-0.604836
-0.604832
-0.604827
-0.604823
-0.604818
-0.604814
-0.604809
-0.604805
-0.6048
-0.604796
-0.604791
-0.604787
-0.604782
-0.604778
-0.604774
-0.604769
-0.604765
-0.60476
-0.604756
-0.604751
-0.604747
-0.604742
-0.604738
-0.604733
-0.604729
-0.604724
-0.60472
-0.604715
-0.604711
-0.604706
-0.604702
-0.604697
