0
-5.73396e-06
-1.72019e-05
-3.44039e-05
-5.73399e-05
-8.601e-05
-0.000120414
-0.000160553
-0.000206425
-0.000258032
-0.000315373
-0.000378448
-0.000447258
-0.000521802
-0.00060208
-0.000688092
-0.000779839
-0.000877321
-0.000980537
-0.00108949
-0.00120417
-0.00132459
-0.00145075
-0.00158263
-0.00172026
-0.00186361
-0.00201271
-0.00216753
-0.00232809
-0.00249439
-0.00266642
-0.00284419
-0.00302769
-0.00321692
-0.00341189
-0.00361259
-0.00381903
-0.0040312
-0.00424911
-0.00447275
-0.00470213
-0.00493724
-0.00517808
-0.00542466
-0.00567697
-0.00593502
-0.0061988
-0.00646831
-0.00674356
-0.00702454
-0.00731125
-0.0076037
-0.00790188
-0.00820579
-0.00851544
-0.00883082
-0.00915193
-0.00947877
-0.00981134
-0.0101497
-0.0104937
-0.0108435
-0.011199
-0.0115602
-0.0119271
-0.0122998
-0.0126783
-0.0130624
-0.0134523
-0.0138479
-0.0142492
-0.0146563
-0.0150691
-0.0154876
-0.0159118
-0.0163418
-0.0167775
-0.0172189
-0.017666
-0.0181189
-0.0185775
-0.0190418
-0.0195118
-0.0199875
-0.020469
-0.0209562
-0.0214491
-0.0219477
-0.022452
-0.0229621
-0.0234778
-0.0239993
-0.0245265
-0.0250594
-0.025598
-0.0261423
-0.0266923
-0.027248
-0.0278095
-0.0283766
-0.0289494
-0.029528
-0.0301122
-0.0307021
-0.0312978
-0.0318991
-0.0325061
-0.0331188
-0.0337372
-0.0343613
-0.0349911
-0.0356265
-0.0362676
-0.0369145
-0.0375669
-0.0382251
-0.038889
-0.0395585
-0.0402336
-0.0409145
-0.041601
-0.0422932
-0.042991
-0.0436945
-0.0444037
-0.0451184
-0.0458389
-0.046565
-0.0472967
-0.0480341
-0.0487771
-0.0495257
-0.05028
-0.0510399
-0.0518054
-0.0525766
-0.0533533
-0.0541357
-0.0549237
-0.0557173
-0.0565165
-0.0573213
-0.0581317
-0.0589476
-0.0597692
-0.0605963
-0.061429
-0.0622673
-0.0631112
-0.0639606
-0.0648156
-0.0656761
-0.0665422
-0.0674138
-0.068291
-0.0691737
-0.0700619
-0.0709557
-0.0718549
-0.0727597
-0.07367
-0.0745858
-0.075507
-0.0764338
-0.0773661
-0.0783038
-0.079247
-0.0801956
-0.0811497
-0.0821093
-0.0830743
-0.0840447
-0.0850206
-0.0860018
-0.0869885
-0.0879806
-0.0889781
-0.089981
-0.0909893
-0.0920029
-0.0930219
-0.0940463
-0.095076
-0.096111
-0.0971514
-0.0981971
-0.0992481
-0.100304
-0.101366
-0.102433
-0.103505
-0.104583
-0.105665
-0.106753
-0.107846
-0.108945
-0.110048
-0.111157
-0.112271
-0.11339
-0.114515
-0.115644
-0.116779
-0.117919
-0.119064
-0.120214
-0.121369
-0.122529
-0.123694
-0.124865
-0.12604
-0.127221
-0.128406
-0.129596
-0.130792
-0.131992
-0.133198
-0.134408
-0.135623
-0.136844
-0.138069
-0.139299
-0.140534
-0.141773
-0.143018
-0.144267
-0.145522
-0.146781
-0.148044
-0.149313
-0.150586
-0.151864
-0.153147
-0.154434
-0.155727
-0.157023
-0.158325
-0.159631
-0.160941
-0.162257
-0.163576
-0.164901
-0.166229
-0.167563
-0.168901
-0.170243
-0.17159
-0.172941
-0.174296
-0.175656
-0.177021
-0.178389
-0.179762
-0.181139
-0.182521
-0.183906
-0.185296
-0.186691
-0.188089
-0.189491
-0.190898
-0.192309
-0.193723
-0.195142
-0.196565
-0.197992
-0.199422
-0.200857
-0.202296
-0.203738
-0.205185
-0.206635
-0.208089
-0.209547
-0.211008
-0.212474
-0.213943
-0.215415
-0.216892
-0.218372
-0.219855
-0.221342
-0.222833
-0.224327
-0.225824
-0.227325
-0.228829
-0.230337
-0.231848
-0.233362
-0.23488
-0.2364
-0.237924
-0.239451
-0.240982
-0.242515
-0.244051
-0.24559
-0.247133
-0.248678
-0.250226
-0.251777
-0.253331
-0.254888
-0.256447
-0.258009
-0.259574
-0.261142
-0.262712
-0.264284
-0.265859
-0.267437
-0.269017
-0.270599
-0.272184
-0.273771
-0.275361
-0.276952
-0.278546
-0.280142
-0.28174
-0.28334
-0.284942
-0.286546
-0.288152
-0.28976
-0.29137
-0.292982
-0.294595
-0.29621
-0.297826
-0.299444
-0.301064
-0.302685
-0.304308
-0.305932
-0.307557
-0.309184
-0.310812
-0.312441
-0.314071
-0.315703
-0.317335
-0.318969
-0.320603
-0.322238
-0.323874
-0.325511
-0.327149
-0.328787
-0.330426
-0.332065
-0.333705
-0.335346
-0.336986
-0.338627
-0.340269
-0.34191
-0.343552
-0.345194
-0.346836
-0.348478
-0.350119
-0.351761
-0.353402
-0.355044
-0.356684
-0.358325
-0.359965
-0.361604
-0.363243
-0.364881
-0.366519
-0.368156
-0.369792
-0.371427
-0.373061
-0.374694
-0.376326
-0.377957
-0.379586
-0.381214
-0.382841
-0.384467
-0.386091
-0.387713
-0.389334
-0.390953
-0.39257
-0.394185
-0.395798
-0.39741
-0.399019
-0.400626
-0.402231
-0.403834
-0.405434
-0.407032
-0.408627
-0.41022
-0.41181
-0.413397
-0.414982
-0.416563
-0.418142
-0.419718
-0.42129
-0.422859
-0.424425
-0.425988
-0.427547
-0.429102
-0.430654
-0.432202
-0.433747
-0.435287
-0.436824
-0.438357
-0.439885
-0.44141
-0.44293
-0.444445
-0.445957
-0.447464
-0.448966
-0.450463
-0.451956
-0.453444
-0.454926
-0.456404
-0.457877
-0.459344
-0.460807
-0.462263
-0.463715
-0.46516
-0.4666
-0.468035
-0.469463
-0.470886
-0.472302
-0.473712
-0.475117
-0.476514
-0.477906
-0.479291
-0.480669
-0.482041
-0.483406
-0.484764
-0.486115
-0.487459
-0.488796
-0.490126
-0.491448
-0.492763
-0.494071
-0.49537
-0.496662
-0.497947
-0.499223
-0.500491
-0.501751
-0.503003
-0.504247
-0.505482
-0.506709
-0.507927
-0.509137
-0.510337
-0.511529
-0.512712
-0.513885
-0.515049
-0.516205
-0.51735
-0.518486
-0.519613
-0.52073
-0.521837
-0.522934
-0.524021
-0.525098
-0.526164
-0.527221
-0.528266
-0.529302
-0.530327
-0.53134
-0.532344
-0.533336
-0.534317
-0.535287
-0.536245
-0.537193
-0.538128
-0.539053
-0.539965
-0.540866
-0.541754
-0.542631
-0.543496
-0.544348
-0.545188
-0.546016
-0.546831
-0.547634
-0.548424
-0.5492
-0.549964
-0.550715
-0.551453
-0.552177
-0.552888
-0.553586
-0.55427
-0.55494
-0.555597
-0.556239
-0.556868
-0.557482
-0.558082
-0.558668
-0.559239
-0.559796
-0.560338
-0.560865
-0.561378
-0.561875
-0.562358
-0.562825
-0.563277
-0.563714
-0.564135
-0.56454
-0.56493
-0.565304
-0.565662
-0.566004
-0.566329
-0.566639
-0.566932
-0.567209
-0.56747
-0.567713
-0.56794
-0.56815
-0.568343
-0.568519
-0.568678
-0.56882
-0.568944
-0.569051
-0.569141
-0.569212
-0.569266
-0.569302
-0.56932
-0.569321
-0.569302
-0.569266
-0.569211
-0.569138
-0.569047
-0.568937
-0.568808
-0.56866
-0.568493
-0.568307
-0.568103
-0.567879
-0.567635
-0.567373
-0.56709
-0.566789
-0.566467
-0.566126
-0.565765
-0.565385
-0.564984
-0.564563
-0.564122
-0.56366
-0.563179
-0.562677
-0.562154
-0.561611
-0.561047
-0.560462
-0.559856
-0.55923
-0.558582
-0.557914
-0.557224
-0.556513
-0.555781
-0.555027
-0.554252
-0.553455
-0.552637
-0.551799
-0.55094
-0.550061
-0.549161
-0.548242
-0.547302
-0.546343
-0.545363
-0.544363
-0.543344
-0.542304
-0.541245
-0.540165
-0.539066
-0.537947
-0.536808
-0.53565
-0.534471
-0.533274
-0.532056
-0.530819
-0.529563
-0.528287
-0.526992
-0.525677
-0.524343
-0.52299
-0.521618
-0.520226
-0.518816
-0.517386
-0.515937
-0.51447
-0.512983
-0.511478
-0.509953
-0.50841
-0.506849
-0.505269
-0.50367
-0.502053
-0.500417
-0.498763
-0.49709
-0.4954
-0.493691
-0.491964
-0.490219
-0.488455
-0.486674
-0.484875
-0.483059
-0.481224
-0.479372
-0.477502
-0.475615
-0.47371
-0.471787
-0.469848
-0.467891
-0.465917
-0.463926
-0.461917
-0.459892
-0.45785
-0.455791
-0.453715
-0.451623
-0.449514
-0.447388
-0.445246
-0.443088
-0.440913
-0.438722
-0.436515
-0.434292
-0.432053
-0.429798
-0.427527
-0.425241
-0.422938
-0.420621
-0.418287
-0.415939
-0.413575
-0.411196
-0.408802
-0.406393
-0.403968
-0.401529
-0.399075
-0.396607
-0.394124
-0.391626
-0.389114
-0.386588
-0.384047
-0.381492
-0.378924
-0.376341
-0.373744
-0.371134
-0.36851
-0.365872
-0.363221
-0.360557
-0.357879
-0.355188
-0.352484
-0.349767
-0.347038
-0.344295
-0.34154
-0.338772
-0.335991
-0.333199
-0.330394
-0.327576
-0.324747
-0.321906
-0.319053
-0.316188
-0.313312
-0.310423
-0.307524
-0.304613
-0.301691
-0.298758
-0.295814
-0.292859
-0.289893
-0.286916
-0.283929
-0.280931
-0.277923
-0.274905
-0.271876
-0.268838
-0.26579
-0.262731
-0.259663
-0.256586
-0.253499
-0.250403
-0.247297
-0.244182
-0.241059
-0.237926
-0.234785
-0.231635
-0.228476
-0.225309
-0.222133
-0.21895
-0.215758
-0.212558
-0.209351
-0.206135
-0.202913
-0.199682
-0.196444
-0.193199
-0.189947
-0.186688
-0.183421
-0.180148
-0.176869
-0.173583
-0.17029
-0.166991
-0.163686
-0.160374
-0.157057
-0.153734
-0.150406
-0.147071
-0.143731
-0.140386
-0.137036
-0.133681
-0.13032
-0.126955
-0.123585
-0.12021
-0.116831
-0.113448
-0.11006
-0.106669
-0.103273
-0.0998734
-0.09647
-0.0930631
-0.0896527
-0.086239
-0.082822
-0.0794019
-0.0759788
-0.0725529
-0.0691242
-0.0656929
-0.0622592
-0.0588231
-0.0553847
-0.0519443
-0.0485019
-0.0450576
-0.0416116
-0.038164
-0.034715
-0.0312646
-0.0278129
-0.0243602
-0.0209066
-0.0174521
-0.0139968
-0.010541
-0.00708476
-0.00362816
-0.000171364
0.00328551
0.00674234
0.010199
0.0136553
0.0171113
0.0205666
0.0240213
0.0274752
0.0309281
0.03438
0.0378307
0.04128
0.044728
0.0481743
0.051619
0.0550618
0.0585027
0.0619415
0.0653781
0.0688124
0.0722442
0.0756735
0.0791
0.0825237
0.0859445
0.0893622
0.0927767
0.0961878
0.0995955
0.103
0.1064
0.109797
0.113189
0.116578
0.119962
0.123342
0.126718
0.130088
0.133455
0.136816
0.140173
0.143524
0.14687
0.150211
0.153547
0.156877
0.160201
0.163519
0.166832
0.170138
0.173438
0.176732
0.18002
0.183301
0.186575
0.189843
0.193103
0.196357
0.199604
0.202843
0.206075
0.209299
0.212516
0.215725
0.218926
0.22212
0.225305
0.228482
0.231651
0.234811
0.237963
0.241106
0.24424
0.247365
0.250482
0.253589
0.256687
0.259776
0.262855
0.265924
0.268984
0.272034
0.275075
0.278105
0.281125
0.284135
0.287134
0.290123
0.293102
0.296069
0.299026
0.301972
0.304907
0.307831
0.310744
0.313645
0.316535
0.319413
0.32228
0.325135
0.327978
0.330809
0.333628
0.336435
0.339229
0.342011
0.344781
0.347538
0.350283
0.353014
0.355733
0.358439
0.361131
0.363811
0.366477
0.36913
0.371769
0.374395
0.377007
0.379605
0.382189
0.38476
0.387316
0.389858
0.392386
0.3949
0.397399
0.399884
0.402354
0.404809
0.40725
0.409675
0.412086
0.414482
0.416862
0.419228
0.421577
0.423912
0.426231
0.428534
0.430822
0.433094
0.43535
0.437591
0.439815
0.442023
0.444215
0.446391
0.44855
0.450693
0.45282
0.45493
0.457023
0.4591
0.46116
0.463202
0.465228
0.467237
0.469229
0.471204
0.473162
0.475102
0.477025
0.47893
0.480818
0.482688
0.48454
0.486375
0.488192
0.489991
0.491773
0.493536
0.495281
0.497008
0.498717
0.500407
0.50208
0.503734
0.505369
0.506986
0.508584
0.510164
0.511725
0.513267
0.514791
0.516296
0.517782
0.519248
0.520696
0.522125
0.523535
0.524925
0.526296
0.527648
0.528981
0.530294
0.531588
0.532863
0.534117
0.535353
0.536568
0.537765
0.538941
0.540097
0.541234
0.542351
0.543448
0.544526
0.545583
0.54662
0.547638
0.548635
0.549612
0.550569
0.551506
0.552422
0.553319
0.554195
0.55505
0.555886
0.556701
0.557496
0.55827
0.559024
0.559757
0.56047
0.561162
0.561833
0.562485
0.563115
0.563725
0.564314
0.564882
0.56543
0.565957
0.566464
0.566949
0.567414
0.567858
0.568281
0.568683
0.569065
0.569425
0.569765
0.570084
0.570382
0.570659
0.570915
0.57115
0.571364
0.571557
0.57173
0.571881
0.572011
0.572121
0.572209
0.572277
0.572323
0.572349
0.572353
0.572337
0.572299
0.57224
0.572161
0.572061
0.571939
0.571797
0.571633
0.571449
0.571243
0.571017
0.57077
0.570502
0.570213
0.569903
0.569572
0.56922
0.568847
0.568454
0.568039
0.567604
0.567148
0.566671
0.566173
0.565655
0.565115
0.564555
0.563975
0.563373
0.562751
0.562109
0.561445
0.560761
0.560057
0.559332
0.558586
0.55782
0.557033
0.556226
0.555399
0.554551
0.553683
0.552794
0.551886
0.550956
0.550007
0.549038
0.548048
0.547038
0.546008
0.544959
0.543889
0.542799
0.541689
0.540559
0.53941
0.53824
0.537051
0.535843
0.534614
0.533366
0.532098
0.530811
0.529504
0.528178
0.526832
0.525467
0.524083
0.52268
0.521257
0.519815
0.518354
0.516874
0.515375
0.513857
0.512321
0.510765
0.509191
0.507598
0.505986
0.504356
0.502707
0.50104
0.499354
0.49765
0.495927
0.494187
0.492428
0.490651
0.488856
0.487044
0.485213
0.483364
0.481498
0.479614
0.477712
0.475793
0.473856
0.471902
0.469931
0.467942
0.465936
0.463913
0.461873
0.459816
0.457742
0.455651
0.453543
0.451419
0.449278
0.447121
0.444947
0.442757
0.44055
0.438328
0.436089
0.433834
0.431563
0.429277
0.426974
0.424656
0.422326
0.419985
0.417632
0.415268
0.412892
0.410506
0.40811
0.405702
0.403284
0.400856
0.398418
0.39597
0.393512
0.391044
0.388567
0.386081
0.383585
0.381081
0.378567
0.376045
0.373515
0.370976
0.368428
0.365873
0.36331
0.360739
0.35816
0.355574
0.35298
0.350379
0.347771
0.345157
0.342535
0.339907
0.337273
0.334632
0.331985
0.329332
0.326673
0.324008
0.321338
0.318662
0.315981
0.313295
0.310604
0.307908
0.305207
0.302501
0.299791
0.297077
0.294358
0.291635
0.288909
0.286178
0.283444
0.280706
0.277965
0.27522
0.272473
0.269722
0.266968
0.264212
0.261453
0.258691
0.255927
0.25316
0.250392
0.247621
0.244848
0.242074
0.239298
0.23652
0.233741
0.23096
0.228178
0.225395
0.222612
0.219827
0.217041
0.214255
0.211468
0.208681
0.205893
0.203106
0.200318
0.19753
0.194742
0.191955
0.189167
0.18638
0.183594
0.180808
0.178023
0.175239
0.172456
0.169674
0.166893
0.164113
0.161334
0.158557
0.155781
0.153007
0.150235
0.147465
0.144696
0.141929
0.139165
0.136402
0.133642
0.130884
0.128128
0.125376
0.122625
0.119877
0.117133
0.11439
0.111651
0.108915
0.106182
0.103452
0.100726
0.0980022
0.0952823
0.0925659
0.089853
0.0871438
0.0844383
0.0817366
0.0790388
0.0763449
0.073655
0.0709691
0.0682874
0.06561
0.0629368
0.060268
0.0576036
0.0549437
0.0522883
0.0496376
0.0469915
0.0443502
0.0417137
0.0390821
0.0364554
0.0338337
0.0312171
0.0286056
0.0259992
0.0233981
0.0208023
0.0182118
0.0156268
0.0130472
0.0104731
0.00790451
0.00534159
0.00278434
0.000232816
-0.00231294
-0.00485287
-0.00738693
-0.00991507
-0.0124372
-0.0149534
-0.0174635
-0.0199674
-0.0224653
-0.0249569
-0.0274423
-0.0299213
-0.0323941
-0.0348605
-0.0373204
-0.039774
-0.042221
-0.0446615
-0.0470954
-0.0495226
-0.0519433
-0.0543572
-0.0567645
-0.0591649
-0.0615586
-0.0639454
-0.0663254
-0.0686985
-0.0710646
-0.0734238
-0.075776
-0.0781212
-0.0804593
-0.0827903
-0.0851142
-0.087431
-0.0897406
-0.092043
-0.0943381
-0.0966261
-0.0989067
-0.10118
-0.103446
-0.105705
-0.107956
-0.1102
-0.112436
-0.114665
-0.116887
-0.119101
-0.121307
-0.123506
-0.125698
-0.127882
-0.130058
-0.132227
-0.134388
-0.136541
-0.138687
-0.140825
-0.142956
-0.145078
-0.147194
-0.149301
-0.1514
-0.153492
-0.155576
-0.157653
-0.159721
-0.161782
-0.163835
-0.16588
-0.167917
-0.169946
-0.171968
-0.173981
-0.175987
-0.177985
-0.179975
-0.181957
-0.183931
-0.185898
-0.187856
-0.189807
-0.191749
-0.193684
-0.195611
-0.19753
-0.19944
-0.201343
-0.203238
-0.205126
-0.207005
-0.208876
-0.210739
-0.212594
-0.214442
-0.216281
-0.218113
-0.219936
-0.221752
-0.223559
-0.225359
-0.227151
-0.228935
-0.230711
-0.232479
-0.234239
-0.235991
-0.237735
-0.239471
-0.2412
-0.24292
-0.244633
-0.246337
-0.248034
-0.249723
-0.251404
-0.253077
-0.254743
-0.2564
-0.25805
-0.259692
-0.261326
-0.262952
-0.26457
-0.266181
-0.267784
-0.269379
-0.270966
-0.272545
-0.274117
-0.275681
-0.277237
-0.278786
-0.280326
-0.281859
-0.283385
-0.284903
-0.286413
-0.287915
-0.28941
-0.290897
-0.292376
-0.293848
-0.295313
-0.29677
-0.298219
-0.29966
-0.301095
-0.302521
-0.30394
-0.305352
-0.306756
-0.308153
-0.309542
-0.310924
-0.312298
-0.313666
-0.315025
-0.316378
-0.317722
-0.31906
-0.32039
-0.321713
-0.323029
-0.324338
-0.325639
-0.326933
-0.32822
-0.329499
-0.330772
-0.332037
-0.333295
-0.334546
-0.33579
-0.337027
-0.338256
-0.339479
-0.340695
-0.341903
-0.343105
-0.3443
-0.345487
-0.346668
-0.347842
-0.349009
-0.350169
-0.351322
-0.352469
-0.353608
-0.354741
-0.355867
-0.356986
-0.358098
-0.359204
-0.360303
-0.361396
-0.362481
-0.36356
-0.364633
-0.365699
-0.366758
-0.367811
-0.368857
-0.369896
-0.370929
-0.371956
-0.372976
-0.37399
-0.374997
-0.375998
-0.376993
-0.377981
-0.378963
-0.379939
-0.380908
-0.381871
-0.382828
-0.383778
-0.384723
-0.385661
-0.386593
-0.387519
-0.388438
-0.389352
-0.39026
-0.391161
-0.392056
-0.392946
-0.393829
-0.394707
-0.395578
-0.396444
-0.397304
-0.398158
-0.399005
-0.399848
-0.400684
-0.401514
-0.402339
-0.403158
-0.403971
-0.404779
-0.40558
-0.406376
-0.407167
-0.407952
-0.408731
-0.409505
-0.410273
-0.411035
-0.411792
-0.412543
-0.413289
-0.41403
-0.414765
-0.415495
-0.416219
-0.416938
-0.417651
-0.418359
-0.419062
-0.41976
-0.420452
-0.421139
-0.421821
-0.422497
-0.423168
-0.423835
-0.424496
-0.425151
-0.425802
-0.426448
-0.427088
-0.427724
-0.428354
-0.428979
-0.4296
-0.430215
-0.430826
-0.431431
-0.432032
-0.432628
-0.433218
-0.433804
-0.434385
-0.434962
-0.435533
-0.4361
-0.436662
-0.437219
-0.437771
-0.438319
-0.438862
-0.4394
-0.439934
-0.440463
-0.440987
-0.441507
-0.442022
-0.442533
-0.443039
-0.443541
-0.444038
-0.44453
-0.445018
-0.445502
-0.445981
-0.446456
-0.446926
-0.447392
-0.447853
-0.44831
-0.448763
-0.449212
-0.449656
-0.450095
-0.450531
-0.450962
-0.451389
-0.451812
-0.452231
-0.452645
-0.453055
-0.453461
-0.453863
-0.454261
-0.454654
-0.455044
-0.455429
-0.455811
-0.456188
-0.456561
-0.45693
-0.457295
-0.457656
-0.458014
-0.458367
-0.458716
-0.459061
-0.459402
-0.45974
-0.460073
-0.460403
-0.460728
-0.46105
-0.461368
-0.461682
-0.461992
-0.462298
-0.462601
-0.4629
-0.463195
-0.463486
-0.463773
-0.464057
-0.464337
-0.464613
-0.464886
-0.465155
-0.46542
-0.465681
-0.465939
-0.466193
-0.466443
-0.46669
-0.466933
-0.467173
-0.467409
-0.467641
-0.46787
-0.468095
-0.468317
-0.468535
-0.468749
-0.46896
-0.469167
-0.469371
-0.469572
-0.469768
-0.469962
-0.470152
-0.470338
-0.470521
-0.4707
-0.470876
-0.471049
-0.471218
-0.471383
-0.471546
-0.471704
-0.47186
-0.472012
-0.47216
-0.472305
-0.472447
-0.472586
-0.472721
-0.472852
-0.47298
-0.473105
-0.473227
-0.473345
-0.47346
-0.473571
-0.47368
-0.473784
-0.473886
-0.473984
-0.474079
-0.474171
-0.474259
-0.474344
-0.474425
-0.474504
-0.474579
-0.474651
-0.474719
-0.474784
-0.474846
-0.474905
-0.47496
-0.475013
-0.475061
-0.475107
-0.475149
-0.475188
-0.475224
-0.475257
-0.475286
-0.475312
-0.475335
-0.475354
-0.47537
-0.475383
-0.475393
-0.4754
-0.475403
-0.475403
-0.4754
-0.475396
-0.475393
-0.47539
-0.475387
-0.475383
-0.47538
-0.475377
-0.475374
-0.47537
-0.475367
-0.475364
-0.475361
-0.475357
-0.475354
-0.475351
-0.475348
-0.475344
-0.475341
-0.475338
-0.475335
-0.475331
-0.475328
-0.475325
-0.475322
-0.475318
-0.475315
-0.475312
-0.475309
-0.475305
-0.475302
-0.475299
-0.475296
-0.475292
-0.475289
-0.475286
-0.475283
-0.475279
-0.475276
-0.475273
-0.47527
-0.475266
-0.475263
-0.47526
-0.475257
-0.475253
-0.47525
-0.475247
-0.475244
-0.47524
-0.475237
-0.475234
-0.475231
-0.475227
-0.475224
-0.475221
-0.475218
-0.475214
-0.475211
-0.475208
-0.475205
-0.475201
-0.475198
-0.475195
-0.475192
-0.475188
-0.475185
-0.475182
-0.475179
-0.475175
-0.475172
-0.475169
-0.475166
-0.475162
-0.475159
-0.475156
-0.475153
-0.475149
-0.475146
-0.475143
-0.47514
-0.475136
-0.475133
-0.47513
-0.475127
-0.475123
-0.47512
-0.475117
-0.475114
-0.47511
-0.475107
-0.475104
-0.4751
-0.475097
-0.475094
-0.475091
-0.475087
-0.475084
-0.475081
-0.475078
-0.475074
-0.475071
-0.475068
-0.475065
-0.475061
-0.475058
-0.475055
-0.475052
-0.475048
-0.475045
-0.475042
-0.475039
-0.475035
-0.475032
-0.475029
-0.475026
-0.475022
-0.475019
-0.475016
-0.475013
-0.475009
-0.475006
-0.475003
-0.475
-0.474996
-0.474993
-0.47499
-0.474987
-0.474983
-0.47498
-0.474977
-0.474974
-0.47497
-0.474967
-0.474964
-0.47496
-0.474957
-0.474954
-0.474951
-0.474947
-0.474944
-0.474941
-0.474938
-0.474934
-0.474931
-0.474928
-0.474925
-0.474921
-0.474918
-0.474915
-0.474912
-0.474908
-0.474905
-0.474902
-0.474899
-0.474895
-0.474892
-0.474889
-0.474886
-0.474882
-0.474879
-0.474876
-0.474873
-0.474869
-0.474866
-0.474863
-0.474859
-0.474856
-0.474853
-0.47485
-0.474846
-0.474843
-0.47484
-0.474837
-0.474833
-0.47483
-0.474827
-0.474824
-0.47482
-0.474817
-0.474814
-0.474811
-0.474807
-0.474804
-0.474801
-0.474798
-0.474794
-0.474791
-0.474788
-0.474785
-0.474781
-0.474778
-0.474775
-0.474771
-0.474768
-0.474765
-0.474762
-0.474758
-0.474755
-0.474752
-0.474749
-0.474745
-0.474742
-0.474739
-0.474736
-0.474732
-0.474729
-0.474726
-0.474723
-0.474719
-0.474716
-0.474713
-0.47471
-0.474706
-0.474703
-0.4747
-0.474696
-0.474693
-0.47469
-0.474687
-0.474683
-0.47468
-0.474677
-0.474674
-0.47467
-0.474667
-0.474664
-0.474661
-0.474657
-0.474654
-0.474651
-0.474648
-0.474644
-0.474641
-0.474638
-0.474635
-0.474631
-0.474628
-0.474625
-0.474621
-0.474618
-0.474615
-0.474612
-0.474608
-0.474605
-0.474602
-0.474599
-0.474595
-0.474592
-0.474589
-0.474586
-0.474582
-0.474579
-0.474576
-0.474573
-0.474569
-0.474566
-0.474563
-0.474559
-0.474556
-0.474553
-0.47455
-0.474546
-0.474543
-0.47454
-0.474537
-0.474533
-0.47453
-0.474527
-0.474524
-0.47452
-0.474517
-0.474514
-0.474511
-0.474507
-0.474504
-0.474501
-0.474497
-0.474494
-0.474491
-0.474488
-0.474484
-0.474481
-0.474478
-0.474475
-0.474471
-0.474468
-0.474465
-0.474462
-0.474458
-0.474455
-0.474452
-0.474449
-0.474445
-0.474442
-0.474439
-0.474435
-0.474432
-0.474429
-0.474426
-0.474422
-0.474419
-0.474416
-0.474413
-0.474409
-0.474406
-0.474403
-0.4744
-0.474396
-0.474393
-0.47439
-0.474386
-0.474383
-0.47438
-0.474377
-0.474373
-0.47437
-0.474367
-0.474364
-0.47436
-0.474357
-0.474354
-0.474351
-0.474347
-0.474344
-0.474341
-0.474337
-0.474334
-0.474331
-0.474328
-0.474324
-0.474321
-0.474318
-0.474315
-0.474311
-0.474308
-0.474305
-0.474302
-0.474298
-0.474295
-0.474292
-0.474288
-0.474285
-0.474282
-0.474279
-0.474275
-0.474272
-0.474269
-0.474266
-0.474262
-0.474259
-0.474256
-0.474253
-0.474249
-0.474246
-0.474243
-0.474239
-0.474236
-0.474233
-0.47423
-0.474226
-0.474223
-0.47422
-0.474217
-0.474213
-0.47421
-0.474207
-0.474204
-0.4742
-0.474197
-0.474194
-0.47419
-0.474187
-0.474184
-0.474181
-0.474177
-0.474174
-0.474171
-0.474168
-0.474164
-0.474161
-0.474158
-0.474154
-0.474151
-0.474148
-0.474145
-0.474141
-0.474138
-0.474135
-0.474132
-0.474128
-0.474125
-0.474122
-0.474119
-0.474115
-0.474112
-0.474109
-0.474105
-0.474102
-0.474099
-0.474096
-0.474092
-0.474089
-0.474086
-0.474083
-0.474079
-0.474076
-0.474073
-0.474069
-0.474066
-0.474063
-0.47406
-0.474056
-0.474053
-0.47405
-0.474047
-0.474043
-0.47404
-0.474037
-0.474033
-0.47403
-0.474027
-0.474024
-0.47402
-0.474017
-0.474014
-0.474011
-0.474007
-0.474004
-0.474001
-0.473998
-0.473994
-0.473991
-0.473988
-0.473984
-0.473981
-0.473978
-0.473975
-0.473971
-0.473968
-0.473965
-0.473962
-0.473958
-0.473955
-0.473952
-0.473948
-0.473945
-0.473942
-0.473939
-0.473935
-0.473932
-0.473929
-0.473926
-0.473922
-0.473919
-0.473916
-0.473912
-0.473909
-0.473906
-0.473903
-0.473899
-0.473896
-0.473893
-0.47389
-0.473886
-0.473883
-0.47388
-0.473876
-0.473873
-0.47387
-0.473867
-0.473863
-0.47386
-0.473857
-0.473854
-0.47385
-0.473847
-0.473844
-0.47384
-0.473837
-0.473834
-0.473831
-0.473827
-0.473824
-0.473821
-0.473818
-0.473814
-0.473811
-0.473808
-0.473804
-0.473801
-0.473798
-0.473795
-0.473791
-0.473788
-0.473785
-0.473781
-0.473778
-0.473775
-0.473772
-0.473768
-0.473765
-0.473762
-0.473759
-0.473755
-0.473752
-0.473749
-0.473745
-0.473742
-0.473739
-0.473736
-0.473732
-0.473729
-0.473726
-0.473723
-0.473719
-0.473716
-0.473713
-0.473709
-0.473706
-0.473703
-0.4737
-0.473696
-0.473693
-0.47369
-0.473687
-0.473683
-0.47368
-0.473677
-0.473673
-0.47367
-0.473667
-0.473664
-0.47366
-0.473657
-0.473654
-0.47365
-0.473647
-0.473644
-0.473641
-0.473637
-0.473634
-0.473631
-0.473628
-0.473624
-0.473621
-0.473618
-0.473614
-0.473611
-0.473608
-0.473605
-0.473601
-0.473598
-0.473595
-0.473591
-0.473588
-0.473585
-0.473582
-0.473578
-0.473575
-0.473572
-0.473569
-0.473565
-0.473562
-0.473559
-0.473555
-0.473552
-0.473549
-0.473546
-0.473542
-0.473539
-0.473536
-0.473532
-0.473529
-0.473526
-0.473523
-0.473519
-0.473516
-0.473513
-0.47351
-0.473506
-0.473503
-0.4735
-0.473496
-0.473493
-0.47349
-0.473487
-0.473483
-0.47348
-0.473477
-0.473473
-0.47347
-0.473467
-0.473464
-0.47346
-0.473457
-0.473454
-0.473451
-0.473447
-0.473444
-0.473441
-0.473437
-0.473434
-0.473431
-0.473428
-0.473424
-0.473421
-0.473418
-0.473414
-0.473411
-0.473408
-0.473405
-0.473401
-0.473398
-0.473395
-0.473391
-0.473388
-0.473385
-0.473382
-0.473378
-0.473375
-0.473372
-0.473369
-0.473365
-0.473362
-0.473359
-0.473355
-0.473352
-0.473349
-0.473346
-0.473342
-0.473339
-0.473336
-0.473332
-0.473329
-0.473326
-0.473323
-0.473319
-0.473316
-0.473313
-0.473309
-0.473306
-0.473303
-0.4733
-0.473296
-0.473293
-0.47329
-0.473286
-0.473283
-0.47328
-0.473277
-0.473273
-0.47327
-0.473267
-0.473264
-0.47326
-0.473257
-0.473254
-0.47325
-0.473247
-0.473244
-0.473241
-0.473237
-0.473234
-0.473231
-0.473227
-0.473224
-0.473221
-0.473218
-0.473214
-0.473211
-0.473208
-0.473204
-0.473201
-0.473198
-0.473195
-0.473191
-0.473188
-0.473185
-0.473181
-0.473178
-0.473175
-0.473172
-0.473168
-0.473165
-0.473162
-0.473158
-0.473155
-0.473152
-0.473149
-0.473145
-0.473142
-0.473139
-0.473135
-0.473132
-0.473129
-0.473126
-0.473122
-0.473119
-0.473116
-0.473112
-0.473109
-0.473106
-0.473103
-0.473099
-0.473096
-0.473093
-0.473089
-0.473086
-0.473083
-0.47308
-0.473076
-0.473073
-0.47307
-0.473067
-0.473063
-0.47306
-0.473057
-0.473053
-0.47305
-0.473047
-0.473044
-0.47304
-0.473037
-0.473034
-0.47303
-0.473027
-0.473024
-0.473021
-0.473017
-0.473014
-0.473011
-0.473007
-0.473004
-0.473001
-0.472998
-0.472994
-0.472991
-0.472988
-0.472984
-0.472981
-0.472978
-0.472974
-0.472971
-0.472968
-0.472965
-0.472961
-0.472958
-0.472955
-0.472951
-0.472948
-0.472945
-0.472942
-0.472938
-0.472935
-0.472932
-0.472928
-0.472925
-0.472922
-0.472919
-0.472915
-0.472912
-0.472909
-0.472905
-0.472902
-0.472899
-0.472896
-0.472892
-0.472889
-0.472886
-0.472882
-0.472879
-0.472876
-0.472873
-0.472869
-0.472866
-0.472863
-0.472859
-0.472856
-0.472853
-0.47285
-0.472846
-0.472843
-0.47284
-0.472836
-0.472833
-0.47283
-0.472827
-0.472823
-0.47282
-0.472817
-0.472813
-0.47281
-0.472807
-0.472804
-0.4728
-0.472797
-0.472794
-0.47279
-0.472787
-0.472784
-0.472781
-0.472777
-0.472774
-0.472771
-0.472767
-0.472764
-0.472761
-0.472757
-0.472754
-0.472751
-0.472748
-0.472744
-0.472741
-0.472738
-0.472734
-0.472731
-0.472728
-0.472725
-0.472721
-0.472718
-0.472715
-0.472711
-0.472708
-0.472705
-0.472702
-0.472698
-0.472695
-0.472692
-0.472688
-0.472685
-0.472682
-0.472679
-0.472675
-0.472672
-0.472669
-0.472665
-0.472662
-0.472659
-0.472655
-0.472652
-0.472649
-0.472646
-0.472642
-0.472639
-0.472636
-0.472632
-0.472629
-0.472626
-0.472623
-0.472619
-0.472616
-0.472613
-0.472609
-0.472606
-0.472603
-0.4726
-0.472596
-0.472593
-0.47259
-0.472586
-0.472583
-0.47258
-0.472576
-0.472573
-0.47257
-0.472567
-0.472563
-0.47256
-0.472557
-0.472553
-0.47255
-0.472547
-0.472544
-0.47254
-0.472537
-0.472534
-0.47253
-0.472527
-0.472524
-0.472521
-0.472517
-0.472514
-0.472511
-0.472507
-0.472504
-0.472501
-0.472497
-0.472494
-0.472491
-0.472488
-0.472484
-0.472481
-0.472478
-0.472474
-0.472471
-0.472468
-0.472465
-0.472461
-0.472458
-0.472455
-0.472451
-0.472448
-0.472445
-0.472441
-0.472438
-0.472435
-0.472432
-0.472428
-0.472425
-0.472422
-0.472418
-0.472415
-0.472412
-0.472409
-0.472405
-0.472402
-0.472399
-0.472395
-0.472392
-0.472389
-0.472385
-0.472382
-0.472379
-0.472376
-0.472372
-0.472369
-0.472366
-0.472362
-0.472359
-0.472356
-0.472353
-0.472349
-0.472346
-0.472343
-0.472339
-0.472336
-0.472333
-0.472329
-0.472326
-0.472323
-0.47232
-0.472316
-0.472313
-0.47231
-0.472306
-0.472303
-0.4723
-0.472296
-0.472293
-0.47229
-0.472287
-0.472283
-0.47228
-0.472277
-0.472273
-0.47227
-0.472267
-0.472264
-0.47226
-0.472257
-0.472254
-0.47225
-0.472247
-0.472244
-0.47224
-0.472237
-0.472234
-0.472231
-0.472227
-0.472224
-0.472221
-0.472217
-0.472214
-0.472211
-0.472207
-0.472204
-0.472201
-0.472198
-0.472194
-0.472191
-0.472188
-0.472184
-0.472181
-0.472178
-0.472174
-0.472171
-0.472168
-0.472165
-0.472161
-0.472158
-0.472155
-0.472151
-0.472148
-0.472145
-0.472141
-0.472138
-0.472135
-0.472132
-0.472128
-0.472125
-0.472122
-0.472118
-0.472115
-0.472112
-0.472109
-0.472105
-0.472102
-0.472099
-0.472095
-0.472092
-0.472089
-0.472085
-0.472082
-0.472079
-0.472076
-0.472072
-0.472069
-0.472066
-0.472062
-0.472059
-0.472056
-0.472052
-0.472049
-0.472046
-0.472043
-0.472039
-0.472036
-0.472033
-0.472029
-0.472026
-0.472023
-0.472019
-0.472016
-0.472013
-0.47201
-0.472006
-0.472003
-0.472
-0.471996
-0.471993
-0.47199
-0.471986
-0.471983
-0.47198
-0.471977
-0.471973
-0.47197
-0.471967
-0.471963
-0.47196
-0.471957
-0.471953
-0.47195
-0.471947
-0.471943
-0.47194
-0.471937
-0.471934
-0.47193
-0.471927
-0.471924
-0.47192
-0.471917
-0.471914
-0.47191
-0.471907
-0.471904
-0.471901
-0.471897
-0.471894
-0.471891
-0.471887
-0.471884
-0.471881
-0.471877
-0.471874
-0.471871
-0.471868
-0.471864
-0.471861
-0.471858
-0.471854
-0.471851
-0.471848
-0.471844
-0.471841
-0.471838
-0.471835
-0.471831
-0.471828
-0.471825
-0.471821
-0.471818
-0.471815
-0.471811
-0.471808
-0.471805
-0.471801
-0.471798
-0.471795
-0.471792
-0.471788
-0.471785
-0.471782
-0.471778
-0.471775
-0.471772
-0.471768
-0.471765
-0.471762
-0.471759
-0.471755
-0.471752
-0.471749
-0.471745
-0.471742
-0.471739
-0.471735
-0.471732
-0.471729
-0.471725
-0.471722
-0.471719
-0.471716
-0.471712
-0.471709
-0.471706
-0.471702
-0.471699
-0.471696
-0.471692
-0.471689
-0.471686
-0.471683
-0.471679
-0.471676
-0.471673
-0.471669
-0.471666
-0.471663
-0.471659
-0.471656
-0.471653
-0.471649
-0.471646
-0.471643
-0.47164
-0.471636
-0.471633
-0.47163
-0.471626
-0.471623
-0.47162
-0.471616
-0.471613
-0.47161
-0.471606
-0.471603
-0.4716
-0.471597
-0.471593
-0.47159
-0.471587
-0.471583
-0.47158
-0.471577
-0.471573
-0.47157
-0.471567
-0.471564
-0.47156
-0.471557
-0.471554
-0.47155
-0.471547
-0.471544
-0.47154
-0.471537
-0.471534
-0.47153
-0.471527
-0.471524
-0.471521
-0.471517
-0.471514
-0.471511
-0.471507
-0.471504
-0.471501
-0.471497
-0.471494
-0.471491
-0.471487
-0.471484
-0.471481
-0.471478
-0.471474
-0.471471
-0.471468
-0.471464
-0.471461
-0.471458
-0.471454
-0.471451
-0.471448
-0.471444
-0.471441
-0.471438
-0.471435
-0.471431
-0.471428
-0.471425
-0.471421
-0.471418
-0.471415
-0.471411
-0.471408
-0.471405
-0.471401
-0.471398
-0.471395
-0.471391
-0.471388
-0.471385
-0.471382
-0.471378
-0.471375
-0.471372
-0.471368
-0.471365
-0.471362
-0.471358
-0.471355
-0.471352
-0.471348
-0.471345
-0.471342
-0.471339
-0.471335
-0.471332
-0.471329
-0.471325
-0.471322
-0.471319
-0.471315
-0.471312
-0.471309
-0.471305
-0.471302
-0.471299
-0.471295
-0.471292
-0.471289
-0.471286
-0.471282
-0.471279
-0.471276
-0.471272
-0.471269
-0.471266
-0.471262
-0.471259
-0.471256
-0.471252
-0.471249
-0.471246
-0.471243
-0.471239
-0.471236
-0.471233
-0.471229
-0.471226
-0.471223
-0.471219
-0.471216
-0.471213
-0.471209
-0.471206
-0.471203
-0.471199
-0.471196
-0.471193
-0.47119
-0.471186
-0.471183
-0.47118
-0.471176
-0.471173
-0.47117
-0.471166
-0.471163
-0.47116
-0.471156
-0.471153
-0.47115
-0.471146
-0.471143
-0.47114
-0.471137
-0.471133
-0.47113
-0.471127
-0.471123
-0.47112
-0.471117
-0.471113
-0.47111
-0.471107
-0.471103
-0.4711
-0.471097
-0.471093
-0.47109
-0.471087
-0.471083
-0.47108
-0.471077
-0.471074
-0.47107
-0.471067
-0.471064
-0.47106
-0.471057
-0.471054
-0.47105
-0.471047
-0.471044
-0.47104
-0.471037
-0.471034
-0.47103
-0.471027
-0.471024
-0.471021
-0.471017
-0.471014
-0.471011
-0.471007
-0.471004
-0.471001
-0.470997
-0.470994
-0.470991
-0.470987
-0.470984
-0.470981
-0.470977
-0.470974
-0.470971
-0.470967
-0.470964
-0.470961
-0.470958
-0.470954
-0.470951
-0.470948
-0.470944
-0.470941
-0.470938
-0.470934
-0.470931
-0.470928
-0.470924
-0.470921
-0.470918
-0.470914
-0.470911
-0.470908
-0.470904
-0.470901
-0.470898
-0.470895
-0.470891
-0.470888
-0.470885
-0.470881
-0.470878
-0.470875
-0.470871
-0.470868
-0.470865
-0.470861
-0.470858
-0.470855
-0.470851
-0.470848
-0.470845
-0.470841
-0.470838
-0.470835
-0.470831
-0.470828
-0.470825
-0.470822
-0.470818
-0.470815
-0.470812
-0.470808
-0.470805
-0.470802
-0.470798
-0.470795
-0.470792
-0.470788
-0.470785
-0.470782
-0.470778
-0.470775
-0.470772
-0.470768
-0.470765
-0.470762
-0.470759
-0.470755
-0.470752
-0.470749
-0.470745
-0.470742
-0.470739
-0.470735
-0.470732
-0.470729
-0.470725
-0.470722
-0.470719
-0.470715
-0.470712
-0.470709
-0.470705
-0.470702
-0.470699
-0.470695
-0.470692
-0.470689
-0.470685
-0.470682
-0.470679
-0.470676
-0.470672
-0.470669
-0.470666
-0.470662
-0.470659
-0.470656
-0.470652
-0.470649
-0.470646
-0.470642
-0.470639
-0.470636
-0.470632
-0.470629
-0.470626
-0.470622
-0.470619
-0.470616
-0.470612
-0.470609
-0.470606
-0.470602
-0.470599
-0.470596
-0.470593
-0.470589
-0.470586
-0.470583
-0.470579
-0.470576
-0.470573
-0.470569
-0.470566
-0.470563
-0.470559
-0.470556
-0.470553
-0.470549
-0.470546
-0.470543
-0.470539
-0.470536
-0.470533
-0.470529
-0.470526
-0.470523
-0.470519
-0.470516
-0.470513
-0.470509
-0.470506
-0.470503
-0.4705
-0.470496
-0.470493
-0.47049
-0.470486
-0.470483
-0.47048
-0.470476
-0.470473
-0.47047
-0.470466
-0.470463
-0.47046
-0.470456
-0.470453
-0.47045
-0.470446
-0.470443
-0.47044
-0.470436
-0.470433
-0.47043
-0.470426
-0.470423
-0.47042
-0.470416
-0.470413
-0.47041
-0.470406
-0.470403
-0.4704
-0.470396
-0.470393
-0.47039
-0.470387
-0.470383
-0.47038
-0.470377
-0.470373
-0.47037
-0.470367
-0.470363
-0.47036
-0.470357
-0.470353
-0.47035
-0.470347
-0.470343
-0.47034
-0.470337
-0.470333
-0.47033
-0.470327
-0.470323
-0.47032
-0.470317
-0.470313
-0.47031
-0.470307
-0.470303
-0.4703
-0.470297
-0.470293
-0.47029
-0.470287
-0.470283
-0.47028
-0.470277
-0.470273
-0.47027
-0.470267
-0.470263
-0.47026
-0.470257
-0.470254
-0.47025
-0.470247
-0.470244
-0.47024
-0.470237
-0.470234
-0.47023
-0.470227
-0.470224
-0.47022
-0.470217
-0.470214
-0.47021
-0.470207
-0.470204
-0.4702
-0.470197
-0.470194
-0.47019
-0.470187
-0.470184
-0.47018
-0.470177
-0.470174
-0.47017
-0.470167
-0.470164
-0.47016
-0.470157
-0.470154
-0.47015
-0.470147
-0.470144
-0.47014
-0.470137
-0.470134
-0.47013
-0.470127
-0.470124
-0.47012
-0.470117
-0.470114
-0.47011
-0.470107
-0.470104
-0.4701
-0.470097
-0.470094
-0.47009
-0.470087
-0.470084
-0.470081
-0.470077
-0.470074
-0.470071
-0.470067
-0.470064
-0.470061
-0.470057
-0.470054
-0.470051
-0.470047
-0.470044
-0.470041
-0.470037
-0.470034
-0.470031
-0.470027
-0.470024
-0.470021
-0.470017
-0.470014
-0.470011
-0.470007
-0.470004
-0.470001
-0.469997
-0.469994
-0.469991
-0.469987
-0.469984
-0.469981
-0.469977
-0.469974
-0.469971
-0.469967
-0.469964
-0.469961
-0.469957
-0.469954
-0.469951
-0.469947
-0.469944
-0.469941
-0.469937
-0.469934
-0.469931
-0.469927
-0.469924
-0.469921
-0.469917
-0.469914
-0.469911
-0.469907
-0.469904
-0.469901
-0.469897
-0.469894
-0.469891
-0.469887
-0.469884
-0.469881
-0.469877
-0.469874
-0.469871
-0.469867
-0.469864
-0.469861
-0.469857
-0.469854
-0.469851
-0.469847
-0.469844
-0.469841
-0.469837
-0.469834
-0.469831
-0.469827
-0.469824
-0.469821
-0.469817
-0.469814
-0.469811
-0.469807
-0.469804
-0.469801
-0.469797
-0.469794
-0.469791
-0.469787
-0.469784
-0.469781
-0.469777
-0.469774
-0.469771
-0.469767
-0.469764
-0.469761
-0.469757
-0.469754
-0.469751
-0.469747
-0.469744
-0.469741
-0.469737
-0.469734
-0.469731
-0.469727
-0.469724
-0.469721
-0.469717
-0.469714
-0.469711
-0.469707
-0.469704
-0.469701
-0.469697
-0.469694
-0.469691
-0.469687
-0.469684
-0.469681
-0.469677
-0.469674
-0.469671
-0.469667
-0.469664
-0.469661
-0.469657
-0.469654
-0.469651
-0.469647
-0.469644
-0.469641
-0.469637
-0.469634
-0.469631
-0.469627
-0.469624
-0.469621
-0.469617
-0.469614
-0.469611
-0.469607
-0.469604
-0.469601
-0.469597
-0.469594
-0.469591
-0.469587
-0.469584
-0.469581
-0.469577
-0.469574
-0.469571
-0.469567
-0.469564
-0.469561
-0.469557
-0.469554
-0.469551
-0.469547
-0.469544
-0.469541
-0.469537
-0.469534
-0.469531
-0.469527
-0.469524
-0.469521
-0.469517
-0.469514
-0.469511
-0.469507
-0.469504
-0.469501
-0.469497
-0.469494
-0.469491
-0.469487
-0.469484
-0.469481
-0.469477
-0.469474
-0.469471
