0
3.67647e-06
1.10294e-05
2.20589e-05
3.67648e-05
5.51473e-05
7.72062e-05
0.000102942
0.000132354
0.000165442
0.000202207
0.000242649
0.000286767
0.000334562
0.000386033
0.000441181
0.000500005
0.000562506
0.000628684
0.000698538
0.000772069
0.000849276
0.00093016
0.00101472
0.00110296
0.00119487
0.00129046
0.00138973
0.00149267
0.00159929
0.00170959
0.00182356
0.00194121
0.00206254
0.00218754
0.00231622
0.00244857
0.00258461
0.00272431
0.0028677
0.00301476
0.0031655
0.00331991
0.003478
0.00363976
0.0038052
0.00397432
0.00414711
0.00432358
0.00450373
0.00468755
0.00487504
0.00506621
0.00526106
0.00545958
0.00566178
0.00586765
0.00607719
0.00629041
0.00650731
0.00672788
0.00695212
0.00718004
0.00741163
0.00764689
0.00788583
0.00812844
0.00837472
0.00862468
0.0088783
0.0091356
0.00939657
0.00966122
0.00992953
0.0102015
0.0104772
0.0107565
0.0110395
0.0113261
0.0116165
0.0119105
0.0122081
0.0125095
0.0128145
0.0131232
0.0134355
0.0137515
0.0140712
0.0143945
0.0147215
0.0150521
0.0153865
0.0157244
0.0160661
0.0164114
0.0167603
0.017113
0.0174692
0.0178292
0.0181928
0.01856
0.0189309
0.0193055
0.0196837
0.0200655
0.020451
0.0208402
0.021233
0.0216295
0.0220296
0.0224333
0.0228407
0.0232517
0.0236664
0.0240847
0.0245067
0.0249323
0.0253615
0.0257944
0.0262309
0.026671
0.0271148
0.0275621
0.0280132
0.0284678
0.0289261
0.029388
0.0298535
0.0303226
0.0307953
0.0312717
0.0317516
0.0322352
0.0327224
0.0332132
0.0337076
0.0342056
0.0347072
0.0352124
0.0357212
0.0362336
0.0367495
0.0372691
0.0377922
0.038319
0.0388493
0.0393831
0.0399206
0.0404616
0.0410062
0.0415544
0.0421061
0.0426614
0.0432202
0.0437826
0.0443485
0.044918
0.045491
0.0460676
0.0466477
0.0472313
0.0478185
0.0484092
0.0490034
0.0496011
0.0502023
0.0508071
0.0514153
0.0520271
0.0526423
0.053261
0.0538832
0.0545089
0.0551381
0.0557708
0.0564069
0.0570465
0.0576895
0.058336
0.0589859
0.0596393
0.0602961
0.0609564
0.0616201
0.0622872
0.0629577
0.0636316
0.0643089
0.0649897
0.0656738
0.0663613
0.0670522
0.0677464
0.068444
0.069145
0.0698494
0.070557
0.0712681
0.0719824
0.0727001
0.0734211
0.0741454
0.074873
0.075604
0.0763382
0.0770757
0.0778164
0.0785604
0.0793077
0.0800583
0.080812
0.081569
0.0823293
0.0830927
0.0838594
0.0846292
0.0854023
0.0861785
0.0869579
0.0877405
0.0885262
0.089315
0.090107
0.0909021
0.0917003
0.0925017
0.0933061
0.0941136
0.0949241
0.0957378
0.0965544
0.0973742
0.0981969
0.0990227
0.0998514
0.100683
0.101518
0.102356
0.103196
0.10404
0.104886
0.105736
0.106588
0.107444
0.108302
0.109163
0.110027
0.110893
0.111763
0.112635
0.113511
0.114389
0.115269
0.116153
0.117039
0.117928
0.11882
0.119714
0.120611
0.121511
0.122413
0.123318
0.124226
0.125136
0.126049
0.126965
0.127883
0.128803
0.129726
0.130652
0.13158
0.13251
0.133443
0.134379
0.135317
0.136257
0.1372
0.138145
0.139092
0.140042
0.140994
0.141948
0.142904
0.143863
0.144824
0.145787
0.146753
0.14772
0.14869
0.149662
0.150636
0.151612
0.15259
0.15357
0.154552
0.155536
0.156522
0.15751
0.1585
0.159492
0.160486
0.161482
0.162479
0.163478
0.16448
0.165482
0.166487
0.167493
0.168501
0.169511
0.170522
0.171535
0.172549
0.173565
0.174583
0.175602
0.176622
0.177644
0.178668
0.179692
0.180719
0.181746
0.182775
0.183805
0.184836
0.185869
0.186903
0.187938
0.188974
0.190011
0.191049
0.192088
0.193129
0.19417
0.195212
0.196255
0.197299
0.198344
0.19939
0.200437
0.201484
0.202532
0.203581
0.20463
0.20568
0.206731
0.207782
0.208833
0.209886
0.210938
0.211991
0.213045
0.214098
0.215152
0.216207
0.217261
0.218316
0.219371
0.220426
0.221482
0.222537
0.223592
0.224647
0.225702
0.226758
0.227812
0.228867
0.229922
0.230976
0.23203
0.233084
0.234137
0.23519
0.236242
0.237294
0.238345
0.239396
0.240446
0.241496
0.242544
0.243592
0.244639
0.245686
0.246731
0.247776
0.248819
0.249862
0.250903
0.251943
0.252982
0.25402
0.255057
0.256092
0.257126
0.258159
0.25919
0.26022
0.261248
0.262275
0.2633
0.264323
0.265345
0.266364
0.267382
0.268398
0.269413
0.270425
0.271435
0.272443
0.273449
0.274453
0.275454
0.276454
0.277451
0.278445
0.279437
0.280427
0.281414
0.282399
0.28338
0.28436
0.285336
0.28631
0.28728
0.288248
0.289213
0.290175
0.291133
0.292089
0.293041
0.29399
0.294936
0.295879
0.296818
0.297753
0.298685
0.299614
0.300538
0.301459
0.302377
0.30329
0.3042
0.305105
0.306007
0.306904
0.307798
0.308687
0.309572
0.310453
0.311329
0.312201
0.313069
0.313931
0.31479
0.315643
0.316492
0.317336
0.318176
0.31901
0.319839
0.320663
0.321483
0.322297
0.323105
0.323909
0.324707
0.3255
0.326287
0.327069
0.327845
0.328615
0.32938
0.330139
0.330892
0.331639
0.33238
0.333115
0.333843
0.334566
0.335282
0.335992
0.336696
0.337393
0.338084
0.338768
0.339445
0.340116
0.34078
0.341437
0.342087
0.34273
0.343366
0.343995
0.344616
0.345231
0.345838
0.346437
0.34703
0.347614
0.348191
0.348761
0.349322
0.349876
0.350422
0.35096
0.35149
0.352012
0.352526
0.353031
0.353528
0.354017
0.354498
0.354969
0.355433
0.355888
0.356334
0.356771
0.357199
0.357619
0.358029
0.358431
0.358823
0.359206
0.35958
0.359945
0.3603
0.360646
0.360982
0.361309
0.361626
0.361933
0.362231
0.362518
0.362796
0.363064
0.363321
0.363569
0.363806
0.364033
0.36425
0.364456
0.364652
0.364837
0.365012
0.365176
0.365329
0.365471
0.365603
0.365724
0.365833
0.365932
0.366019
0.366096
0.36616
0.366214
0.366256
0.366287
0.366306
0.366314
0.36631
0.366294
0.366267
0.366228
0.366176
0.366113
0.366038
0.365951
0.365851
0.36574
0.365616
0.36548
0.365331
0.36517
0.364996
0.36481
0.364611
0.3644
0.364176
0.363938
0.363689
0.363426
0.36315
0.362861
0.362559
0.362244
0.361916
0.361574
0.361219
0.360851
0.36047
0.360074
0.359666
0.359244
0.358808
0.358358
0.357895
0.357418
0.356927
0.356423
0.355904
0.355372
0.354828
0.35427
0.353699
0.353115
0.352518
0.351909
0.351286
0.35065
0.350002
0.34934
0.348666
0.347979
0.347279
0.346566
0.345841
0.345103
0.344352
0.343588
0.342812
0.342023
0.341222
0.340408
0.339582
0.338742
0.337891
0.337027
0.336151
0.335262
0.334361
0.333447
0.332522
0.331584
0.330633
0.329671
0.328696
0.32771
0.326711
0.3257
0.324677
0.323642
0.322596
0.321537
0.320467
0.319384
0.31829
0.317184
0.316066
0.314937
0.313796
0.312644
0.31148
0.310304
0.309117
0.307919
0.306709
0.305488
0.304255
0.303012
0.301757
0.300491
0.299213
0.297925
0.296626
0.295316
0.293994
0.292662
0.291319
0.289966
0.288601
0.287226
0.285841
0.284444
0.283037
0.28162
0.280192
0.278754
0.277306
0.275847
0.274378
0.272899
0.27141
0.26991
0.268401
0.266881
0.265352
0.263813
0.262264
0.260706
0.259137
0.25756
0.255972
0.254375
0.252769
0.251153
0.249528
0.247893
0.24625
0.244597
0.242935
0.241264
0.239584
0.237895
0.236198
0.234491
0.232776
0.231052
0.22932
0.227579
0.225829
0.224071
0.222305
0.22053
0.218748
0.216957
0.215158
0.213351
0.211535
0.209713
0.207882
0.206043
0.204197
0.202343
0.200482
0.198613
0.196736
0.194853
0.192962
0.191063
0.189158
0.187245
0.185326
0.183399
0.181466
0.179526
0.177579
0.175626
0.173665
0.171699
0.169726
0.167746
0.16576
0.163768
0.16177
0.159766
0.157755
0.155739
0.153717
0.151689
0.149655
0.147616
0.145571
0.143521
0.141465
0.139404
0.137337
0.135266
0.133189
0.131107
0.12902
0.126929
0.124832
0.122731
0.120625
0.118514
0.116399
0.11428
0.112156
0.110028
0.107896
0.105759
0.103619
0.101474
0.0993257
0.0971735
0.0950175
0.0928579
0.0906948
0.0885281
0.086358
0.0841846
0.0820079
0.079828
0.077645
0.075459
0.07327
0.0710782
0.0688836
0.0666862
0.0644863
0.0622838
0.0600789
0.0578715
0.0556619
0.0534501
0.0512361
0.04902
0.046802
0.044582
0.0423603
0.0401368
0.0379117
0.035685
0.0334568
0.0312272
0.0289962
0.0267641
0.0245307
0.0222963
0.0200608
0.0178245
0.0155873
0.0133494
0.0111107
0.00887154
0.00663182
0.00439167
0.00215118
-8.95732e-05
-0.00233051
-0.00457155
-0.0068126
-0.00905359
-0.0112944
-0.013535
-0.0157753
-0.0180153
-0.0202547
-0.0224936
-0.0247318
-0.0269693
-0.029206
-0.0314419
-0.0336767
-0.0359105
-0.0381432
-0.0403747
-0.0426048
-0.0448336
-0.047061
-0.0492868
-0.0515109
-0.0537334
-0.0559541
-0.0581729
-0.0603898
-0.0626046
-0.0648173
-0.0670279
-0.0692361
-0.071442
-0.0736455
-0.0758465
-0.0780448
-0.0802405
-0.0824334
-0.0846235
-0.0868107
-0.0889948
-0.0911759
-0.0933538
-0.0955285
-0.0976999
-0.0998679
-0.102032
-0.104193
-0.106351
-0.108504
-0.110654
-0.1128
-0.114942
-0.11708
-0.119213
-0.121343
-0.123468
-0.125589
-0.127706
-0.129818
-0.131925
-0.134028
-0.136126
-0.13822
-0.140308
-0.142391
-0.14447
-0.146543
-0.148611
-0.150674
-0.152731
-0.154783
-0.15683
-0.15887
-0.160906
-0.162935
-0.164959
-0.166977
-0.168989
-0.170995
-0.172994
-0.174988
-0.176975
-0.178956
-0.180931
-0.182899
-0.184861
-0.186816
-0.188764
-0.190706
-0.192641
-0.194569
-0.196489
-0.198403
-0.20031
-0.20221
-0.204102
-0.205987
-0.207865
-0.209735
-0.211597
-0.213452
-0.2153
-0.217139
-0.218971
-0.220795
-0.222611
-0.224419
-0.226219
-0.228011
-0.229794
-0.23157
-0.233337
-0.235095
-0.236845
-0.238587
-0.24032
-0.242044
-0.24376
-0.245467
-0.247165
-0.248854
-0.250534
-0.252205
-0.253867
-0.255519
-0.257163
-0.258797
-0.260422
-0.262038
-0.263644
-0.26524
-0.266827
-0.268404
-0.269972
-0.27153
-0.273078
-0.274616
-0.276144
-0.277662
-0.27917
-0.280668
-0.282156
-0.283634
-0.285101
-0.286558
-0.288005
-0.289441
-0.290867
-0.292282
-0.293687
-0.295081
-0.296464
-0.297837
-0.299199
-0.30055
-0.30189
-0.303219
-0.304537
-0.305844
-0.30714
-0.308425
-0.309698
-0.310961
-0.312212
-0.313451
-0.31468
-0.315897
-0.317102
-0.318296
-0.319478
-0.320649
-0.321808
-0.322956
-0.324091
-0.325215
-0.326327
-0.327428
-0.328516
-0.329592
-0.330657
-0.331709
-0.332749
-0.333778
-0.334794
-0.335797
-0.336789
-0.337769
-0.338736
-0.33969
-0.340633
-0.341563
-0.34248
-0.343386
-0.344278
-0.345158
-0.346026
-0.346881
-0.347723
-0.348552
-0.349369
-0.350173
-0.350965
-0.351743
-0.352509
-0.353262
-0.354002
-0.354729
-0.355443
-0.356145
-0.356833
-0.357508
-0.35817
-0.358819
-0.359456
-0.360078
-0.360688
-0.361285
-0.361868
-0.362438
-0.362995
-0.363539
-0.36407
-0.364587
-0.365091
-0.365581
-0.366058
-0.366522
-0.366973
-0.36741
-0.367833
-0.368243
-0.36864
-0.369023
-0.369393
-0.369749
-0.370092
-0.370421
-0.370737
-0.371039
-0.371327
-0.371602
-0.371864
-0.372112
-0.372346
-0.372566
-0.372773
-0.372966
-0.373146
-0.373312
-0.373464
-0.373603
-0.373728
-0.373839
-0.373937
-0.37402
-0.374091
-0.374147
-0.37419
-0.374219
-0.374234
-0.374236
-0.374224
-0.374198
-0.374159
-0.374106
-0.374039
-0.373958
-0.373864
-0.373756
-0.373634
-0.373499
-0.37335
-0.373187
-0.373011
-0.372821
-0.372617
-0.372399
-0.372168
-0.371923
-0.371665
-0.371393
-0.371107
-0.370808
-0.370495
-0.370168
-0.369828
-0.369475
-0.369107
-0.368727
-0.368332
-0.367924
-0.367503
-0.367068
-0.36662
-0.366158
-0.365683
-0.365194
-0.364692
-0.364176
-0.363648
-0.363105
-0.36255
-0.361981
-0.361399
-0.360803
-0.360194
-0.359572
-0.358937
-0.358288
-0.357627
-0.356952
-0.356264
-0.355563
-0.354849
-0.354122
-0.353381
-0.352628
-0.351862
-0.351083
-0.350291
-0.349486
-0.348668
-0.347837
-0.346994
-0.346138
-0.345269
-0.344387
-0.343492
-0.342585
-0.341666
-0.340733
-0.339788
-0.338831
-0.337861
-0.336879
-0.335884
-0.334877
-0.333858
-0.332826
-0.331782
-0.330725
-0.329657
-0.328576
-0.327483
-0.326378
-0.325261
-0.324133
-0.322992
-0.321839
-0.320674
-0.319497
-0.318309
-0.317109
-0.315897
-0.314674
-0.313439
-0.312192
-0.310934
-0.309664
-0.308383
-0.30709
-0.305786
-0.304471
-0.303144
-0.301806
-0.300458
-0.299098
-0.297726
-0.296344
-0.294951
-0.293547
-0.292132
-0.290707
-0.28927
-0.287823
-0.286365
-0.284897
-0.283418
-0.281928
-0.280428
-0.278918
-0.2774
-0.275874
-0.274341
-0.2728
-0.271251
-0.269696
-0.268133
-0.266563
-0.264987
-0.263403
-0.261813
-0.260216
-0.258612
-0.257002
-0.255386
-0.253763
-0.252135
-0.2505
-0.248859
-0.247213
-0.245561
-0.243903
-0.24224
-0.240571
-0.238897
-0.237217
-0.235533
-0.233844
-0.232149
-0.23045
-0.228746
-0.227037
-0.225324
-0.223606
-0.221884
-0.220158
-0.218428
-0.216693
-0.214955
-0.213212
-0.211466
-0.209716
-0.207963
-0.206206
-0.204446
-0.202682
-0.200915
-0.199145
-0.197371
-0.195595
-0.193816
-0.192034
-0.19025
-0.188462
-0.186673
-0.18488
-0.183086
-0.181289
-0.17949
-0.177689
-0.175885
-0.17408
-0.172273
-0.170464
-0.168654
-0.166841
-0.165028
-0.163213
-0.161396
-0.159578
-0.157759
-0.155939
-0.154117
-0.152295
-0.150472
-0.148648
-0.146823
-0.144997
-0.143171
-0.141344
-0.139517
-0.13769
-0.135862
-0.134034
-0.132205
-0.130377
-0.128549
-0.12672
-0.124892
-0.123064
-0.121236
-0.119408
-0.117581
-0.115754
-0.113928
-0.112102
-0.110277
-0.108453
-0.106629
-0.104806
-0.102984
-0.101163
-0.0993434
-0.0975245
-0.0957068
-0.0938904
-0.0920751
-0.0902612
-0.0884487
-0.0866376
-0.084828
-0.08302
-0.0812135
-0.0794088
-0.0776057
-0.0758045
-0.0740051
-0.0722075
-0.0704119
-0.0686184
-0.0668268
-0.0650374
-0.0632501
-0.061465
-0.0596822
-0.0579017
-0.0561235
-0.0543477
-0.0525744
-0.0508036
-0.0490354
-0.0472698
-0.0455067
-0.0437464
-0.0419889
-0.0402341
-0.0384821
-0.036733
-0.0349868
-0.0332436
-0.0315034
-0.0297663
-0.0280322
-0.0263012
-0.0245734
-0.0228489
-0.0211276
-0.0194095
-0.0176948
-0.0159835
-0.0142756
-0.0125711
-0.0108701
-0.00917263
-0.0074787
-0.00578837
-0.00410166
-0.00241862
-0.000739268
0.000936353
0.00260821
0.00427627
0.0059405
0.00760087
0.00925735
0.0109099
0.0125585
0.0142031
0.0158437
0.0174803
0.0191127
0.0207411
0.0223653
0.0239854
0.0256013
0.027213
0.0288204
0.0304236
0.0320224
0.033617
0.0352072
0.036793
0.0383745
0.0399515
0.0415241
0.0430922
0.0446559
0.046215
0.0477696
0.0493197
0.0508652
0.0524061
0.0539423
0.055474
0.057001
0.0585233
0.0600409
0.0615539
0.0630621
0.0645655
0.0660642
0.0675581
0.0690473
0.0705316
0.0720111
0.0734857
0.0749555
0.0764204
0.0778805
0.0793356
0.0807858
0.0822311
0.0836715
0.0851069
0.0865373
0.0879628
0.0893833
0.0907987
0.0922092
0.0936146
0.0950151
0.0964104
0.0978008
0.099186
0.100566
0.101941
0.103311
0.104676
0.106036
0.107391
0.10874
0.110085
0.111424
0.112758
0.114088
0.115411
0.11673
0.118044
0.119352
0.120656
0.121954
0.123247
0.124534
0.125817
0.127094
0.128366
0.129633
0.130895
0.132152
0.133403
0.134649
0.13589
0.137126
0.138356
0.139582
0.140802
0.142017
0.143226
0.144431
0.14563
0.146824
0.148013
0.149197
0.150375
0.151549
0.152717
0.15388
0.155037
0.15619
0.157337
0.158479
0.159616
0.160748
0.161874
0.162995
0.164112
0.165223
0.166328
0.167429
0.168525
0.169615
0.1707
0.17178
0.172855
0.173925
0.17499
0.176049
0.177104
0.178153
0.179197
0.180236
0.18127
0.182299
0.183323
0.184342
0.185356
0.186364
0.187368
0.188367
0.18936
0.190349
0.191332
0.192311
0.193284
0.194253
0.195217
0.196175
0.197129
0.198077
0.199021
0.19996
0.200894
0.201823
0.202747
0.203666
0.20458
0.20549
0.206394
0.207294
0.208188
0.209078
0.209964
0.210844
0.211719
0.21259
0.213456
0.214317
0.215174
0.216025
0.216872
0.217714
0.218552
0.219384
0.220213
0.221036
0.221855
0.222669
0.223478
0.224283
0.225083
0.225878
0.226669
0.227456
0.228238
0.229015
0.229787
0.230555
0.231319
0.232078
0.232833
0.233583
0.234329
0.23507
0.235806
0.236539
0.237267
0.23799
0.238709
0.239424
0.240134
0.24084
0.241542
0.242239
0.242932
0.243621
0.244305
0.244985
0.245661
0.246333
0.247
0.247663
0.248322
0.248977
0.249627
0.250274
0.250916
0.251554
0.252188
0.252818
0.253444
0.254065
0.254683
0.255297
0.255906
0.256512
0.257113
0.257711
0.258304
0.258894
0.259479
0.260061
0.260638
0.261212
0.261782
0.262348
0.26291
0.263468
0.264023
0.264573
0.26512
0.265663
0.266202
0.266737
0.267269
0.267797
0.268321
0.268841
0.269358
0.269871
0.27038
0.270886
0.271388
0.271886
0.272381
0.272872
0.273359
0.273843
0.274323
0.2748
0.275273
0.275743
0.276209
0.276672
0.277131
0.277586
0.278039
0.278487
0.278933
0.279374
0.279813
0.280248
0.28068
0.281108
0.281533
0.281954
0.282373
0.282788
0.283199
0.283607
0.284012
0.284414
0.284813
0.285208
0.2856
0.285989
0.286374
0.286757
0.287136
0.287512
0.287885
0.288255
0.288621
0.288985
0.289345
0.289702
0.290056
0.290407
0.290755
0.2911
0.291442
0.291781
0.292117
0.29245
0.29278
0.293107
0.293431
0.293752
0.29407
0.294385
0.294697
0.295006
0.295313
0.295616
0.295917
0.296214
0.296509
0.296801
0.29709
0.297377
0.29766
0.297941
0.298219
0.298494
0.298766
0.299036
0.299303
0.299567
0.299828
0.300087
0.300343
0.300596
0.300846
0.301094
0.301339
0.301582
0.301822
0.302059
0.302293
0.302525
0.302754
0.302981
0.303205
0.303426
0.303645
0.303861
0.304075
0.304286
0.304495
0.304701
0.304904
0.305105
0.305304
0.3055
0.305693
0.305884
0.306072
0.306258
0.306442
0.306623
0.306801
0.306978
0.307151
0.307322
0.307491
0.307658
0.307822
0.307983
0.308142
0.308299
0.308453
0.308605
0.308755
0.308902
0.309047
0.309189
0.309329
0.309467
0.309603
0.309736
0.309867
0.309995
0.310121
0.310245
0.310366
0.310486
0.310603
0.310717
0.31083
0.31094
0.311047
0.311153
0.311256
0.311357
0.311456
0.311552
0.311646
0.311738
0.311828
0.311915
0.312001
0.312084
0.312164
0.312243
0.312319
0.312393
0.312465
0.312535
0.312602
0.312668
0.312731
0.312792
0.31285
0.312907
0.312961
0.313013
0.313063
0.313111
0.313156
0.313199
0.313241
0.31328
0.313316
0.313351
0.313383
0.313414
0.313442
0.313468
0.313492
0.313513
0.313533
0.31355
0.313565
0.313578
0.313589
0.313598
0.313604
0.313608
0.313611
0.313611
0.313608
0.313606
0.313604
0.313602
0.3136
0.313598
0.313595
0.313593
0.313591
0.313589
0.313587
0.313585
0.313582
0.31358
0.313578
0.313576
0.313574
0.313572
0.313569
0.313567
0.313565
0.313563
0.313561
0.313559
0.313556
0.313554
0.313552
0.31355
0.313548
0.313546
0.313544
0.313541
0.313539
0.313537
0.313535
0.313533
0.313531
0.313528
0.313526
0.313524
0.313522
0.31352
0.313518
0.313515
0.313513
0.313511
0.313509
0.313507
0.313505
0.313502
0.3135
0.313498
0.313496
0.313494
0.313492
0.313489
0.313487
0.313485
0.313483
0.313481
0.313479
0.313477
0.313474
0.313472
0.31347
0.313468
0.313466
0.313464
0.313461
0.313459
0.313457
0.313455
0.313453
0.313451
0.313448
0.313446
0.313444
0.313442
0.31344
0.313438
0.313435
0.313433
0.313431
0.313429
0.313427
0.313425
0.313422
0.31342
0.313418
0.313416
0.313414
0.313412
0.313409
0.313407
0.313405
0.313403
0.313401
0.313399
0.313396
0.313394
0.313392
0.31339
0.313388
0.313386
0.313384
0.313381
0.313379
0.313377
0.313375
0.313373
0.313371
0.313368
0.313366
0.313364
0.313362
0.31336
0.313358
0.313355
0.313353
0.313351
0.313349
0.313347
0.313345
0.313342
0.31334
0.313338
0.313336
0.313334
0.313332
0.313329
0.313327
0.313325
0.313323
0.313321
0.313319
0.313316
0.313314
0.313312
0.31331
0.313308
0.313306
0.313303
0.313301
0.313299
0.313297
0.313295
0.313293
0.31329
0.313288
0.313286
0.313284
0.313282
0.31328
0.313277
0.313275
0.313273
0.313271
0.313269
0.313267
0.313264
0.313262
0.31326
0.313258
0.313256
0.313254
0.313251
0.313249
0.313247
0.313245
0.313243
0.313241
0.313238
0.313236
0.313234
0.313232
0.31323
0.313228
0.313225
0.313223
0.313221
0.313219
0.313217
0.313215
0.313212
0.31321
0.313208
0.313206
0.313204
0.313202
0.313199
0.313197
0.313195
0.313193
0.313191
0.313189
0.313186
0.313184
0.313182
0.31318
0.313178
0.313176
0.313173
0.313171
0.313169
0.313167
0.313165
0.313163
0.31316
0.313158
0.313156
0.313154
0.313152
0.31315
0.313147
0.313145
0.313143
0.313141
0.313139
0.313137
0.313134
0.313132
0.31313
0.313128
0.313126
0.313124
0.313121
0.313119
0.313117
0.313115
0.313113
0.313111
0.313108
0.313106
0.313104
0.313102
0.3131
0.313098
0.313095
0.313093
0.313091
0.313089
0.313087
0.313085
0.313082
0.31308
0.313078
0.313076
0.313074
0.313072
0.313069
0.313067
0.313065
0.313063
0.313061
0.313059
0.313056
0.313054
0.313052
0.31305
0.313048
0.313046
0.313043
0.313041
0.313039
0.313037
0.313035
0.313033
0.31303
0.313028
0.313026
0.313024
0.313022
0.31302
0.313017
0.313015
0.313013
0.313011
0.313009
0.313007
0.313004
0.313002
0.313
0.312998
0.312996
0.312994
0.312991
0.312989
0.312987
0.312985
0.312983
0.312981
0.312978
0.312976
0.312974
0.312972
0.31297
0.312968
0.312965
0.312963
0.312961
0.312959
0.312957
0.312954
0.312952
0.31295
0.312948
0.312946
0.312944
0.312941
0.312939
0.312937
0.312935
0.312933
0.312931
0.312928
0.312926
0.312924
0.312922
0.31292
0.312918
0.312915
0.312913
0.312911
0.312909
0.312907
0.312905
0.312902
0.3129
0.312898
0.312896
0.312894
0.312892
0.312889
0.312887
0.312885
0.312883
0.312881
0.312879
0.312876
0.312874
0.312872
0.31287
0.312868
0.312865
0.312863
0.312861
0.312859
0.312857
0.312855
0.312852
0.31285
0.312848
0.312846
0.312844
0.312842
0.312839
0.312837
0.312835
0.312833
0.312831
0.312829
0.312826
0.312824
0.312822
0.31282
0.312818
0.312816
0.312813
0.312811
0.312809
0.312807
0.312805
0.312803
0.3128
0.312798
0.312796
0.312794
0.312792
0.312789
0.312787
0.312785
0.312783
0.312781
0.312779
0.312776
0.312774
0.312772
0.31277
0.312768
0.312766
0.312763
0.312761
0.312759
0.312757
0.312755
0.312753
0.31275
0.312748
0.312746
0.312744
0.312742
0.31274
0.312737
0.312735
0.312733
0.312731
0.312729
0.312726
0.312724
0.312722
0.31272
0.312718
0.312716
0.312713
0.312711
0.312709
0.312707
0.312705
0.312703
0.3127
0.312698
0.312696
0.312694
0.312692
0.31269
0.312687
0.312685
0.312683
0.312681
0.312679
0.312676
0.312674
0.312672
0.31267
0.312668
0.312666
0.312663
0.312661
0.312659
0.312657
0.312655
0.312653
0.31265
0.312648
0.312646
0.312644
0.312642
0.31264
0.312637
0.312635
0.312633
0.312631
0.312629
0.312626
0.312624
0.312622
0.31262
0.312618
0.312616
0.312613
0.312611
0.312609
0.312607
0.312605
0.312603
0.3126
0.312598
0.312596
0.312594
0.312592
0.312589
0.312587
0.312585
0.312583
0.312581
0.312579
0.312576
0.312574
0.312572
0.31257
0.312568
0.312566
0.312563
0.312561
0.312559
0.312557
0.312555
0.312553
0.31255
0.312548
0.312546
0.312544
0.312542
0.312539
0.312537
0.312535
0.312533
0.312531
0.312529
0.312526
0.312524
0.312522
0.31252
0.312518
0.312516
0.312513
0.312511
0.312509
0.312507
0.312505
0.312502
0.3125
0.312498
0.312496
0.312494
0.312492
0.312489
0.312487
0.312485
0.312483
0.312481
0.312479
0.312476
0.312474
0.312472
0.31247
0.312468
0.312465
0.312463
0.312461
0.312459
0.312457
0.312455
0.312452
0.31245
0.312448
0.312446
0.312444
0.312442
0.312439
0.312437
0.312435
0.312433
0.312431
0.312428
0.312426
0.312424
0.312422
0.31242
0.312418
0.312415
0.312413
0.312411
0.312409
0.312407
0.312404
0.312402
0.3124
0.312398
0.312396
0.312394
0.312391
0.312389
0.312387
0.312385
0.312383
0.312381
0.312378
0.312376
0.312374
0.312372
0.31237
0.312367
0.312365
0.312363
0.312361
0.312359
0.312357
0.312354
0.312352
0.31235
0.312348
0.312346
0.312343
0.312341
0.312339
0.312337
0.312335
0.312333
0.31233
0.312328
0.312326
0.312324
0.312322
0.31232
0.312317
0.312315
0.312313
0.312311
0.312309
0.312306
0.312304
0.312302
0.3123
0.312298
0.312296
0.312293
0.312291
0.312289
0.312287
0.312285
0.312282
0.31228
0.312278
0.312276
0.312274
0.312272
0.312269
0.312267
0.312265
0.312263
0.312261
0.312258
0.312256
0.312254
0.312252
0.31225
0.312248
0.312245
0.312243
0.312241
0.312239
0.312237
0.312235
0.312232
0.31223
0.312228
0.312226
0.312224
0.312221
0.312219
0.312217
0.312215
0.312213
0.312211
0.312208
0.312206
0.312204
0.312202
0.3122
0.312197
0.312195
0.312193
0.312191
0.312189
0.312187
0.312184
0.312182
0.31218
0.312178
0.312176
0.312173
0.312171
0.312169
0.312167
0.312165
0.312163
0.31216
0.312158
0.312156
0.312154
0.312152
0.312149
0.312147
0.312145
0.312143
0.312141
0.312139
0.312136
0.312134
0.312132
0.31213
0.312128
0.312125
0.312123
0.312121
0.312119
0.312117
0.312115
0.312112
0.31211
0.312108
0.312106
0.312104
0.312101
0.312099
0.312097
0.312095
0.312093
0.312091
0.312088
0.312086
0.312084
0.312082
0.31208
0.312077
0.312075
0.312073
0.312071
0.312069
0.312067
0.312064
0.312062
0.31206
0.312058
0.312056
0.312053
0.312051
0.312049
0.312047
0.312045
0.312043
0.31204
0.312038
0.312036
0.312034
0.312032
0.312029
0.312027
0.312025
0.312023
0.312021
0.312018
0.312016
0.312014
0.312012
0.31201
0.312008
0.312005
0.312003
0.312001
0.311999
0.311997
0.311994
0.311992
0.31199
0.311988
0.311986
0.311984
0.311981
0.311979
0.311977
0.311975
0.311973
0.31197
0.311968
0.311966
0.311964
0.311962
0.31196
0.311957
0.311955
0.311953
0.311951
0.311949
0.311946
0.311944
0.311942
0.31194
0.311938
0.311935
0.311933
0.311931
0.311929
0.311927
0.311925
0.311922
0.31192
0.311918
0.311916
0.311914
0.311911
0.311909
0.311907
0.311905
0.311903
0.311901
0.311898
0.311896
0.311894
0.311892
0.31189
0.311887
0.311885
0.311883
0.311881
0.311879
0.311876
0.311874
0.311872
0.31187
0.311868
0.311866
0.311863
0.311861
0.311859
0.311857
0.311855
0.311852
0.31185
0.311848
0.311846
0.311844
0.311842
0.311839
0.311837
0.311835
0.311833
0.311831
0.311828
0.311826
0.311824
0.311822
0.31182
0.311817
0.311815
0.311813
0.311811
0.311809
0.311807
0.311804
0.311802
0.3118
0.311798
0.311796
0.311793
0.311791
0.311789
0.311787
0.311785
0.311782
0.31178
0.311778
0.311776
0.311774
0.311772
0.311769
0.311767
0.311765
0.311763
0.311761
0.311758
0.311756
0.311754
0.311752
0.31175
0.311747
0.311745
0.311743
0.311741
0.311739
0.311737
0.311734
0.311732
0.31173
0.311728
0.311726
0.311723
0.311721
0.311719
0.311717
0.311715
0.311712
0.31171
0.311708
0.311706
0.311704
0.311702
0.311699
0.311697
0.311695
0.311693
0.311691
0.311688
0.311686
0.311684
0.311682
0.31168
0.311677
0.311675
0.311673
0.311671
0.311669
0.311667
0.311664
0.311662
0.31166
0.311658
0.311656
0.311653
0.311651
0.311649
0.311647
0.311645
0.311642
0.31164
0.311638
0.311636
0.311634
0.311631
0.311629
0.311627
0.311625
0.311623
0.311621
0.311618
0.311616
0.311614
0.311612
0.31161
0.311607
0.311605
0.311603
0.311601
0.311599
0.311596
0.311594
0.311592
0.31159
0.311588
0.311586
0.311583
0.311581
0.311579
0.311577
0.311575
0.311572
0.31157
0.311568
0.311566
0.311564
0.311561
0.311559
0.311557
0.311555
0.311553
0.31155
0.311548
0.311546
0.311544
0.311542
0.31154
0.311537
0.311535
0.311533
0.311531
0.311529
0.311526
0.311524
0.311522
0.31152
0.311518
0.311515
0.311513
0.311511
0.311509
0.311507
0.311504
0.311502
0.3115
0.311498
0.311496
0.311494
0.311491
0.311489
0.311487
0.311485
0.311483
0.31148
0.311478
0.311476
0.311474
0.311472
0.311469
0.311467
0.311465
0.311463
0.311461
0.311458
0.311456
0.311454
0.311452
0.31145
0.311447
0.311445
0.311443
0.311441
0.311439
0.311437
0.311434
0.311432
0.31143
0.311428
0.311426
0.311423
0.311421
0.311419
0.311417
0.311415
0.311412
0.31141
0.311408
0.311406
0.311404
0.311401
0.311399
0.311397
0.311395
0.311393
0.31139
0.311388
0.311386
0.311384
0.311382
0.31138
0.311377
0.311375
0.311373
0.311371
0.311369
0.311366
0.311364
0.311362
0.31136
0.311358
0.311355
0.311353
0.311351
0.311349
0.311347
0.311344
0.311342
0.31134
0.311338
0.311336
0.311333
0.311331
0.311329
0.311327
0.311325
0.311322
0.31132
0.311318
0.311316
0.311314
0.311312
0.311309
0.311307
0.311305
0.311303
0.311301
0.311298
0.311296
0.311294
0.311292
0.31129
0.311287
0.311285
0.311283
0.311281
0.311279
0.311276
0.311274
0.311272
0.31127
0.311268
0.311265
0.311263
0.311261
0.311259
0.311257
0.311254
0.311252
0.31125
0.311248
0.311246
0.311244
0.311241
0.311239
0.311237
0.311235
0.311233
0.31123
0.311228
0.311226
0.311224
0.311222
0.311219
0.311217
0.311215
0.311213
0.311211
0.311208
0.311206
0.311204
0.311202
0.3112
0.311197
0.311195
0.311193
0.311191
0.311189
0.311186
0.311184
0.311182
0.31118
0.311178
0.311175
0.311173
0.311171
0.311169
0.311167
0.311164
0.311162
0.31116
0.311158
0.311156
0.311153
0.311151
0.311149
0.311147
0.311145
0.311143
0.31114
0.311138
0.311136
0.311134
0.311132
0.311129
0.311127
0.311125
0.311123
0.311121
0.311118
0.311116
0.311114
0.311112
0.31111
0.311107
0.311105
0.311103
0.311101
0.311099
0.311096
0.311094
0.311092
0.31109
0.311088
0.311085
0.311083
0.311081
0.311079
0.311077
0.311074
0.311072
0.31107
0.311068
0.311066
0.311063
0.311061
0.311059
0.311057
0.311055
0.311052
0.31105
0.311048
0.311046
0.311044
0.311041
0.311039
0.311037
0.311035
0.311033
0.31103
0.311028
0.311026
0.311024
0.311022
0.311019
0.311017
0.311015
0.311013
0.311011
0.311008
0.311006
0.311004
0.311002
0.311
0.310997
0.310995
0.310993
0.310991
0.310989
0.310986
0.310984
0.310982
0.31098
0.310978
0.310976
0.310973
0.310971
0.310969
0.310967
0.310965
0.310962
0.31096
0.310958
0.310956
0.310954
0.310951
0.310949
0.310947
0.310945
0.310943
0.31094
0.310938
0.310936
0.310934
0.310932
0.310929
0.310927
0.310925
0.310923
0.310921
0.310918
0.310916
0.310914
0.310912
0.31091
0.310907
0.310905
0.310903
0.310901
0.310899
0.310896
0.310894
0.310892
0.31089
0.310888
0.310885
0.310883
0.310881
0.310879
0.310877
0.310874
0.310872
0.31087
0.310868
0.310866
0.310863
0.310861
0.310859
0.310857
0.310855
0.310852
0.31085
0.310848
0.310846
0.310844
0.310841
0.310839
0.310837
0.310835
0.310833
0.31083
0.310828
0.310826
0.310824
0.310822
0.310819
0.310817
0.310815
0.310813
0.310811
0.310808
0.310806
0.310804
0.310802
0.3108
0.310797
0.310795
0.310793
0.310791
0.310789
0.310786
0.310784
0.310782
0.31078
0.310777
0.310775
0.310773
0.310771
0.310769
0.310766
0.310764
0.310762
0.31076
0.310758
0.310755
0.310753
0.310751
0.310749
0.310747
0.310744
0.310742
0.31074
0.310738
0.310736
0.310733
0.310731
0.310729
0.310727
0.310725
0.310722
0.31072
0.310718
0.310716
0.310714
0.310711
0.310709
0.310707
0.310705
0.310703
0.3107
0.310698
0.310696
0.310694
0.310692
0.310689
0.310687
0.310685
0.310683
0.310681
0.310678
0.310676
0.310674
0.310672
0.31067
0.310667
0.310665
0.310663
0.310661
0.310659
0.310656
0.310654
0.310652
0.31065
0.310648
0.310645
0.310643
0.310641
0.310639
0.310637
0.310634
0.310632
0.31063
0.310628
0.310626
0.310623
0.310621
0.310619
0.310617
0.310614
0.310612
0.31061
0.310608
0.310606
0.310603
0.310601
0.310599
0.310597
0.310595
0.310592
0.31059
0.310588
0.310586
0.310584
0.310581
0.310579
0.310577
0.310575
0.310573
0.31057
0.310568
0.310566
0.310564
0.310562
0.310559
0.310557
0.310555
0.310553
0.310551
0.310548
0.310546
0.310544
0.310542
0.31054
0.310537
0.310535
0.310533
0.310531
0.310529
0.310526
0.310524
0.310522
0.31052
0.310517
0.310515
0.310513
0.310511
0.310509
0.310506
0.310504
0.310502
0.3105
0.310498
0.310495
0.310493
0.310491
0.310489
0.310487
0.310484
0.310482
0.31048
0.310478
0.310476
0.310473
0.310471
0.310469
0.310467
0.310465
0.310462
0.31046
0.310458
0.310456
0.310454
0.310451
0.310449
0.310447
0.310445
0.310442
0.31044
0.310438
0.310436
0.310434
0.310431
0.310429
0.310427
0.310425
0.310423
0.31042
0.310418
0.310416
0.310414
0.310412
0.310409
0.310407
0.310405
0.310403
0.310401
0.310398
0.310396
0.310394
0.310392
0.31039
0.310387
0.310385
0.310383
0.310381
0.310379
0.310376
0.310374
0.310372
0.31037
0.310367
0.310365
0.310363
0.310361
0.310359
0.310356
0.310354
0.310352
0.31035
0.310348
0.310345
0.310343
0.310341
0.310339
0.310337
0.310334
0.310332
0.31033
0.310328
0.310326
0.310323
0.310321
0.310319
0.310317
0.310314
0.310312
0.31031
0.310308
0.310306
0.310303
0.310301
0.310299
0.310297
0.310295
0.310292
0.31029
0.310288
0.310286
0.310284
0.310281
0.310279
0.310277
0.310275
0.310273
0.31027
0.310268
0.310266
0.310264
0.310261
0.310259
0.310257
0.310255
0.310253
0.31025
0.310248
0.310246
0.310244
0.310242
0.310239
0.310237
0.310235
0.310233
0.310231
0.310228
0.310226
0.310224
0.310222
0.310219
0.310217
0.310215
0.310213
0.310211
0.310208
0.310206
0.310204
0.310202
0.3102
0.310197
0.310195
0.310193
0.310191
0.310189
0.310186
0.310184
0.310182
0.31018
0.310178
0.310175
0.310173
0.310171
0.310169
0.310166
0.310164
0.310162
0.31016
0.310158
0.310155
0.310153
0.310151
0.310149
0.310147
0.310144
0.310142
0.31014
0.310138
0.310136
0.310133
0.310131
0.310129
0.310127
0.310124
0.310122
0.31012
0.310118
0.310116
0.310113
0.310111
0.310109
0.310107
0.310105
0.310102
0.3101
0.310098
0.310096
0.310094
0.310091
0.310089
0.310087
0.310085
0.310082
0.31008
0.310078
0.310076
0.310074
0.310071
0.310069
0.310067
0.310065
0.310063
0.31006
0.310058
0.310056
0.310054
0.310051
0.310049
0.310047
0.310045
0.310043
0.31004
0.310038
0.310036
0.310034
0.310032
0.310029
0.310027
0.310025
0.310023
0.310021
0.310018
0.310016
0.310014
0.310012
0.310009
0.310007
0.310005
0.310003
0.310001
0.309998
0.309996
0.309994
0.309992
0.30999
0.309987
0.309985
0.309983
0.309981
0.309978
0.309976
0.309974
0.309972
0.30997
0.309967
0.309965
0.309963
0.309961
0.309959
0.309956
0.309954
0.309952
0.30995
0.309947
0.309945
0.309943
0.309941
0.309939
0.309936
0.309934
0.309932
0.30993
0.309928
0.309925
0.309923
0.309921
0.309919
0.309916
0.309914
0.309912
0.30991
0.309908
0.309905
0.309903
0.309901
0.309899
0.309897
0.309894
0.309892
0.30989
0.309888
0.309885
0.309883
0.309881
0.309879
0.309877
0.309874
0.309872
0.30987
0.309868
0.309866
0.309863
0.309861
0.309859
0.309857
0.309854
0.309852
0.30985
0.309848
0.309846
0.309843
0.309841
0.309839
0.309837
0.309835
0.309832
0.30983
0.309828
0.309826
0.309823
0.309821
0.309819
0.309817
0.309815
0.309812
0.30981
0.309808
0.309806
0.309804
0.309801
0.309799
0.309797
0.309795
0.309792
0.30979
0.309788
0.309786
0.309784
0.309781
0.309779
0.309777
0.309775
0.309773
0.30977
0.309768
0.309766
0.309764
0.309761
0.309759
0.309757
0.309755
0.309753
0.30975
0.309748
0.309746
0.309744
0.309742
0.309739
0.309737
0.309735
0.309733
0.30973
0.309728
0.309726
0.309724
0.309722
0.309719
0.309717
0.309715
0.309713
0.30971
0.309708
0.309706
0.309704
0.309702
0.309699
0.309697
0.309695
0.309693
0.309691
0.309688
0.309686
0.309684
0.309682
0.309679
0.309677
0.309675
0.309673
0.309671
0.309668
