1
1
1
1
1
1
1
1
1
1
1
1
1
1
0.999999
0.999999
0.999999
0.999999
0.999999
0.999998
0.999998
0.999997
0.999997
0.999996
0.999996
0.999995
0.999994
0.999993
0.999992
0.999991
0.999989
0.999988
0.999986
0.999985
0.999983
0.999981
0.999978
0.999976
0.999973
0.99997
0.999967
0.999963
0.99996
0.999956
0.999952
0.999947
0.999942
0.999937
0.999932
0.999926
0.999919
0.999913
0.999906
0.999898
0.999891
0.999882
0.999873
0.999864
0.999854
0.999844
0.999833
0.999822
0.99981
0.999798
0.999784
0.999771
0.999756
0.999741
0.999725
0.999709
0.999692
0.999674
0.999655
0.999636
0.999615
0.999594
0.999572
0.999549
0.999525
0.9995
0.999475
0.999448
0.99942
0.999392
0.999362
0.999331
0.999299
0.999266
0.999232
0.999196
0.999159
0.999121
0.999082
0.999042
0.999
0.998957
0.998912
0.998866
0.998819
0.99877
0.99872
0.998668
0.998614
0.998559
0.998503
0.998444
0.998384
0.998323
0.998259
0.998194
0.998127
0.998058
0.997987
0.997914
0.99784
0.997763
0.997684
0.997604
0.997521
0.997436
0.997349
0.997259
0.997168
0.997074
0.996978
0.996879
0.996778
0.996675
0.996569
0.996461
0.99635
0.996237
0.996121
0.996002
0.995881
0.995756
0.99563
0.9955
0.995367
0.995232
0.995093
0.994952
0.994807
0.99466
0.994509
0.994355
0.994198
0.994038
0.993875
0.993708
0.993537
0.993364
0.993186
0.993006
0.992822
0.992634
0.992442
0.992247
0.992048
0.991845
0.991639
0.991428
0.991214
0.990995
0.990773
0.990546
0.990315
0.990081
0.989841
0.989598
0.98935
0.989098
0.988842
0.98858
0.988315
0.988045
0.98777
0.98749
0.987206
0.986917
0.986623
0.986324
0.98602
0.985712
0.985398
0.985079
0.984755
0.984425
0.984091
0.98375
0.983405
0.983054
0.982698
0.982336
0.981968
0.981595
0.981216
0.980831
0.980441
0.980044
0.979641
0.979233
0.978818
0.978398
0.977971
0.977537
0.977098
0.976652
0.9762
0.975741
0.975275
0.974803
0.974324
0.973839
0.973347
0.972848
0.972342
0.971829
0.971309
0.970781
0.970247
0.969705
0.969156
0.9686
0.968037
0.967465
0.966887
0.9663
0.965706
0.965105
0.964495
0.963877
0.963252
0.962619
0.961977
0.961328
0.96067
0.960004
0.95933
0.958647
0.957956
0.957256
0.956547
0.95583
0.955105
0.95437
0.953627
0.952875
0.952113
0.951343
0.950563
0.949775
0.948977
0.948169
0.947353
0.946526
0.945691
0.944845
0.94399
0.943126
0.942251
0.941367
0.940472
0.939568
0.938653
0.937729
0.936794
0.935849
0.934893
0.933927
0.932951
0.931964
0.930966
0.929958
0.928938
0.927908
0.926867
0.925815
0.924752
0.923678
0.922593
0.921496
0.920388
0.919268
0.918137
0.916995
0.915841
0.914675
0.913497
0.912308
0.911106
0.909893
0.908668
0.90743
0.90618
0.904918
0.903644
0.902357
0.901058
0.899746
0.898422
0.897085
0.895735
0.894372
0.892996
0.891608
0.890206
0.888791
0.887364
0.885922
0.884468
0.883
0.881519
0.880024
0.878515
0.876993
0.875457
0.873908
0.872344
0.870766
0.869175
0.867569
0.865949
0.864315
0.862667
0.861004
0.859327
0.857636
0.85593
0.854209
0.852473
0.850723
0.848958
0.847178
0.845383
0.843573
0.841748
0.839908
0.838052
0.836182
0.834295
0.832394
0.830477
0.828544
0.826596
0.824632
0.822652
0.820657
0.818646
0.816618
0.814575
0.812516
0.81044
0.808349
0.806241
0.804117
0.801976
0.799819
0.797646
0.795456
0.793249
0.791026
0.788786
0.786529
0.784256
0.781965
0.779658
0.777333
0.774992
0.772633
0.770257
0.767864
0.765454
0.763026
0.760581
0.758119
0.755639
0.753141
0.750626
0.748093
0.745543
0.742974
0.740388
0.737784
0.735163
0.732523
0.729865
0.727189
0.724496
0.721784
0.719053
0.716305
0.713538
0.710754
0.70795
0.705129
0.702289
0.69943
0.696553
0.693657
0.690743
0.68781
0.684859
0.681888
0.6789
0.675892
0.672865
0.66982
0.666756
0.663673
0.66057
0.657449
0.654309
0.65115
0.647972
0.644775
0.641559
0.638323
0.635069
0.631795
0.628502
0.62519
0.621858
0.618508
0.615138
0.611748
0.60834
0.604911
0.601464
0.597997
0.594511
0.591006
0.587481
0.583936
0.580372
0.576789
0.573186
0.569564
0.565922
0.562261
0.558581
0.55488
0.551161
0.547422
0.543663
0.539885
0.536087
0.53227
0.528433
0.524577
0.520702
0.516807
0.512892
0.508958
0.505005
0.501032
0.49704
0.493028
0.488997
0.484947
0.480877
0.476788
0.472679
0.468552
0.464405
0.460238
0.456053
0.451848
0.447624
0.443381
0.439119
0.434838
0.430538
0.426219
0.421881
0.417523
0.413147
0.408752
0.404339
0.399906
0.395455
0.390985
0.386496
0.381989
0.377463
0.372919
0.368356
0.363775
0.359176
0.354558
0.349922
0.345268
0.340595
0.335905
0.331197
0.326471
0.321727
0.316965
0.312185
0.307388
0.302573
0.297741
0.292891
0.288024
0.28314
0.278239
0.27332
0.268385
0.263432
0.258463
0.253477
0.248474
0.243455
0.238419
0.233367
0.228299
0.223214
0.218113
0.212997
0.207864
0.202716
0.197552
0.192372
0.187178
0.181967
0.176742
0.171501
0.166246
0.160975
0.15569
0.15039
0.145076
0.139748
0.134405
0.129048
0.123677
0.118292
0.112894
0.107482
0.102057
0.096618
0.0911662
0.0857014
0.0802238
0.0747335
0.0692306
0.0637154
0.0581879
0.0526484
0.0470969
0.0415337
0.0359589
0.0303726
0.0247751
0.0191665
0.013547
0.0079167
0.00227583
-0.00337544
-0.00903694
-0.0147085
-0.0203899
-0.026081
-0.0317816
-0.0374915
-0.0432105
-0.0489384
-0.0546751
-0.0604203
-0.0661739
-0.0719356
-0.0777053
-0.0834827
-0.0892676
-0.0950598
-0.100859
-0.106665
-0.112478
-0.118298
-0.124124
-0.129955
-0.135793
-0.141636
-0.147485
-0.153338
-0.159197
-0.16506
-0.170928
-0.1768
-0.182676
-0.188556
-0.194439
-0.200326
-0.206215
-0.212107
-0.218002
-0.223899
-0.229798
-0.235699
-0.241602
-0.247496
-0.253381
-0.259256
-0.265123
-0.27098
-0.276828
-0.282665
-0.288493
-0.29431
-0.300117
-0.305913
-0.311698
-0.317471
-0.323234
-0.328984
-0.334723
-0.34045
-0.346165
-0.351867
-0.357557
-0.363234
-0.368897
-0.374548
-0.380185
-0.385808
-0.391417
-0.397012
-0.402593
-0.40816
-0.413712
-0.419248
-0.42477
-0.430277
-0.435767
-0.441243
-0.446702
-0.452145
-0.457572
-0.462982
-0.468376
-0.473752
-0.479112
-0.484454
-0.489779
-0.495086
-0.500375
-0.505646
-0.510899
-0.516133
-0.521348
-0.526545
-0.531723
-0.536881
-0.54202
-0.54714
-0.55224
-0.557319
-0.562379
-0.567418
-0.572436
-0.577434
-0.582411
-0.587367
-0.592301
-0.597214
-0.602106
-0.606975
-0.611823
-0.616648
-0.621451
-0.626232
-0.63099
-0.635725
-0.640437
-0.645125
-0.649791
-0.654432
-0.65905
-0.663644
-0.668214
-0.67276
-0.677281
-0.681778
-0.68625
-0.690697
-0.695119
-0.699516
-0.703887
-0.708233
-0.712553
-0.716848
-0.721116
-0.725358
-0.729574
-0.733763
-0.737925
-0.742061
-0.74617
-0.750251
-0.754306
-0.758333
-0.762332
-0.766304
-0.770247
-0.774163
-0.778051
-0.78191
-0.785741
-0.789544
-0.793317
-0.797062
-0.800778
-0.804465
-0.808122
-0.811751
-0.815349
-0.818918
-0.822457
-0.825966
-0.829446
-0.832894
-0.836313
-0.839701
-0.843059
-0.846386
-0.849682
-0.852948
-0.856182
-0.859385
-0.862557
-0.865697
-0.868806
-0.871883
-0.874929
-0.877942
-0.880924
-0.883874
-0.886791
-0.889676
-0.892529
-0.895349
-0.898137
-0.900892
-0.903614
-0.906303
-0.908959
-0.911582
-0.914172
-0.916729
-0.919252
-0.921742
-0.924198
-0.92662
-0.929009
-0.931363
-0.933684
-0.935971
-0.938224
-0.940442
-0.942626
-0.944776
-0.946892
-0.948973
-0.951019
-0.95303
-0.955007
-0.956949
-0.958857
-0.960729
-0.962566
-0.964368
-0.966135
-0.967867
-0.969563
-0.971224
-0.972849
-0.97444
-0.975994
-0.977513
-0.978996
-0.980444
-0.981856
-0.983232
-0.984572
-0.985876
-0.987144
-0.988377
-0.989573
-0.990733
-0.991857
-0.992944
-0.993996
-0.995011
-0.99599
-0.996932
-0.997838
-0.998708
-0.999541
-1.00034
-1.0011
-1.00182
-1.00251
-1.00316
-1.00377
-1.00435
-1.00489
-1.00539
-1.00586
-1.00629
-1.00669
-1.00704
-1.00736
-1.00765
-1.00789
-1.0081
-1.00828
-1.00841
-1.00851
-1.00857
-1.0086
-1.00859
-1.00854
-1.00845
-1.00833
-1.00817
-1.00798
-1.00775
-1.00748
-1.00717
-1.00683
-1.00645
-1.00603
-1.00558
-1.00509
-1.00456
-1.004
-1.0034
-1.00276
-1.00209
-1.00138
-1.00063
-0.999847
-0.999027
-0.99817
-0.997278
-0.996348
-0.995382
-0.99438
-0.993342
-0.992267
-0.991155
-0.990008
-0.988824
-0.987605
-0.986349
-0.985057
-0.983728
-0.982364
-0.980964
-0.979528
-0.978057
-0.976549
-0.975006
-0.973427
-0.971812
-0.970162
-0.968477
-0.966756
-0.964999
-0.963207
-0.96138
-0.959518
-0.957621
-0.955688
-0.953721
-0.951718
-0.949681
-0.947609
-0.945503
-0.943361
-0.941186
-0.938975
-0.936731
-0.934452
-0.932139
-0.929791
-0.92741
-0.924995
-0.922545
-0.920062
-0.917546
-0.914995
-0.912411
-0.909794
-0.907143
-0.904459
-0.901742
-0.898992
-0.896209
-0.893394
-0.890545
-0.887664
-0.88475
-0.881804
-0.878825
-0.875814
-0.872772
-0.869697
-0.86659
-0.863451
-0.860281
-0.85708
-0.853846
-0.850582
-0.847286
-0.84396
-0.840602
-0.837213
-0.833794
-0.830344
-0.826864
-0.823353
-0.819812
-0.816242
-0.812641
-0.80901
-0.80535
-0.80166
-0.79794
-0.794192
-0.790414
-0.786607
-0.782771
-0.778907
-0.775014
-0.771092
-0.767143
-0.763165
-0.759159
-0.755125
-0.751063
-0.746974
-0.742857
-0.738713
-0.734542
-0.730344
-0.726119
-0.721867
-0.717589
-0.713285
-0.708954
-0.704597
-0.700215
-0.695806
-0.691372
-0.686913
-0.682428
-0.677918
-0.673384
-0.668824
-0.66424
-0.659632
-0.654999
-0.650342
-0.645661
-0.640957
-0.636228
-0.631477
-0.626702
-0.621904
-0.617083
-0.61224
-0.607374
-0.602485
-0.597575
-0.592642
-0.587688
-0.582711
-0.577714
-0.572695
-0.567655
-0.562594
-0.557512
-0.55241
-0.547288
-0.542145
-0.536982
-0.5318
-0.526597
-0.521376
-0.516135
-0.510875
-0.505596
-0.500299
-0.494983
-0.489649
-0.484297
-0.478927
-0.473539
-0.468133
-0.462711
-0.457271
-0.451814
-0.446341
-0.440851
-0.435345
-0.429823
-0.424285
-0.418731
-0.413161
-0.407577
-0.401977
-0.396362
-0.390733
-0.385089
-0.379431
-0.373759
-0.368073
-0.362373
-0.35666
-0.350934
-0.345194
-0.339442
-0.333677
-0.3279
-0.322111
-0.316309
-0.310496
-0.304671
-0.298835
-0.292988
-0.28713
-0.281261
-0.275382
-0.269492
-0.263593
-0.257683
-0.251764
-0.245836
-0.239898
-0.233951
-0.227996
-0.222032
-0.216059
-0.210079
-0.20409
-0.198094
-0.192091
-0.18608
-0.180062
-0.174038
-0.168007
-0.161969
-0.155926
-0.149876
-0.143821
-0.13776
-0.131694
-0.125623
-0.119548
-0.113467
-0.107382
-0.101294
-0.0952007
-0.0891042
-0.0830042
-0.0769009
-0.0707946
-0.0646855
-0.0585739
-0.0524598
-0.0463436
-0.0402255
-0.0341058
-0.0279845
-0.021862
-0.0157385
-0.00961414
-0.00348924
0.002636
0.00876138
0.0148867
0.0210116
0.027136
0.0332597
0.0393823
0.0455038
0.0516238
0.0577421
0.0638585
0.0699729
0.0760849
0.0821943
0.088301
0.0944046
0.100505
0.106602
0.112695
0.118785
0.12487
0.130951
0.137027
0.143099
0.149166
0.155227
0.161283
0.167333
0.173378
0.179416
0.185448
0.191473
0.197492
0.203503
0.209508
0.215504
0.221494
0.227475
0.233448
0.239413
0.24537
0.251318
0.257256
0.263186
0.269106
0.275017
0.280917
0.286808
0.292688
0.298558
0.304418
0.310266
0.316103
0.321929
0.327743
0.333546
0.339336
0.345115
0.350881
0.356634
0.362375
0.368102
0.373817
0.379517
0.385205
0.390878
0.396537
0.402182
0.407813
0.413428
0.419029
0.424615
0.430185
0.43574
0.44128
0.446803
0.45231
0.457801
0.463275
0.468733
0.474174
0.479597
0.485003
0.490392
0.495763
0.501116
0.506451
0.511768
0.517066
0.522345
0.527606
0.532847
0.538069
0.543272
0.548455
0.553618
0.558762
0.563885
0.568987
0.574069
0.57913
0.58417
0.589189
0.594187
0.599163
0.604117
0.60905
0.61396
0.618849
0.623714
0.628558
0.633378
0.638175
0.64295
0.647701
0.652428
0.657132
0.661812
0.666468
0.671099
0.675707
0.680282
0.684825
0.689336
0.693814
0.69826
0.702674
0.707055
0.711404
0.71572
0.720004
0.724255
0.728474
0.73266
0.736813
0.740934
0.745023
0.749078
0.753101
0.757092
0.761049
0.764974
0.768867
0.772726
0.776554
0.780348
0.78411
0.787839
0.791536
0.7952
0.798831
0.80243
0.805996
0.80953
0.813031
0.8165
0.819936
0.82334
0.826711
0.830051
0.833357
0.836632
0.839874
0.843084
0.846262
0.849408
0.852521
0.855603
0.858652
0.86167
0.864656
0.86761
0.870532
0.873422
0.876281
0.879108
0.881903
0.884667
0.8874
0.890101
0.892771
0.895409
0.898017
0.900593
0.903138
0.905652
0.908136
0.910588
0.91301
0.915401
0.917762
0.920092
0.922392
0.924661
0.9269
0.929109
0.931287
0.933436
0.935555
0.937644
0.939703
0.941733
0.943733
0.945704
0.947645
0.949557
0.95144
0.953294
0.955118
0.956914
0.958682
0.96042
0.96213
0.963811
0.965464
0.967089
0.968686
0.970254
0.971795
0.973308
0.974793
0.976251
0.977681
0.979083
0.980459
0.981807
0.983128
0.984422
0.98569
0.98693
0.988144
0.989332
0.990493
0.991628
0.992737
0.99382
0.994877
0.995909
0.996915
0.997895
0.99885
0.999779
1.00068
1.00156
1.00242
1.00325
1.00405
1.00483
1.00559
1.00632
1.00703
1.00771
1.00837
1.00901
1.00962
1.01021
1.01078
1.01132
1.01184
1.01234
1.01281
1.01326
1.01369
1.01409
1.01448
1.01484
1.01518
1.0155
1.01579
1.01607
1.01632
1.01655
1.01676
1.01695
1.01712
1.01726
1.01739
1.0175
1.01758
1.01765
1.01769
1.01772
1.01772
1.01771
1.01767
1.01762
1.01755
1.01745
1.01734
1.01721
1.01706
1.01689
1.01671
1.0165
1.01628
1.01604
1.01578
1.0155
1.01521
1.0149
1.01457
1.01422
1.01386
1.01347
1.01308
1.01266
1.01223
1.01178
1.01132
1.01084
1.01034
1.00983
1.0093
1.00875
1.00819
1.00762
1.00703
1.00642
1.0058
1.00517
1.00452
1.00385
1.00317
1.00248
1.00177
1.00105
1.00031
0.999564
0.998801
0.998024
0.997233
0.99643
0.995613
0.994783
0.99394
0.993084
0.992216
0.991335
0.990442
0.989536
0.988619
0.987689
0.986748
0.985795
0.98483
0.983853
0.982866
0.981867
0.980857
0.979836
0.978804
0.977761
0.976708
0.975644
0.97457
0.973485
0.972391
0.971286
0.970172
0.969048
0.967914
0.966771
0.965618
0.964456
0.963285
0.962104
0.960915
0.959718
0.958511
0.957296
0.956072
0.95484
0.9536
0.952352
0.951096
0.949832
0.94856
0.947281
0.945994
0.9447
0.943398
0.942089
0.940773
0.939451
0.938121
0.936785
0.935442
0.934092
0.932736
0.931374
0.930006
0.928632
0.927251
0.925865
0.924473
0.923076
0.921673
0.920264
0.91885
0.917431
0.916007
0.914578
0.913144
0.911705
0.910262
0.908813
0.907361
0.905904
0.904443
0.902977
0.901508
0.900034
0.898557
0.897076
0.895591
0.894102
0.89261
0.891115
0.889616
0.888114
0.886609
0.885101
0.88359
0.882077
0.88056
0.879041
0.877519
0.875995
0.874469
0.87294
0.871409
0.869876
0.868341
0.866804
0.865265
0.863725
0.862183
0.860639
0.859094
0.857547
0.855999
0.85445
0.8529
0.851349
0.849797
0.848244
0.84669
0.845135
0.84358
0.842024
0.840468
0.838911
0.837354
0.835797
0.83424
0.832682
0.831125
0.829568
0.828011
0.826454
0.824897
0.823341
0.821785
0.82023
0.818676
0.817122
0.815569
0.814017
0.812466
0.810915
0.809366
0.807818
0.806271
0.804725
0.803181
0.801638
0.800097
0.798557
0.797019
0.795482
0.793948
0.792415
0.790884
0.789354
0.787827
0.786302
0.78478
0.783259
0.781741
0.780225
0.778711
0.7772
0.775691
0.774185
0.772682
0.771181
0.769684
0.768189
0.766696
0.765207
0.763721
0.762238
0.760758
0.759282
0.757808
0.756338
0.754871
0.753408
0.751948
0.750491
0.749039
0.747589
0.746144
0.744702
0.743264
0.74183
0.7404
0.738974
0.737551
0.736133
0.734719
0.733309
0.731904
0.730502
0.729105
0.727712
0.726324
0.72494
0.723561
0.722186
0.720816
0.71945
0.718089
0.716733
0.715382
0.714035
0.712693
0.711357
0.710025
0.708698
0.707376
0.70606
0.704748
0.703442
0.702141
0.700845
0.699554
0.698269
0.696989
0.695715
0.694446
0.693183
0.691925
0.690672
0.689426
0.688185
0.686949
0.68572
0.684496
0.683278
0.682066
0.680859
0.679659
0.678465
0.677276
0.676094
0.674917
0.673747
0.672583
0.671425
0.670273
0.669128
0.667989
0.666856
0.665729
0.664609
0.663495
0.662387
0.661286
0.660192
0.659104
0.658022
0.656947
0.655879
0.654817
0.653762
0.652714
0.651672
0.650637
0.649609
0.648588
0.647574
0.646566
0.645565
0.644572
0.643585
0.642605
0.641632
0.640666
0.639707
0.638755
0.637811
0.636873
0.635943
0.635019
0.634103
0.633194
0.632293
0.631398
0.630511
0.629631
0.628759
0.627893
0.627036
0.626185
0.625342
0.624507
0.623678
0.622858
0.622045
0.621239
0.620441
0.61965
0.618867
0.618092
0.617324
0.616564
0.615811
0.615066
0.614329
0.613599
0.612877
0.612163
0.611457
0.610758
0.610067
0.609384
0.608709
0.608042
0.607382
0.60673
0.606087
0.605451
0.604823
0.604202
0.60359
0.602986
0.60239
0.601801
0.601221
0.600649
0.600084
0.599528
0.59898
0.598439
0.597907
0.597383
0.596867
0.596359
0.595859
0.595368
0.594884
0.594409
0.593941
0.593482
0.593031
0.592589
0.592154
0.591728
0.59131
0.5909
0.590498
0.590104
0.589719
0.589342
0.588973
0.588613
0.588261
0.587917
0.587581
0.587254
0.586935
0.586624
0.586322
0.586028
0.585742
0.585465
0.585196
0.584935
0.584683
0.584439
0.584203
0.583976
0.583757
0.583546
0.583344
0.583151
0.582965
0.582788
0.58262
0.58246
0.582308
0.582165
0.58203
0.581903
0.581785
0.581676
0.581575
0.581482
0.581397
0.581322
0.581254
0.581195
0.581144
0.581102
0.581068
0.581043
0.581026
0.581018
0.581018
0.581026
0.581035
0.581043
0.581052
0.58106
0.581068
0.581077
0.581085
0.581094
0.581102
0.581111
0.581119
0.581127
0.581136
0.581144
0.581153
0.581161
0.58117
0.581178
0.581187
0.581195
0.581203
0.581212
0.58122
0.581229
0.581237
0.581246
0.581254
0.581262
0.581271
0.581279
0.581288
0.581296
0.581305
0.581313
0.581322
0.58133
0.581338
0.581347
0.581355
0.581364
0.581372
0.581381
0.581389
0.581397
0.581406
0.581414
0.581423
0.581431
0.58144
0.581448
0.581456
0.581465
0.581473
0.581482
0.58149
0.581499
0.581507
0.581516
0.581524
0.581532
0.581541
0.581549
0.581558
0.581566
0.581575
0.581583
0.581591
0.5816
0.581608
0.581617
0.581625
0.581634
0.581642
0.58165
0.581659
0.581667
0.581676
0.581684
0.581693
0.581701
0.581709
0.581718
0.581726
0.581735
0.581743
0.581752
0.58176
0.581768
0.581777
0.581785
0.581794
0.581802
0.581811
0.581819
0.581828
0.581836
0.581844
0.581853
0.581861
0.58187
0.581878
0.581887
0.581895
0.581903
0.581912
0.58192
0.581929
0.581937
0.581946
0.581954
0.581962
0.581971
0.581979
0.581988
0.581996
0.582005
0.582013
0.582021
0.58203
0.582038
0.582047
0.582055
0.582064
0.582072
0.58208
0.582089
0.582097
0.582106
0.582114
0.582123
0.582131
0.582139
0.582148
0.582156
0.582165
0.582173
0.582182
0.58219
0.582198
0.582207
0.582215
0.582224
0.582232
0.582241
0.582249
0.582257
0.582266
0.582274
0.582283
0.582291
0.5823
0.582308
0.582316
0.582325
0.582333
0.582342
0.58235
0.582359
0.582367
0.582375
0.582384
0.582392
0.582401
0.582409
0.582418
0.582426
0.582434
0.582443
0.582451
0.58246
0.582468
0.582477
0.582485
0.582493
0.582502
0.58251
0.582519
0.582527
0.582536
0.582544
0.582552
0.582561
0.582569
0.582578
0.582586
0.582595
0.582603
0.582611
0.58262
0.582628
0.582637
0.582645
0.582654
0.582662
0.58267
0.582679
0.582687
0.582696
0.582704
0.582713
0.582721
0.582729
0.582738
0.582746
0.582755
0.582763
0.582772
0.58278
0.582788
0.582797
0.582805
0.582814
0.582822
0.58283
0.582839
0.582847
0.582856
0.582864
0.582873
0.582881
0.582889
0.582898
0.582906
0.582915
0.582923
0.582932
0.58294
0.582948
0.582957
0.582965
0.582974
0.582982
0.582991
0.582999
0.583007
0.583016
0.583024
0.583033
0.583041
0.58305
0.583058
0.583066
0.583075
0.583083
0.583092
0.5831
0.583108
0.583117
0.583125
0.583134
0.583142
0.583151
0.583159
0.583167
0.583176
0.583184
0.583193
0.583201
0.58321
0.583218
0.583226
0.583235
0.583243
0.583252
0.58326
0.583268
0.583277
0.583285
0.583294
0.583302
0.583311
0.583319
0.583327
0.583336
0.583344
0.583353
0.583361
0.58337
0.583378
0.583386
0.583395
0.583403
0.583412
0.58342
0.583428
0.583437
0.583445
0.583454
0.583462
0.583471
0.583479
0.583487
0.583496
0.583504
0.583513
0.583521
0.58353
0.583538
0.583546
0.583555
0.583563
0.583572
0.58358
0.583588
0.583597
0.583605
0.583614
0.583622
0.583631
0.583639
0.583647
0.583656
0.583664
0.583673
0.583681
0.58369
0.583698
0.583706
0.583715
0.583723
0.583732
0.58374
0.583748
0.583757
0.583765
0.583774
0.583782
0.583791
0.583799
0.583807
0.583816
0.583824
0.583833
0.583841
0.583849
0.583858
0.583866
0.583875
0.583883
0.583892
0.5839
0.583908
0.583917
0.583925
0.583934
0.583942
0.58395
0.583959
0.583967
0.583976
0.583984
0.583993
0.584001
0.584009
0.584018
0.584026
0.584035
0.584043
0.584051
0.58406
0.584068
0.584077
0.584085
0.584094
0.584102
0.58411
0.584119
0.584127
0.584136
0.584144
0.584152
0.584161
0.584169
0.584178
0.584186
0.584195
0.584203
0.584211
0.58422
0.584228
0.584237
0.584245
0.584253
0.584262
0.58427
0.584279
0.584287
0.584295
0.584304
0.584312
0.584321
0.584329
0.584338
0.584346
0.584354
0.584363
0.584371
0.58438
0.584388
0.584396
0.584405
0.584413
0.584422
0.58443
0.584439
0.584447
0.584455
0.584464
0.584472
0.584481
0.584489
0.584497
0.584506
0.584514
0.584523
0.584531
0.584539
0.584548
0.584556
0.584565
0.584573
0.584582
0.58459
0.584598
0.584607
0.584615
0.584624
0.584632
0.58464
0.584649
0.584657
0.584666
0.584674
0.584682
0.584691
0.584699
0.584708
0.584716
0.584725
0.584733
0.584741
0.58475
0.584758
0.584767
0.584775
0.584783
0.584792
0.5848
0.584809
0.584817
0.584825
0.584834
0.584842
0.584851
0.584859
0.584868
0.584876
0.584884
0.584893
0.584901
0.58491
0.584918
0.584926
0.584935
0.584943
0.584952
0.58496
0.584968
0.584977
0.584985
0.584994
0.585002
0.585011
0.585019
0.585027
0.585036
0.585044
0.585053
0.585061
0.585069
0.585078
0.585086
0.585095
0.585103
0.585111
0.58512
0.585128
0.585137
0.585145
0.585153
0.585162
0.58517
0.585179
0.585187
0.585195
0.585204
0.585212
0.585221
0.585229
0.585238
0.585246
0.585254
0.585263
0.585271
0.58528
0.585288
0.585296
0.585305
0.585313
0.585322
0.58533
0.585338
0.585347
0.585355
0.585364
0.585372
0.58538
0.585389
0.585397
0.585406
0.585414
0.585422
0.585431
0.585439
0.585448
0.585456
0.585465
0.585473
0.585481
0.58549
0.585498
0.585507
0.585515
0.585523
0.585532
0.58554
0.585549
0.585557
0.585565
0.585574
0.585582
0.585591
0.585599
0.585607
0.585616
0.585624
0.585633
0.585641
0.585649
0.585658
0.585666
0.585675
0.585683
0.585691
0.5857
0.585708
0.585717
0.585725
0.585733
0.585742
0.58575
0.585759
0.585767
0.585776
0.585784
0.585792
0.585801
0.585809
0.585818
0.585826
0.585834
0.585843
0.585851
0.58586
0.585868
0.585876
0.585885
0.585893
0.585902
0.58591
0.585918
0.585927
0.585935
0.585944
0.585952
0.58596
0.585969
0.585977
0.585986
0.585994
0.586002
0.586011
0.586019
0.586028
0.586036
0.586044
0.586053
0.586061
0.58607
0.586078
0.586086
0.586095
0.586103
0.586112
0.58612
0.586128
0.586137
0.586145
0.586154
0.586162
0.58617
0.586179
0.586187
0.586196
0.586204
0.586212
0.586221
0.586229
0.586238
0.586246
0.586254
0.586263
0.586271
0.58628
0.586288
0.586296
0.586305
0.586313
0.586322
0.58633
0.586338
0.586347
0.586355
0.586364
0.586372
0.58638
0.586389
0.586397
0.586406
0.586414
0.586422
0.586431
0.586439
0.586448
0.586456
0.586464
0.586473
0.586481
0.58649
0.586498
0.586506
0.586515
0.586523
0.586532
0.58654
0.586548
0.586557
0.586565
0.586574
0.586582
0.58659
0.586599
0.586607
0.586616
0.586624
0.586632
0.586641
0.586649
0.586658
0.586666
0.586674
0.586683
0.586691
0.5867
0.586708
0.586716
0.586725
0.586733
0.586742
0.58675
0.586758
0.586767
0.586775
0.586784
0.586792
0.5868
0.586809
0.586817
0.586826
0.586834
0.586842
0.586851
0.586859
0.586868
0.586876
0.586884
0.586893
0.586901
0.58691
0.586918
0.586926
0.586935
0.586943
0.586951
0.58696
0.586968
0.586977
0.586985
0.586993
0.587002
0.58701
0.587019
0.587027
0.587035
0.587044
0.587052
0.587061
0.587069
0.587077
0.587086
0.587094
0.587103
0.587111
0.587119
0.587128
0.587136
0.587145
0.587153
0.587161
0.58717
0.587178
0.587187
0.587195
0.587203
0.587212
0.58722
0.587229
0.587237
0.587245
0.587254
0.587262
0.58727
0.587279
0.587287
0.587296
0.587304
0.587312
0.587321
0.587329
0.587338
0.587346
0.587354
0.587363
0.587371
0.58738
0.587388
0.587396
0.587405
0.587413
0.587422
0.58743
0.587438
0.587447
0.587455
0.587464
0.587472
0.58748
0.587489
0.587497
0.587505
0.587514
0.587522
0.587531
0.587539
0.587547
0.587556
0.587564
0.587573
0.587581
0.587589
0.587598
0.587606
0.587615
0.587623
0.587631
0.58764
0.587648
0.587657
0.587665
0.587673
0.587682
0.58769
0.587698
0.587707
0.587715
0.587724
0.587732
0.58774
0.587749
0.587757
0.587766
0.587774
0.587782
0.587791
0.587799
0.587808
0.587816
0.587824
0.587833
0.587841
0.587849
0.587858
0.587866
0.587875
0.587883
0.587891
0.5879
0.587908
0.587917
0.587925
0.587933
0.587942
0.58795
0.587959
0.587967
0.587975
0.587984
0.587992
0.588
0.588009
0.588017
0.588026
0.588034
0.588042
0.588051
0.588059
0.588068
0.588076
0.588084
0.588093
0.588101
0.58811
0.588118
0.588126
0.588135
0.588143
0.588151
0.58816
0.588168
0.588177
0.588185
0.588193
0.588202
0.58821
0.588219
0.588227
0.588235
0.588244
0.588252
0.58826
0.588269
0.588277
0.588286
0.588294
0.588302
0.588311
0.588319
0.588328
0.588336
0.588344
0.588353
0.588361
0.588369
0.588378
0.588386
0.588395
0.588403
0.588411
0.58842
0.588428
0.588437
0.588445
0.588453
0.588462
0.58847
0.588478
0.588487
0.588495
0.588504
0.588512
0.58852
0.588529
0.588537
0.588546
0.588554
0.588562
0.588571
0.588579
0.588587
0.588596
0.588604
0.588613
0.588621
0.588629
0.588638
0.588646
0.588655
0.588663
0.588671
0.58868
0.588688
0.588696
0.588705
0.588713
0.588722
0.58873
0.588738
0.588747
0.588755
0.588764
0.588772
0.58878
0.588789
0.588797
0.588805
0.588814
0.588822
0.588831
0.588839
0.588847
0.588856
0.588864
0.588873
0.588881
0.588889
0.588898
0.588906
0.588914
0.588923
0.588931
0.58894
0.588948
0.588956
0.588965
0.588973
0.588981
0.58899
0.588998
0.589007
0.589015
0.589023
0.589032
0.58904
0.589049
0.589057
0.589065
0.589074
0.589082
0.58909
0.589099
0.589107
0.589116
0.589124
0.589132
0.589141
0.589149
0.589157
0.589166
0.589174
0.589183
0.589191
0.589199
0.589208
0.589216
0.589224
0.589233
0.589241
0.58925
0.589258
0.589266
0.589275
0.589283
0.589292
0.5893
0.589308
0.589317
0.589325
0.589333
0.589342
0.58935
0.589359
0.589367
0.589375
0.589384
0.589392
0.5894
0.589409
0.589417
0.589426
0.589434
0.589442
0.589451
0.589459
0.589467
0.589476
0.589484
0.589493
0.589501
0.589509
0.589518
0.589526
0.589534
0.589543
0.589551
0.58956
0.589568
0.589576
0.589585
0.589593
0.589602
0.58961
0.589618
0.589627
0.589635
0.589643
0.589652
0.58966
0.589669
0.589677
0.589685
0.589694
0.589702
0.58971
0.589719
0.589727
0.589736
0.589744
0.589752
0.589761
0.589769
0.589777
0.589786
0.589794
0.589803
0.589811
0.589819
0.589828
0.589836
0.589844
0.589853
0.589861
0.58987
0.589878
0.589886
0.589895
0.589903
0.589911
0.58992
0.589928
0.589937
0.589945
0.589953
0.589962
0.58997
0.589978
0.589987
0.589995
0.590004
0.590012
0.59002
0.590029
0.590037
0.590045
0.590054
0.590062
0.590071
0.590079
0.590087
0.590096
0.590104
0.590112
0.590121
0.590129
0.590137
0.590146
0.590154
0.590163
0.590171
0.590179
0.590188
0.590196
0.590204
0.590213
0.590221
0.59023
0.590238
0.590246
0.590255
0.590263
0.590271
0.59028
0.590288
0.590297
0.590305
0.590313
0.590322
0.59033
0.590338
0.590347
0.590355
0.590364
0.590372
0.59038
0.590389
0.590397
0.590405
0.590414
0.590422
0.590431
0.590439
0.590447
0.590456
0.590464
0.590472
0.590481
0.590489
0.590497
0.590506
0.590514
0.590523
0.590531
0.590539
0.590548
0.590556
0.590564
0.590573
0.590581
0.59059
0.590598
0.590606
0.590615
0.590623
0.590631
0.59064
0.590648
0.590656
0.590665
0.590673
0.590682
0.59069
0.590698
0.590707
0.590715
0.590723
0.590732
0.59074
0.590749
0.590757
0.590765
0.590774
0.590782
0.59079
0.590799
0.590807
0.590815
0.590824
0.590832
0.590841
0.590849
0.590857
0.590866
0.590874
0.590882
0.590891
0.590899
0.590908
0.590916
0.590924
0.590933
0.590941
0.590949
0.590958
0.590966
0.590974
0.590983
0.590991
0.591
0.591008
0.591016
0.591025
0.591033
0.591041
0.59105
0.591058
0.591067
0.591075
0.591083
0.591092
0.5911
0.591108
0.591117
0.591125
0.591133
0.591142
0.59115
0.591159
0.591167
0.591175
0.591184
0.591192
0.5912
0.591209
0.591217
0.591225
0.591234
0.591242
0.591251
0.591259
0.591267
0.591276
0.591284
0.591292
0.591301
0.591309
0.591317
0.591326
0.591334
0.591343
0.591351
0.591359
0.591368
0.591376
0.591384
0.591393
0.591401
0.591409
0.591418
0.591426
0.591435
0.591443
0.591451
0.59146
0.591468
0.591476
0.591485
0.591493
0.591501
0.59151
0.591518
0.591527
0.591535
0.591543
0.591552
0.59156
0.591568
0.591577
0.591585
0.591593
0.591602
0.59161
0.591619
0.591627
0.591635
0.591644
0.591652
0.59166
0.591669
0.591677
0.591685
0.591694
0.591702
0.591711
0.591719
0.591727
0.591736
0.591744
0.591752
0.591761
0.591769
0.591777
0.591786
0.591794
0.591802
0.591811
0.591819
0.591828
0.591836
0.591844
0.591853
0.591861
0.591869
0.591878
0.591886
0.591894
0.591903
0.591911
0.59192
0.591928
0.591936
0.591945
0.591953
0.591961
0.59197
0.591978
0.591986
0.591995
0.592003
0.592012
0.59202
0.592028
0.592037
0.592045
0.592053
0.592062
0.59207
0.592078
0.592087
0.592095
0.592103
0.592112
0.59212
0.592129
0.592137
0.592145
0.592154
0.592162
0.59217
0.592179
0.592187
0.592195
0.592204
0.592212
0.59222
0.592229
0.592237
0.592246
0.592254
0.592262
0.592271
0.592279
0.592287
0.592296
0.592304
0.592312
0.592321
0.592329
0.592337
0.592346
0.592354
0.592363
0.592371
0.592379
0.592388
0.592396
0.592404
0.592413
0.592421
0.592429
0.592438
0.592446
0.592454
0.592463
0.592471
0.59248
0.592488
0.592496
0.592505
0.592513
0.592521
0.59253
0.592538
0.592546
0.592555
0.592563
0.592571
0.59258
0.592588
0.592597
0.592605
0.592613
0.592622
0.59263
0.592638
0.592647
0.592655
0.592663
0.592672
0.59268
0.592688
0.592697
0.592705
0.592713
0.592722
0.59273
0.592739
0.592747
0.592755
0.592764
0.592772
0.59278
0.592789
0.592797
0.592805
0.592814
0.592822
0.59283
0.592839
0.592847
0.592855
0.592864
0.592872
0.592881
0.592889
0.592897
0.592906
0.592914
0.592922
0.592931
0.592939
0.592947
0.592956
0.592964
0.592972
0.592981
0.592989
0.592997
0.593006
0.593014
0.593023
0.593031
0.593039
0.593048
0.593056
0.593064
0.593073
0.593081
0.593089
0.593098
0.593106
0.593114
0.593123
0.593131
0.593139
0.593148
0.593156
0.593165
0.593173
0.593181
0.59319
0.593198
0.593206
0.593215
0.593223
0.593231
0.59324
0.593248
0.593256
0.593265
0.593273
0.593281
0.59329
0.593298
0.593306
0.593315
0.593323
0.593332
0.59334
0.593348
0.593357
0.593365
0.593373
0.593382
0.59339
0.593398
0.593407
0.593415
0.593423
0.593432
0.59344
0.593448
0.593457
0.593465
0.593473
0.593482
0.59349
0.593499
0.593507
0.593515
0.593524
0.593532
0.59354
0.593549
0.593557
0.593565
0.593574
0.593582
0.59359
0.593599
0.593607
0.593615
0.593624
0.593632
0.59364
0.593649
0.593657
0.593665
0.593674
0.593682
0.593691
0.593699
0.593707
0.593716
0.593724
0.593732
0.593741
0.593749
0.593757
0.593766
0.593774
0.593782
0.593791
0.593799
0.593807
0.593816
0.593824
0.593832
0.593841
0.593849
0.593857
0.593866
0.593874
0.593882
0.593891
0.593899
0.593908
0.593916
0.593924
0.593933
0.593941
0.593949
0.593958
0.593966
0.593974
0.593983
0.593991
0.593999
0.594008
0.594016
0.594024
0.594033
0.594041
0.594049
0.594058
0.594066
0.594074
0.594083
0.594091
0.594099
0.594108
0.594116
0.594124
0.594133
0.594141
0.59415
0.594158
0.594166
0.594175
0.594183
0.594191
0.5942
0.594208
0.594216
0.594225
0.594233
0.594241
0.59425
0.594258
0.594266
0.594275
0.594283
0.594291
0.5943
0.594308
0.594316
0.594325
0.594333
0.594341
0.59435
0.594358
0.594366
0.594375
0.594383
0.594391
0.5944
0.594408
0.594416
0.594425
0.594433
0.594442
0.59445
0.594458
0.594467
0.594475
0.594483
0.594492
0.5945
0.594508
0.594517
0.594525
0.594533
0.594542
0.59455
0.594558
0.594567
0.594575
0.594583
0.594592
0.5946
0.594608
0.594617
0.594625
0.594633
0.594642
0.59465
0.594658
0.594667
0.594675
0.594683
0.594692
0.5947
0.594708
0.594717
0.594725
0.594733
0.594742
0.59475
0.594758
0.594767
0.594775
0.594783
0.594792
0.5948
0.594809
0.594817
0.594825
0.594834
0.594842
0.59485
0.594859
0.594867
0.594875
0.594884
0.594892
0.5949
0.594909
0.594917
0.594925
0.594934
0.594942
0.59495
0.594959
0.594967
0.594975
0.594984
0.594992
0.595
0.595009
0.595017
0.595025
0.595034
0.595042
0.59505
0.595059
0.595067
0.595075
0.595084
0.595092
0.5951
0.595109
0.595117
0.595125
0.595134
0.595142
0.59515
0.595159
0.595167
0.595175
0.595184
0.595192
0.5952
0.595209
0.595217
0.595225
0.595234
0.595242
0.59525
0.595259
0.595267
0.595275
0.595284
0.595292
0.5953
0.595309
0.595317
0.595325
0.595334
0.595342
0.59535
0.595359
0.595367
0.595375
0.595384
0.595392
0.5954
0.595409
0.595417
0.595425
0.595434
0.595442
0.59545
0.595459
0.595467
0.595475
0.595484
0.595492
0.5955
0.595509
0.595517
0.595525
0.595534
0.595542
0.59555
0.595559
0.595567
0.595575
0.595584
0.595592
0.5956
0.595609
0.595617
0.595625
0.595634
0.595642
0.59565
0.595659
0.595667
0.595675
0.595684
0.595692
0.5957
0.595709
0.595717
0.595725
0.595734
0.595742
0.59575
0.595759
0.595767
0.595775
0.595784
0.595792
0.5958
0.595809
0.595817
0.595825
0.595834
0.595842
0.59585
0.595859
0.595867
0.595875
0.595884
0.595892
0.5959
0.595909
0.595917
0.595925
0.595934
0.595942
0.59595
0.595959
0.595967
0.595975
0.595984
0.595992
0.596
0.596009
0.596017
0.596025
0.596034
0.596042
0.59605
0.596059
0.596067
0.596075
0.596084
0.596092
0.5961
0.596109
0.596117
