-0
-7.35295e-06
-2.20589e-05
-4.41177e-05
-7.35296e-05
-0.000110295
-0.000154412
-0.000205883
-0.000264707
-0.000330884
-0.000404415
-0.000485298
-0.000573534
-0.000669124
-0.000772066
-0.000882362
-0.00100001
-0.00112501
-0.00125737
-0.00139708
-0.00154414
-0.00169855
-0.00186032
-0.00202944
-0.00220592
-0.00238974
-0.00258092
-0.00277946
-0.00298534
-0.00319859
-0.00341918
-0.00364712
-0.00388242
-0.00412508
-0.00437508
-0.00463244
-0.00489715
-0.00516922
-0.00544863
-0.0057354
-0.00602953
-0.006331
-0.00663983
-0.00695601
-0.00727954
-0.00761043
-0.00794866
-0.00829425
-0.00864719
-0.00900748
-0.00937513
-0.00975012
-0.0101325
-0.0105222
-0.0109192
-0.0113236
-0.0117354
-0.0121545
-0.0125809
-0.0130147
-0.0134559
-0.0139043
-0.0143602
-0.0148234
-0.0152939
-0.0157718
-0.0162571
-0.0167496
-0.0172496
-0.0177568
-0.0182715
-0.0187934
-0.0193227
-0.0198594
-0.0204034
-0.0209547
-0.0215134
-0.0220794
-0.0226528
-0.0232335
-0.0238215
-0.0244169
-0.0250196
-0.0256297
-0.0262471
-0.0268718
-0.0275038
-0.0281432
-0.02879
-0.029444
-0.0301054
-0.0307741
-0.0314502
-0.0321335
-0.0328242
-0.0335222
-0.0342276
-0.0349402
-0.0356602
-0.0363875
-0.0371221
-0.0378641
-0.0386133
-0.0393699
-0.0401337
-0.0409049
-0.0416834
-0.0424692
-0.0432623
-0.0440627
-0.0448704
-0.0456854
-0.0465077
-0.0473372
-0.0481741
-0.0490183
-0.0498697
-0.0507285
-0.0515945
-0.0524678
-0.0533483
-0.0542362
-0.0551313
-0.0560337
-0.0569433
-0.0578602
-0.0587844
-0.0597158
-0.0606545
-0.0616004
-0.0625535
-0.063514
-0.0644816
-0.0654565
-0.0664386
-0.067428
-0.0684245
-0.0694283
-0.0704393
-0.0714575
-0.072483
-0.0735156
-0.0745554
-0.0756025
-0.0766567
-0.0777181
-0.0787866
-0.0798624
-0.0809453
-0.0820354
-0.0831327
-0.0842371
-0.0853486
-0.0864673
-0.0875932
-0.0887262
-0.0898663
-0.0910135
-0.0921678
-0.0933293
-0.0944978
-0.0956735
-0.0968562
-0.098046
-0.0992429
-0.100447
-0.101658
-0.102876
-0.104101
-0.105333
-0.106572
-0.107819
-0.109072
-0.110332
-0.111599
-0.112874
-0.114155
-0.115443
-0.116738
-0.11804
-0.119349
-0.120665
-0.121988
-0.123318
-0.124655
-0.125999
-0.127349
-0.128707
-0.130071
-0.131442
-0.13282
-0.134205
-0.135597
-0.136995
-0.1384
-0.139813
-0.141231
-0.142657
-0.144089
-0.145529
-0.146974
-0.148427
-0.149886
-0.151352
-0.152825
-0.154304
-0.15579
-0.157283
-0.158782
-0.160288
-0.161801
-0.16332
-0.164845
-0.166377
-0.167916
-0.169461
-0.171013
-0.172571
-0.174136
-0.175707
-0.177284
-0.178868
-0.180459
-0.182056
-0.183659
-0.185268
-0.186884
-0.188506
-0.190135
-0.191769
-0.19341
-0.195057
-0.196711
-0.19837
-0.200036
-0.201708
-0.203386
-0.20507
-0.206761
-0.208457
-0.21016
-0.211868
-0.213582
-0.215303
-0.217029
-0.218762
-0.2205
-0.222244
-0.223994
-0.22575
-0.227511
-0.229279
-0.231052
-0.232831
-0.234616
-0.236406
-0.238202
-0.240004
-0.241811
-0.243624
-0.245442
-0.247266
-0.249096
-0.25093
-0.252771
-0.254616
-0.256468
-0.258324
-0.260186
-0.262053
-0.263925
-0.265803
-0.267685
-0.269573
-0.271466
-0.273364
-0.275267
-0.277175
-0.279089
-0.281007
-0.28293
-0.284858
-0.28679
-0.288728
-0.29067
-0.292617
-0.294569
-0.296526
-0.298487
-0.300452
-0.302423
-0.304397
-0.306377
-0.30836
-0.310348
-0.312341
-0.314337
-0.316338
-0.318343
-0.320353
-0.322366
-0.324384
-0.326405
-0.328431
-0.330461
-0.332494
-0.334531
-0.336573
-0.338618
-0.340666
-0.342719
-0.344775
-0.346834
-0.348897
-0.350964
-0.353034
-0.355108
-0.357184
-0.359264
-0.361348
-0.363434
-0.365524
-0.367616
-0.369712
-0.371811
-0.373912
-0.376017
-0.378124
-0.380234
-0.382346
-0.384461
-0.386579
-0.3887
-0.390822
-0.392948
-0.395075
-0.397205
-0.399337
-0.401471
-0.403607
-0.405745
-0.407885
-0.410027
-0.412171
-0.414317
-0.416464
-0.418613
-0.420764
-0.422916
-0.425069
-0.427224
-0.42938
-0.431537
-0.433696
-0.435856
-0.438016
-0.440178
-0.44234
-0.444503
-0.446667
-0.448831
-0.450997
-0.453162
-0.455328
-0.457494
-0.459661
-0.461828
-0.463995
-0.466161
-0.468328
-0.470495
-0.472661
-0.474828
-0.476993
-0.479159
-0.481323
-0.483487
-0.485651
-0.487813
-0.489975
-0.492136
-0.494295
-0.496454
-0.498611
-0.500767
-0.502922
-0.505075
-0.507226
-0.509375
-0.511523
-0.513669
-0.515813
-0.517955
-0.520095
-0.522232
-0.524367
-0.5265
-0.52863
-0.530757
-0.532882
-0.535004
-0.537123
-0.539238
-0.541351
-0.54346
-0.545566
-0.547669
-0.549767
-0.551862
-0.553954
-0.556041
-0.558125
-0.560204
-0.562279
-0.56435
-0.566416
-0.568478
-0.570535
-0.572587
-0.574634
-0.576677
-0.578714
-0.580746
-0.582772
-0.584793
-0.586809
-0.588819
-0.590823
-0.592821
-0.594812
-0.596798
-0.598777
-0.60075
-0.602717
-0.604676
-0.606629
-0.608575
-0.610514
-0.612446
-0.61437
-0.616287
-0.618196
-0.620098
-0.621992
-0.623878
-0.625755
-0.627625
-0.629486
-0.631339
-0.633183
-0.635018
-0.636845
-0.638662
-0.64047
-0.642269
-0.644059
-0.645839
-0.647609
-0.649369
-0.651119
-0.65286
-0.65459
-0.656309
-0.658018
-0.659717
-0.661404
-0.663081
-0.664746
-0.6664
-0.668043
-0.669674
-0.671293
-0.672901
-0.674497
-0.67608
-0.677651
-0.67921
-0.680756
-0.68229
-0.68381
-0.685318
-0.686812
-0.688293
-0.68976
-0.691214
-0.692654
-0.69408
-0.695492
-0.69689
-0.698274
-0.699643
-0.700997
-0.702336
-0.70366
-0.704969
-0.706263
-0.707541
-0.708804
-0.710051
-0.711282
-0.712497
-0.713696
-0.714878
-0.716043
-0.717192
-0.718324
-0.719439
-0.720537
-0.721618
-0.722681
-0.723726
-0.724753
-0.725763
-0.726754
-0.727727
-0.728682
-0.729618
-0.730535
-0.731434
-0.732313
-0.733173
-0.734014
-0.734835
-0.735636
-0.736418
-0.737179
-0.737921
-0.738642
-0.739343
-0.740023
-0.740682
-0.74132
-0.741937
-0.742533
-0.743108
-0.743661
-0.744192
-0.744701
-0.745189
-0.745654
-0.746097
-0.746518
-0.746916
-0.747291
-0.747643
-0.747972
-0.748278
-0.748561
-0.74882
-0.749056
-0.749268
-0.749456
-0.74962
-0.749759
-0.749874
-0.749965
-0.750031
-0.750073
-0.750089
-0.750081
-0.750047
-0.749988
-0.749904
-0.749794
-0.749658
-0.749496
-0.749309
-0.749095
-0.748855
-0.748589
-0.748296
-0.747977
-0.747631
-0.747258
-0.746858
-0.746431
-0.745976
-0.745495
-0.744986
-0.744449
-0.743885
-0.743293
-0.742673
-0.742025
-0.741349
-0.740644
-0.739912
-0.73915
-0.738361
-0.737542
-0.736695
-0.73582
-0.734915
-0.733981
-0.733018
-0.732026
-0.731004
-0.729953
-0.728873
-0.727763
-0.726625
-0.725459
-0.724266
-0.723046
-0.721798
-0.720522
-0.719219
-0.717888
-0.716531
-0.715146
-0.713734
-0.712295
-0.710829
-0.709336
-0.707816
-0.70627
-0.704697
-0.703097
-0.701471
-0.699818
-0.698139
-0.696433
-0.694702
-0.692944
-0.69116
-0.68935
-0.687515
-0.685653
-0.683766
-0.681854
-0.679916
-0.677952
-0.675963
-0.673949
-0.67191
-0.669846
-0.667757
-0.665643
-0.663504
-0.661341
-0.659153
-0.656941
-0.654705
-0.652444
-0.650159
-0.64785
-0.645518
-0.643161
-0.640781
-0.638377
-0.63595
-0.6335
-0.631026
-0.628529
-0.626009
-0.623467
-0.620901
-0.618313
-0.615702
-0.613069
-0.610414
-0.607736
-0.605037
-0.602315
-0.599572
-0.596806
-0.59402
-0.591212
-0.588382
-0.585531
-0.58266
-0.579767
-0.576853
-0.573919
-0.570964
-0.567989
-0.564993
-0.561977
-0.558941
-0.555886
-0.55281
-0.549714
-0.546599
-0.543465
-0.540311
-0.537139
-0.533947
-0.530736
-0.527506
-0.524258
-0.520991
-0.517706
-0.514403
-0.511082
-0.507742
-0.504385
-0.50101
-0.497618
-0.494208
-0.490781
-0.487336
-0.483875
-0.480397
-0.476902
-0.47339
-0.469862
-0.466318
-0.462757
-0.459181
-0.455588
-0.45198
-0.448356
-0.444716
-0.441062
-0.437392
-0.433706
-0.430006
-0.426291
-0.422562
-0.418818
-0.415059
-0.411287
-0.4075
-0.403699
-0.399884
-0.396056
-0.392214
-0.388359
-0.384491
-0.380609
-0.376714
-0.372807
-0.368887
-0.364954
-0.361009
-0.357052
-0.353082
-0.349101
-0.345107
-0.341102
-0.337086
-0.333058
-0.329019
-0.324968
-0.320907
-0.316834
-0.312751
-0.308658
-0.304554
-0.300439
-0.296315
-0.292181
-0.288036
-0.283882
-0.279719
-0.275546
-0.271363
-0.267172
-0.262971
-0.258762
-0.254544
-0.250317
-0.246082
-0.241839
-0.237587
-0.233328
-0.22906
-0.224785
-0.220502
-0.216212
-0.211914
-0.20761
-0.203298
-0.198979
-0.194654
-0.190322
-0.185984
-0.181639
-0.177288
-0.172931
-0.168569
-0.1642
-0.159826
-0.155446
-0.151062
-0.146671
-0.142276
-0.137876
-0.133472
-0.129062
-0.124648
-0.12023
-0.115808
-0.111381
-0.106951
-0.102517
-0.0980793
-0.0936382
-0.0891937
-0.084746
-0.0802952
-0.0758415
-0.0713851
-0.066926
-0.0624645
-0.0580006
-0.0535345
-0.0490663
-0.0445962
-0.0401244
-0.0356509
-0.0311759
-0.0266995
-0.0222219
-0.0177433
-0.0132637
-0.00878338
-0.00430237
0.000179146
0.00466102
0.00914312
0.0136253
0.0181074
0.0225893
0.0270709
0.031552
0.0360325
0.0405121
0.0449909
0.0494686
0.0539452
0.0584204
0.0628941
0.0673662
0.0718365
0.0763049
0.0807713
0.0852355
0.0896973
0.0941567
0.0986135
0.103067
0.107519
0.111967
0.116412
0.120853
0.125291
0.129726
0.134156
0.138583
0.143006
0.147424
0.151839
0.156249
0.160654
0.165054
0.16945
0.17384
0.178225
0.182605
0.18698
0.191349
0.195712
0.200069
0.20442
0.208765
0.213104
0.217436
0.221762
0.226081
0.230393
0.234698
0.238995
0.243286
0.247568
0.251844
0.256111
0.260371
0.264622
0.268865
0.2731
0.277327
0.281545
0.285754
0.289954
0.294145
0.298327
0.302499
0.306662
0.310816
0.314959
0.319093
0.323217
0.32733
0.331433
0.335525
0.339607
0.343678
0.347738
0.351787
0.355825
0.359851
0.363866
0.367869
0.371861
0.37584
0.379807
0.383762
0.387705
0.391635
0.395553
0.399457
0.403349
0.407227
0.411093
0.414944
0.418783
0.422607
0.426418
0.430215
0.433997
0.437766
0.44152
0.445259
0.448984
0.452694
0.456389
0.460068
0.463733
0.467382
0.471015
0.474633
0.478235
0.481821
0.485391
0.488944
0.492482
0.496002
0.499506
0.502993
0.506463
0.509916
0.513352
0.51677
0.520171
0.523554
0.526919
0.530266
0.533595
0.536906
0.540198
0.543472
0.546728
0.549964
0.553182
0.55638
0.55956
0.562719
0.56586
0.568981
0.572082
0.575163
0.578224
0.581265
0.584286
0.587286
0.590266
0.593225
0.596163
0.599081
0.601977
0.604852
0.607706
0.610538
0.613348
0.616137
0.618904
0.621649
0.624372
0.627073
0.629751
0.632407
0.63504
0.637651
0.640238
0.642803
0.645345
0.647863
0.650358
0.652829
0.655277
0.657702
0.660102
0.662479
0.664831
0.66716
0.669464
0.671743
0.673999
0.676229
0.678435
0.680616
0.682772
0.684903
0.687009
0.68909
0.691146
0.693175
0.69518
0.697158
0.699111
0.701038
0.70294
0.704815
0.706664
0.708486
0.710282
0.712052
0.713796
0.715512
0.717202
0.718866
0.720502
0.722111
0.723694
0.725249
0.726777
0.728278
0.729751
0.731197
0.732615
0.734006
0.735369
0.736704
0.738011
0.739291
0.740542
0.741766
0.742961
0.744129
0.745268
0.746378
0.747461
0.748514
0.74954
0.750537
0.751505
0.752445
0.753356
0.754238
0.755091
0.755916
0.756712
0.757478
0.758216
0.758925
0.759605
0.760255
0.760877
0.761469
0.762032
0.762566
0.76307
0.763546
0.763991
0.764408
0.764795
0.765153
0.765481
0.76578
0.766049
0.766289
0.7665
0.766681
0.766832
0.766954
0.767046
0.767109
0.767142
0.767146
0.76712
0.767064
0.766979
0.766865
0.76672
0.766547
0.766343
0.76611
0.765848
0.765556
0.765235
0.764884
0.764504
0.764094
0.763654
0.763186
0.762688
0.76216
0.761604
0.761017
0.760402
0.759758
0.759084
0.758381
0.757649
0.756887
0.756097
0.755278
0.754429
0.753552
0.752646
0.751711
0.750747
0.749754
0.748733
0.747683
0.746604
0.745497
0.744361
0.743197
0.742005
0.740784
0.739535
0.738257
0.736952
0.735619
0.734257
0.732868
0.731451
0.730006
0.728533
0.727033
0.725505
0.723949
0.722367
0.720757
0.719119
0.717455
0.715763
0.714045
0.712299
0.710527
0.708728
0.706902
0.70505
0.703171
0.701266
0.699335
0.697377
0.695394
0.693384
0.691348
0.689287
0.6872
0.685087
0.682949
0.680786
0.678597
0.676383
0.674144
0.67188
0.669591
0.667278
0.664939
0.662576
0.660189
0.657778
0.655342
0.652882
0.650398
0.647891
0.645359
0.642804
0.640226
0.637624
0.634999
0.63235
0.629679
0.626985
0.624267
0.621528
0.618766
0.615981
0.613174
0.610345
0.607494
0.60462
0.601726
0.598809
0.595871
0.592911
0.589931
0.586929
0.583906
0.580862
0.577798
0.574712
0.571607
0.568481
0.565334
0.562173
0.558998
0.555808
0.552604
0.549386
0.546154
0.542909
0.539651
0.53638
0.533096
0.5298
0.526491
0.52317
0.519838
0.516494
0.513138
0.509771
0.506393
0.503005
0.499606
0.496196
0.492777
0.489347
0.485908
0.482459
0.479001
0.475534
0.472058
0.468573
0.46508
0.461578
0.458069
0.454551
0.451026
0.447493
0.443953
0.440406
0.436852
0.433291
0.429724
0.42615
0.42257
0.418984
0.415392
0.411795
0.408192
0.404583
0.40097
0.397352
0.393729
0.390101
0.386469
0.382833
0.379193
0.375548
0.3719
0.368249
0.364594
0.360936
0.357274
0.35361
0.349943
0.346274
0.342602
0.338927
0.335251
0.331572
0.327892
0.32421
0.320527
0.316842
0.313155
0.309468
0.30578
0.302091
0.298401
0.294711
0.291021
0.28733
0.283639
0.279948
0.276257
0.272567
0.268877
0.265187
0.261498
0.25781
0.254123
0.250437
0.246753
0.243069
0.239387
0.235707
0.232028
0.228351
0.224676
0.221003
0.217333
0.213664
0.209998
0.206334
0.202673
0.199015
0.19536
0.191707
0.188058
0.184411
0.180768
0.177129
0.173493
0.16986
0.166231
0.162606
0.158985
0.155368
0.151755
0.148146
0.144541
0.140941
0.137345
0.133753
0.130167
0.126585
0.123008
0.119435
0.115868
0.112306
0.108749
0.105197
0.101651
0.0981101
0.0945747
0.0910449
0.0875208
0.0840024
0.0804899
0.0769832
0.0734826
0.069988
0.0664995
0.0630173
0.0595413
0.0560717
0.0526085
0.0491518
0.0457017
0.0422583
0.0388215
0.0353915
0.0319684
0.0285521
0.0251429
0.0217406
0.0183455
0.0149575
0.0115768
0.00820335
0.00483724
0.00147854
-0.00187271
-0.00521643
-0.00855257
-0.0118811
-0.0152019
-0.018515
-0.0218202
-0.0251177
-0.0284072
-0.0316887
-0.0349623
-0.0382278
-0.0414852
-0.0447344
-0.0479754
-0.0512082
-0.0544327
-0.0576488
-0.0608565
-0.0640558
-0.0672466
-0.070429
-0.0736027
-0.0767678
-0.0799243
-0.0830721
-0.0862112
-0.0893415
-0.092463
-0.0955756
-0.0986794
-0.101774
-0.10486
-0.107937
-0.111005
-0.114064
-0.117114
-0.120154
-0.123186
-0.126208
-0.129221
-0.132225
-0.135219
-0.138204
-0.14118
-0.144147
-0.147104
-0.150052
-0.15299
-0.155919
-0.158838
-0.161748
-0.164648
-0.167539
-0.17042
-0.173291
-0.176153
-0.179005
-0.181848
-0.184681
-0.187504
-0.190317
-0.193121
-0.195915
-0.198699
-0.201473
-0.204237
-0.206992
-0.209737
-0.212472
-0.215197
-0.217912
-0.220617
-0.223312
-0.225998
-0.228673
-0.231338
-0.233994
-0.236639
-0.239275
-0.2419
-0.244516
-0.247121
-0.249717
-0.252302
-0.254878
-0.257443
-0.259998
-0.262543
-0.265079
-0.267604
-0.270119
-0.272624
-0.275119
-0.277603
-0.280078
-0.282543
-0.284997
-0.287442
-0.289876
-0.2923
-0.294714
-0.297118
-0.299512
-0.301896
-0.30427
-0.306633
-0.308987
-0.31133
-0.313663
-0.315987
-0.3183
-0.320603
-0.322896
-0.325179
-0.327452
-0.329715
-0.331967
-0.33421
-0.336443
-0.338665
-0.340878
-0.34308
-0.345273
-0.347455
-0.349628
-0.35179
-0.353943
-0.356085
-0.358218
-0.360341
-0.362453
-0.364556
-0.366649
-0.368732
-0.370805
-0.372868
-0.374921
-0.376964
-0.378998
-0.381021
-0.383035
-0.385039
-0.387033
-0.389017
-0.390992
-0.392956
-0.394911
-0.396857
-0.398792
-0.400718
-0.402634
-0.40454
-0.406437
-0.408324
-0.410202
-0.41207
-0.413928
-0.415776
-0.417615
-0.419445
-0.421265
-0.423075
-0.424876
-0.426668
-0.42845
-0.430222
-0.431985
-0.433739
-0.435483
-0.437218
-0.438944
-0.44066
-0.442367
-0.444065
-0.445753
-0.447432
-0.449102
-0.450763
-0.452414
-0.454056
-0.455689
-0.457313
-0.458928
-0.460534
-0.462131
-0.463718
-0.465297
-0.466867
-0.468427
-0.469979
-0.471522
-0.473056
-0.474581
-0.476097
-0.477604
-0.479102
-0.480592
-0.482073
-0.483545
-0.485008
-0.486463
-0.487909
-0.489346
-0.490774
-0.492194
-0.493606
-0.495009
-0.496403
-0.497789
-0.499166
-0.500535
-0.501895
-0.503247
-0.504591
-0.505926
-0.507253
-0.508571
-0.509881
-0.511183
-0.512477
-0.513763
-0.51504
-0.516309
-0.51757
-0.518823
-0.520067
-0.521304
-0.522532
-0.523753
-0.524966
-0.52617
-0.527367
-0.528555
-0.529736
-0.530909
-0.532074
-0.533231
-0.534381
-0.535523
-0.536657
-0.537783
-0.538901
-0.540012
-0.541115
-0.542211
-0.543299
-0.544379
-0.545452
-0.546518
-0.547575
-0.548626
-0.549669
-0.550704
-0.551733
-0.552753
-0.553767
-0.554773
-0.555772
-0.556763
-0.557748
-0.558725
-0.559695
-0.560657
-0.561613
-0.562562
-0.563503
-0.564437
-0.565365
-0.566285
-0.567198
-0.568105
-0.569004
-0.569897
-0.570782
-0.571661
-0.572533
-0.573398
-0.574256
-0.575108
-0.575953
-0.576791
-0.577622
-0.578447
-0.579265
-0.580076
-0.580881
-0.581679
-0.582471
-0.583256
-0.584035
-0.584807
-0.585573
-0.586332
-0.587085
-0.587831
-0.588571
-0.589305
-0.590033
-0.590754
-0.591469
-0.592177
-0.59288
-0.593576
-0.594266
-0.59495
-0.595627
-0.596299
-0.596964
-0.597624
-0.598277
-0.598924
-0.599566
-0.600201
-0.60083
-0.601454
-0.602071
-0.602682
-0.603288
-0.603888
-0.604482
-0.60507
-0.605652
-0.606229
-0.606799
-0.607364
-0.607924
-0.608477
-0.609025
-0.609567
-0.610104
-0.610635
-0.61116
-0.61168
-0.612194
-0.612702
-0.613205
-0.613703
-0.614195
-0.614681
-0.615162
-0.615638
-0.616108
-0.616573
-0.617032
-0.617486
-0.617935
-0.618378
-0.618816
-0.619249
-0.619676
-0.620098
-0.620515
-0.620926
-0.621333
-0.621734
-0.62213
-0.62252
-0.622906
-0.623286
-0.623661
-0.624031
-0.624396
-0.624756
-0.625111
-0.62546
-0.625805
-0.626145
-0.626479
-0.626809
-0.627133
-0.627453
-0.627767
-0.628077
-0.628381
-0.628681
-0.628976
-0.629265
-0.62955
-0.62983
-0.630105
-0.630376
-0.630641
-0.630901
-0.631157
-0.631408
-0.631654
-0.631895
-0.632131
-0.632363
-0.63259
-0.632812
-0.633029
-0.633241
-0.633449
-0.633652
-0.63385
-0.634044
-0.634233
-0.634417
-0.634596
-0.634771
-0.634941
-0.635106
-0.635267
-0.635423
-0.635574
-0.635721
-0.635863
-0.636
-0.636133
-0.636261
-0.636385
-0.636504
-0.636618
-0.636728
-0.636833
-0.636933
-0.637029
-0.63712
-0.637207
-0.637289
-0.637367
-0.637439
-0.637508
-0.637572
-0.637631
-0.637686
-0.637736
-0.637781
-0.637822
-0.637859
-0.63789
-0.637918
-0.63794
-0.637959
-0.637972
-0.637981
-0.637986
-0.637986
-0.637981
-0.637977
-0.637972
-0.637968
-0.637963
-0.637959
-0.637954
-0.63795
-0.637945
-0.63794
-0.637936
-0.637931
-0.637927
-0.637922
-0.637918
-0.637913
-0.637909
-0.637904
-0.6379
-0.637895
-0.63789
-0.637886
-0.637881
-0.637877
-0.637872
-0.637868
-0.637863
-0.637859
-0.637854
-0.637849
-0.637845
-0.63784
-0.637836
-0.637831
-0.637827
-0.637822
-0.637818
-0.637813
-0.637808
-0.637804
-0.637799
-0.637795
-0.63779
-0.637786
-0.637781
-0.637777
-0.637772
-0.637768
-0.637763
-0.637758
-0.637754
-0.637749
-0.637745
-0.63774
-0.637736
-0.637731
-0.637727
-0.637722
-0.637717
-0.637713
-0.637708
-0.637704
-0.637699
-0.637695
-0.63769
-0.637686
-0.637681
-0.637676
-0.637672
-0.637667
-0.637663
-0.637658
-0.637654
-0.637649
-0.637645
-0.63764
-0.637635
-0.637631
-0.637626
-0.637622
-0.637617
-0.637613
-0.637608
-0.637604
-0.637599
-0.637594
-0.63759
-0.637585
-0.637581
-0.637576
-0.637572
-0.637567
-0.637563
-0.637558
-0.637553
-0.637549
-0.637544
-0.63754
-0.637535
-0.637531
-0.637526
-0.637522
-0.637517
-0.637512
-0.637508
-0.637503
-0.637499
-0.637494
-0.63749
-0.637485
-0.637481
-0.637476
-0.637471
-0.637467
-0.637462
-0.637458
-0.637453
-0.637449
-0.637444
-0.63744
-0.637435
-0.63743
-0.637426
-0.637421
-0.637417
-0.637412
-0.637408
-0.637403
-0.637398
-0.637394
-0.637389
-0.637385
-0.63738
-0.637376
-0.637371
-0.637367
-0.637362
-0.637357
-0.637353
-0.637348
-0.637344
-0.637339
-0.637335
-0.63733
-0.637326
-0.637321
-0.637316
-0.637312
-0.637307
-0.637303
-0.637298
-0.637294
-0.637289
-0.637285
-0.63728
-0.637275
-0.637271
-0.637266
-0.637262
-0.637257
-0.637253
-0.637248
-0.637243
-0.637239
-0.637234
-0.63723
-0.637225
-0.637221
-0.637216
-0.637212
-0.637207
-0.637202
-0.637198
-0.637193
-0.637189
-0.637184
-0.63718
-0.637175
-0.637171
-0.637166
-0.637161
-0.637157
-0.637152
-0.637148
-0.637143
-0.637139
-0.637134
-0.637129
-0.637125
-0.63712
-0.637116
-0.637111
-0.637107
-0.637102
-0.637098
-0.637093
-0.637088
-0.637084
-0.637079
-0.637075
-0.63707
-0.637066
-0.637061
-0.637056
-0.637052
-0.637047
-0.637043
-0.637038
-0.637034
-0.637029
-0.637025
-0.63702
-0.637015
-0.637011
-0.637006
-0.637002
-0.636997
-0.636993
-0.636988
-0.636983
-0.636979
-0.636974
-0.63697
-0.636965
-0.636961
-0.636956
-0.636951
-0.636947
-0.636942
-0.636938
-0.636933
-0.636929
-0.636924
-0.63692
-0.636915
-0.63691
-0.636906
-0.636901
-0.636897
-0.636892
-0.636888
-0.636883
-0.636878
-0.636874
-0.636869
-0.636865
-0.63686
-0.636856
-0.636851
-0.636846
-0.636842
-0.636837
-0.636833
-0.636828
-0.636824
-0.636819
-0.636815
-0.63681
-0.636805
-0.636801
-0.636796
-0.636792
-0.636787
-0.636783
-0.636778
-0.636773
-0.636769
-0.636764
-0.63676
-0.636755
-0.636751
-0.636746
-0.636741
-0.636737
-0.636732
-0.636728
-0.636723
-0.636719
-0.636714
-0.636709
-0.636705
-0.6367
-0.636696
-0.636691
-0.636687
-0.636682
-0.636677
-0.636673
-0.636668
-0.636664
-0.636659
-0.636655
-0.63665
-0.636646
-0.636641
-0.636636
-0.636632
-0.636627
-0.636623
-0.636618
-0.636614
-0.636609
-0.636604
-0.6366
-0.636595
-0.636591
-0.636586
-0.636582
-0.636577
-0.636572
-0.636568
-0.636563
-0.636559
-0.636554
-0.63655
-0.636545
-0.63654
-0.636536
-0.636531
-0.636527
-0.636522
-0.636518
-0.636513
-0.636508
-0.636504
-0.636499
-0.636495
-0.63649
-0.636486
-0.636481
-0.636476
-0.636472
-0.636467
-0.636463
-0.636458
-0.636454
-0.636449
-0.636444
-0.63644
-0.636435
-0.636431
-0.636426
-0.636422
-0.636417
-0.636412
-0.636408
-0.636403
-0.636399
-0.636394
-0.63639
-0.636385
-0.63638
-0.636376
-0.636371
-0.636367
-0.636362
-0.636358
-0.636353
-0.636348
-0.636344
-0.636339
-0.636335
-0.63633
-0.636326
-0.636321
-0.636316
-0.636312
-0.636307
-0.636303
-0.636298
-0.636294
-0.636289
-0.636284
-0.63628
-0.636275
-0.636271
-0.636266
-0.636262
-0.636257
-0.636252
-0.636248
-0.636243
-0.636239
-0.636234
-0.636229
-0.636225
-0.63622
-0.636216
-0.636211
-0.636207
-0.636202
-0.636197
-0.636193
-0.636188
-0.636184
-0.636179
-0.636175
-0.63617
-0.636165
-0.636161
-0.636156
-0.636152
-0.636147
-0.636143
-0.636138
-0.636133
-0.636129
-0.636124
-0.63612
-0.636115
-0.636111
-0.636106
-0.636101
-0.636097
-0.636092
-0.636088
-0.636083
-0.636078
-0.636074
-0.636069
-0.636065
-0.63606
-0.636056
-0.636051
-0.636046
-0.636042
-0.636037
-0.636033
-0.636028
-0.636024
-0.636019
-0.636014
-0.63601
-0.636005
-0.636001
-0.635996
-0.635992
-0.635987
-0.635982
-0.635978
-0.635973
-0.635969
-0.635964
-0.635959
-0.635955
-0.63595
-0.635946
-0.635941
-0.635937
-0.635932
-0.635927
-0.635923
-0.635918
-0.635914
-0.635909
-0.635905
-0.6359
-0.635895
-0.635891
-0.635886
-0.635882
-0.635877
-0.635872
-0.635868
-0.635863
-0.635859
-0.635854
-0.63585
-0.635845
-0.63584
-0.635836
-0.635831
-0.635827
-0.635822
-0.635818
-0.635813
-0.635808
-0.635804
-0.635799
-0.635795
-0.63579
-0.635785
-0.635781
-0.635776
-0.635772
-0.635767
-0.635763
-0.635758
-0.635753
-0.635749
-0.635744
-0.63574
-0.635735
-0.63573
-0.635726
-0.635721
-0.635717
-0.635712
-0.635708
-0.635703
-0.635698
-0.635694
-0.635689
-0.635685
-0.63568
-0.635676
-0.635671
-0.635666
-0.635662
-0.635657
-0.635653
-0.635648
-0.635643
-0.635639
-0.635634
-0.63563
-0.635625
-0.635621
-0.635616
-0.635611
-0.635607
-0.635602
-0.635598
-0.635593
-0.635588
-0.635584
-0.635579
-0.635575
-0.63557
-0.635566
-0.635561
-0.635556
-0.635552
-0.635547
-0.635543
-0.635538
-0.635533
-0.635529
-0.635524
-0.63552
-0.635515
-0.63551
-0.635506
-0.635501
-0.635497
-0.635492
-0.635488
-0.635483
-0.635478
-0.635474
-0.635469
-0.635465
-0.63546
-0.635455
-0.635451
-0.635446
-0.635442
-0.635437
-0.635433
-0.635428
-0.635423
-0.635419
-0.635414
-0.63541
-0.635405
-0.6354
-0.635396
-0.635391
-0.635387
-0.635382
-0.635378
-0.635373
-0.635368
-0.635364
-0.635359
-0.635355
-0.63535
-0.635345
-0.635341
-0.635336
-0.635332
-0.635327
-0.635322
-0.635318
-0.635313
-0.635309
-0.635304
-0.6353
-0.635295
-0.63529
-0.635286
-0.635281
-0.635277
-0.635272
-0.635267
-0.635263
-0.635258
-0.635254
-0.635249
-0.635244
-0.63524
-0.635235
-0.635231
-0.635226
-0.635222
-0.635217
-0.635212
-0.635208
-0.635203
-0.635199
-0.635194
-0.635189
-0.635185
-0.63518
-0.635176
-0.635171
-0.635166
-0.635162
-0.635157
-0.635153
-0.635148
-0.635144
-0.635139
-0.635134
-0.63513
-0.635125
-0.635121
-0.635116
-0.635111
-0.635107
-0.635102
-0.635098
-0.635093
-0.635088
-0.635084
-0.635079
-0.635075
-0.63507
-0.635065
-0.635061
-0.635056
-0.635052
-0.635047
-0.635043
-0.635038
-0.635033
-0.635029
-0.635024
-0.63502
-0.635015
-0.63501
-0.635006
-0.635001
-0.634997
-0.634992
-0.634987
-0.634983
-0.634978
-0.634974
-0.634969
-0.634964
-0.63496
-0.634955
-0.634951
-0.634946
-0.634942
-0.634937
-0.634932
-0.634928
-0.634923
-0.634919
-0.634914
-0.634909
-0.634905
-0.6349
-0.634896
-0.634891
-0.634886
-0.634882
-0.634877
-0.634873
-0.634868
-0.634863
-0.634859
-0.634854
-0.63485
-0.634845
-0.63484
-0.634836
-0.634831
-0.634827
-0.634822
-0.634818
-0.634813
-0.634808
-0.634804
-0.634799
-0.634795
-0.63479
-0.634785
-0.634781
-0.634776
-0.634772
-0.634767
-0.634762
-0.634758
-0.634753
-0.634749
-0.634744
-0.634739
-0.634735
-0.63473
-0.634726
-0.634721
-0.634716
-0.634712
-0.634707
-0.634703
-0.634698
-0.634693
-0.634689
-0.634684
-0.63468
-0.634675
-0.63467
-0.634666
-0.634661
-0.634657
-0.634652
-0.634647
-0.634643
-0.634638
-0.634634
-0.634629
-0.634624
-0.63462
-0.634615
-0.634611
-0.634606
-0.634602
-0.634597
-0.634592
-0.634588
-0.634583
-0.634579
-0.634574
-0.634569
-0.634565
-0.63456
-0.634556
-0.634551
-0.634546
-0.634542
-0.634537
-0.634533
-0.634528
-0.634523
-0.634519
-0.634514
-0.63451
-0.634505
-0.6345
-0.634496
-0.634491
-0.634487
-0.634482
-0.634477
-0.634473
-0.634468
-0.634464
-0.634459
-0.634454
-0.63445
-0.634445
-0.634441
-0.634436
-0.634431
-0.634427
-0.634422
-0.634418
-0.634413
-0.634408
-0.634404
-0.634399
-0.634395
-0.63439
-0.634385
-0.634381
-0.634376
-0.634372
-0.634367
-0.634362
-0.634358
-0.634353
-0.634349
-0.634344
-0.634339
-0.634335
-0.63433
-0.634326
-0.634321
-0.634316
-0.634312
-0.634307
-0.634303
-0.634298
-0.634293
-0.634289
-0.634284
-0.63428
-0.634275
-0.63427
-0.634266
-0.634261
-0.634257
-0.634252
-0.634247
-0.634243
-0.634238
-0.634234
-0.634229
-0.634224
-0.63422
-0.634215
-0.634211
-0.634206
-0.634201
-0.634197
-0.634192
-0.634188
-0.634183
-0.634178
-0.634174
-0.634169
-0.634165
-0.63416
-0.634155
-0.634151
-0.634146
-0.634141
-0.634137
-0.634132
-0.634128
-0.634123
-0.634118
-0.634114
-0.634109
-0.634105
-0.6341
-0.634095
-0.634091
-0.634086
-0.634082
-0.634077
-0.634072
-0.634068
-0.634063
-0.634059
-0.634054
-0.634049
-0.634045
-0.63404
-0.634036
-0.634031
-0.634026
-0.634022
-0.634017
-0.634013
-0.634008
-0.634003
-0.633999
-0.633994
-0.63399
-0.633985
-0.63398
-0.633976
-0.633971
-0.633967
-0.633962
-0.633957
-0.633953
-0.633948
-0.633943
-0.633939
-0.633934
-0.63393
-0.633925
-0.63392
-0.633916
-0.633911
-0.633907
-0.633902
-0.633897
-0.633893
-0.633888
-0.633884
-0.633879
-0.633874
-0.63387
-0.633865
-0.633861
-0.633856
-0.633851
-0.633847
-0.633842
-0.633838
-0.633833
-0.633828
-0.633824
-0.633819
-0.633814
-0.63381
-0.633805
-0.633801
-0.633796
-0.633791
-0.633787
-0.633782
-0.633778
-0.633773
-0.633768
-0.633764
-0.633759
-0.633755
-0.63375
-0.633745
-0.633741
-0.633736
-0.633732
-0.633727
-0.633722
-0.633718
-0.633713
-0.633708
-0.633704
-0.633699
-0.633695
-0.63369
-0.633685
-0.633681
-0.633676
-0.633672
-0.633667
-0.633662
-0.633658
-0.633653
-0.633649
-0.633644
-0.633639
-0.633635
-0.63363
-0.633626
-0.633621
-0.633616
-0.633612
-0.633607
-0.633602
-0.633598
-0.633593
-0.633589
-0.633584
-0.633579
-0.633575
-0.63357
-0.633566
-0.633561
-0.633556
-0.633552
-0.633547
-0.633543
-0.633538
-0.633533
-0.633529
-0.633524
-0.633519
-0.633515
-0.63351
-0.633506
-0.633501
-0.633496
-0.633492
-0.633487
-0.633483
-0.633478
-0.633473
-0.633469
-0.633464
-0.633459
-0.633455
-0.63345
-0.633446
-0.633441
-0.633436
-0.633432
-0.633427
-0.633423
-0.633418
-0.633413
-0.633409
-0.633404
-0.6334
-0.633395
-0.63339
-0.633386
-0.633381
-0.633376
-0.633372
-0.633367
-0.633363
-0.633358
-0.633353
-0.633349
-0.633344
-0.63334
-0.633335
-0.63333
-0.633326
-0.633321
-0.633316
-0.633312
-0.633307
-0.633303
-0.633298
-0.633293
-0.633289
-0.633284
-0.63328
-0.633275
-0.63327
-0.633266
-0.633261
-0.633256
-0.633252
-0.633247
-0.633243
-0.633238
-0.633233
-0.633229
-0.633224
-0.63322
-0.633215
-0.63321
-0.633206
-0.633201
-0.633196
-0.633192
-0.633187
-0.633183
-0.633178
-0.633173
-0.633169
-0.633164
-0.63316
-0.633155
-0.63315
-0.633146
-0.633141
-0.633136
-0.633132
-0.633127
-0.633123
-0.633118
-0.633113
-0.633109
-0.633104
-0.633099
-0.633095
-0.63309
-0.633086
-0.633081
-0.633076
-0.633072
-0.633067
-0.633063
-0.633058
-0.633053
-0.633049
-0.633044
-0.633039
-0.633035
-0.63303
-0.633026
-0.633021
-0.633016
-0.633012
-0.633007
-0.633003
-0.632998
-0.632993
-0.632989
-0.632984
-0.632979
-0.632975
-0.63297
-0.632966
-0.632961
-0.632956
-0.632952
-0.632947
-0.632942
-0.632938
-0.632933
-0.632929
-0.632924
-0.632919
-0.632915
-0.63291
-0.632905
-0.632901
-0.632896
-0.632892
-0.632887
-0.632882
-0.632878
-0.632873
-0.632869
-0.632864
-0.632859
-0.632855
-0.63285
-0.632845
-0.632841
-0.632836
-0.632832
-0.632827
-0.632822
-0.632818
-0.632813
-0.632808
-0.632804
-0.632799
-0.632795
-0.63279
-0.632785
-0.632781
-0.632776
-0.632771
-0.632767
-0.632762
-0.632758
-0.632753
-0.632748
-0.632744
-0.632739
-0.632734
-0.63273
-0.632725
-0.632721
-0.632716
-0.632711
-0.632707
-0.632702
-0.632698
-0.632693
-0.632688
-0.632684
-0.632679
-0.632674
-0.63267
-0.632665
-0.632661
-0.632656
-0.632651
-0.632647
-0.632642
-0.632637
-0.632633
-0.632628
-0.632624
-0.632619
-0.632614
-0.63261
-0.632605
-0.6326
-0.632596
-0.632591
-0.632587
-0.632582
-0.632577
-0.632573
-0.632568
-0.632563
-0.632559
-0.632554
-0.63255
-0.632545
-0.63254
-0.632536
-0.632531
-0.632526
-0.632522
-0.632517
-0.632513
-0.632508
-0.632503
-0.632499
-0.632494
-0.632489
-0.632485
-0.63248
-0.632476
-0.632471
-0.632466
-0.632462
-0.632457
-0.632452
-0.632448
-0.632443
-0.632439
-0.632434
-0.632429
-0.632425
-0.63242
-0.632415
-0.632411
-0.632406
-0.632401
-0.632397
-0.632392
-0.632388
-0.632383
-0.632378
-0.632374
-0.632369
-0.632364
-0.63236
-0.632355
-0.632351
-0.632346
-0.632341
-0.632337
-0.632332
-0.632327
-0.632323
-0.632318
-0.632314
-0.632309
-0.632304
-0.6323
-0.632295
-0.63229
-0.632286
-0.632281
-0.632277
-0.632272
-0.632267
-0.632263
-0.632258
-0.632253
-0.632249
-0.632244
-0.63224
-0.632235
-0.63223
-0.632226
-0.632221
-0.632216
-0.632212
-0.632207
-0.632202
-0.632198
-0.632193
-0.632189
-0.632184
-0.632179
-0.632175
-0.63217
-0.632165
-0.632161
-0.632156
-0.632152
-0.632147
-0.632142
-0.632138
-0.632133
-0.632128
-0.632124
-0.632119
-0.632114
-0.63211
-0.632105
-0.632101
-0.632096
-0.632091
-0.632087
-0.632082
-0.632077
-0.632073
-0.632068
-0.632064
-0.632059
-0.632054
-0.63205
-0.632045
-0.63204
-0.632036
-0.632031
-0.632026
-0.632022
-0.632017
-0.632013
-0.632008
-0.632003
-0.631999
-0.631994
-0.631989
-0.631985
-0.63198
-0.631976
-0.631971
-0.631966
-0.631962
-0.631957
-0.631952
-0.631948
-0.631943
-0.631938
-0.631934
-0.631929
-0.631925
-0.63192
-0.631915
-0.631911
-0.631906
-0.631901
-0.631897
-0.631892
-0.631887
-0.631883
-0.631878
-0.631874
-0.631869
-0.631864
-0.63186
-0.631855
-0.63185
-0.631846
-0.631841
-0.631836
-0.631832
-0.631827
-0.631823
-0.631818
-0.631813
-0.631809
-0.631804
-0.631799
-0.631795
-0.63179
-0.631786
-0.631781
-0.631776
-0.631772
-0.631767
-0.631762
-0.631758
-0.631753
-0.631748
-0.631744
-0.631739
-0.631735
-0.63173
-0.631725
-0.631721
-0.631716
-0.631711
-0.631707
-0.631702
-0.631697
-0.631693
-0.631688
-0.631684
-0.631679
-0.631674
-0.63167
-0.631665
-0.63166
-0.631656
-0.631651
-0.631646
-0.631642
-0.631637
-0.631632
-0.631628
-0.631623
-0.631619
-0.631614
-0.631609
-0.631605
-0.6316
-0.631595
-0.631591
-0.631586
-0.631581
-0.631577
-0.631572
-0.631568
-0.631563
-0.631558
-0.631554
-0.631549
-0.631544
-0.63154
-0.631535
-0.63153
-0.631526
-0.631521
-0.631517
-0.631512
-0.631507
-0.631503
-0.631498
-0.631493
-0.631489
-0.631484
-0.631479
-0.631475
-0.63147
-0.631465
-0.631461
-0.631456
-0.631452
-0.631447
-0.631442
-0.631438
-0.631433
-0.631428
-0.631424
-0.631419
-0.631414
-0.63141
-0.631405
-0.631401
-0.631396
-0.631391
-0.631387
-0.631382
-0.631377
-0.631373
-0.631368
-0.631363
-0.631359
-0.631354
-0.631349
-0.631345
-0.63134
-0.631336
-0.631331
-0.631326
-0.631322
-0.631317
-0.631312
-0.631308
-0.631303
-0.631298
-0.631294
-0.631289
-0.631284
-0.63128
-0.631275
-0.631271
-0.631266
-0.631261
-0.631257
-0.631252
-0.631247
-0.631243
-0.631238
-0.631233
-0.631229
-0.631224
-0.631219
-0.631215
-0.63121
-0.631206
-0.631201
-0.631196
-0.631192
-0.631187
-0.631182
-0.631178
-0.631173
-0.631168
-0.631164
-0.631159
-0.631154
-0.63115
-0.631145
-0.631141
-0.631136
-0.631131
-0.631127
-0.631122
-0.631117
-0.631113
-0.631108
-0.631103
-0.631099
-0.631094
-0.631089
-0.631085
-0.63108
-0.631076
-0.631071
-0.631066
-0.631062
-0.631057
-0.631052
-0.631048
-0.631043
-0.631038
-0.631034
-0.631029
-0.631024
-0.63102
-0.631015
-0.63101
-0.631006
-0.631001
-0.630997
-0.630992
-0.630987
-0.630983
-0.630978
-0.630973
-0.630969
-0.630964
-0.630959
-0.630955
-0.63095
-0.630945
-0.630941
-0.630936
-0.630931
-0.630927
-0.630922
-0.630918
-0.630913
-0.630908
-0.630904
-0.630899
-0.630894
-0.63089
-0.630885
-0.63088
-0.630876
-0.630871
-0.630866
-0.630862
-0.630857
-0.630852
-0.630848
-0.630843
-0.630839
-0.630834
-0.630829
-0.630825
-0.63082
-0.630815
-0.630811
-0.630806
-0.630801
-0.630797
-0.630792
-0.630787
-0.630783
-0.630778
-0.630773
-0.630769
-0.630764
-0.630759
-0.630755
-0.63075
-0.630746
-0.630741
-0.630736
-0.630732
-0.630727
-0.630722
-0.630718
-0.630713
-0.630708
-0.630704
-0.630699
-0.630694
-0.63069
-0.630685
-0.63068
-0.630676
-0.630671
-0.630666
-0.630662
-0.630657
-0.630653
-0.630648
-0.630643
-0.630639
-0.630634
-0.630629
-0.630625
-0.63062
-0.630615
-0.630611
-0.630606
-0.630601
-0.630597
-0.630592
-0.630587
-0.630583
-0.630578
-0.630573
-0.630569
-0.630564
-0.63056
-0.630555
-0.63055
-0.630546
-0.630541
-0.630536
-0.630532
-0.630527
-0.630522
-0.630518
-0.630513
-0.630508
-0.630504
-0.630499
-0.630494
-0.63049
-0.630485
-0.63048
-0.630476
-0.630471
-0.630466
-0.630462
-0.630457
-0.630452
-0.630448
-0.630443
-0.630439
-0.630434
-0.630429
-0.630425
-0.63042
-0.630415
-0.630411
-0.630406
-0.630401
-0.630397
-0.630392
-0.630387
-0.630383
-0.630378
-0.630373
-0.630369
-0.630364
-0.630359
-0.630355
-0.63035
-0.630345
-0.630341
-0.630336
-0.630331
-0.630327
-0.630322
-0.630318
-0.630313
-0.630308
-0.630304
-0.630299
-0.630294
-0.63029
-0.630285
-0.63028
-0.630276
-0.630271
-0.630266
-0.630262
-0.630257
-0.630252
-0.630248
-0.630243
-0.630238
-0.630234
-0.630229
-0.630224
-0.63022
-0.630215
-0.63021
-0.630206
-0.630201
-0.630196
-0.630192
-0.630187
-0.630182
-0.630178
-0.630173
-0.630168
-0.630164
-0.630159
-0.630155
-0.63015
-0.630145
-0.630141
-0.630136
-0.630131
-0.630127
-0.630122
-0.630117
-0.630113
-0.630108
-0.630103
-0.630099
-0.630094
-0.630089
-0.630085
-0.63008
-0.630075
-0.630071
-0.630066
-0.630061
-0.630057
-0.630052
-0.630047
-0.630043
-0.630038
-0.630033
-0.630029
-0.630024
-0.630019
-0.630015
-0.63001
-0.630005
-0.630001
-0.629996
-0.629991
-0.629987
-0.629982
-0.629977
-0.629973
-0.629968
-0.629963
-0.629959
-0.629954
-0.62995
-0.629945
-0.62994
-0.629936
-0.629931
-0.629926
-0.629922
-0.629917
-0.629912
-0.629908
-0.629903
-0.629898
-0.629894
-0.629889
-0.629884
-0.62988
-0.629875
-0.62987
-0.629866
-0.629861
-0.629856
-0.629852
-0.629847
-0.629842
-0.629838
-0.629833
-0.629828
-0.629824
-0.629819
-0.629814
-0.62981
-0.629805
-0.6298
-0.629796
-0.629791
-0.629786
-0.629782
-0.629777
-0.629772
-0.629768
-0.629763
-0.629758
-0.629754
-0.629749
-0.629744
-0.62974
-0.629735
-0.62973
-0.629726
-0.629721
-0.629716
-0.629712
-0.629707
-0.629702
-0.629698
-0.629693
-0.629688
