-0
1.14679e-05
3.44038e-05
6.88078e-05
0.00011468
0.00017202
0.000240828
0.000321105
0.00041285
0.000516064
0.000630746
0.000756896
0.000894515
0.0010436
0.00120416
0.00137618
0.00155968
0.00175464
0.00196107
0.00217897
0.00240834
0.00264918
0.00290149
0.00316527
0.00344052
0.00372723
0.00402542
0.00433507
0.00465619
0.00498879
0.00533285
0.00568838
0.00605538
0.00643385
0.00682379
0.0072252
0.00763808
0.00806243
0.00849825
0.00894553
0.00940429
0.00987451
0.0103562
0.0108494
0.011354
0.0118701
0.0123977
0.0129367
0.0134872
0.0140492
0.0146226
0.0152075
0.0158039
0.0164118
0.0170311
0.0176619
0.0183041
0.0189578
0.019623
0.0202996
0.0209878
0.0216873
0.0223984
0.0231209
0.0238549
0.0246003
0.0253572
0.0261255
0.0269054
0.0276967
0.0284994
0.0293136
0.0301393
0.0309764
0.031825
0.032685
0.0335565
0.0344395
0.0353339
0.0362397
0.0371571
0.0380858
0.0390261
0.0399777
0.0409409
0.0419154
0.0429014
0.0438989
0.0449078
0.0459282
0.04696
0.0480032
0.0490579
0.050124
0.0512016
0.0522905
0.053391
0.0545028
0.0556261
0.0567608
0.057907
0.0590645
0.0602335
0.0614139
0.0626058
0.063809
0.0650237
0.0662497
0.0674872
0.0687361
0.0699964
0.0712681
0.0725512
0.0738457
0.0751516
0.0764689
0.0777975
0.0791376
0.080489
0.0818518
0.083226
0.0846116
0.0860085
0.0874168
0.0888365
0.0902675
0.0917099
0.0931636
0.0946287
0.0961052
0.0975929
0.099092
0.100602
0.102124
0.103657
0.105202
0.106757
0.108324
0.109903
0.111492
0.113093
0.114705
0.116329
0.117964
0.11961
0.121267
0.122935
0.124615
0.126306
0.128009
0.129722
0.131447
0.133183
0.13493
0.136688
0.138458
0.140239
0.142031
0.143834
0.145648
0.147474
0.14931
0.151158
0.153017
0.154887
0.156768
0.15866
0.160564
0.162478
0.164404
0.16634
0.168288
0.170247
0.172216
0.174197
0.176189
0.178192
0.180206
0.182231
0.184266
0.186313
0.188371
0.19044
0.192519
0.19461
0.196711
0.198824
0.200947
0.203081
0.205226
0.207382
0.209548
0.211726
0.213914
0.216113
0.218323
0.220543
0.222775
0.225017
0.22727
0.229533
0.231807
0.234092
0.236387
0.238694
0.24101
0.243338
0.245675
0.248024
0.250383
0.252752
0.255132
0.257523
0.259924
0.262335
0.264757
0.26719
0.269632
0.272085
0.274549
0.277022
0.279506
0.282001
0.284505
0.28702
0.289545
0.29208
0.294626
0.297181
0.299747
0.302322
0.304908
0.307504
0.31011
0.312726
0.315352
0.317987
0.320633
0.323289
0.325954
0.328629
0.331315
0.334009
0.336714
0.339428
0.342152
0.344886
0.347629
0.350382
0.353145
0.355917
0.358698
0.361489
0.36429
0.367099
0.369918
0.372747
0.375585
0.378432
0.381288
0.384153
0.387028
0.389912
0.392805
0.395706
0.398617
0.401537
0.404466
0.407403
0.41035
0.413305
0.416269
0.419242
0.422223
0.425213
0.428212
0.431219
0.434234
0.437259
0.440291
0.443332
0.446381
0.449438
0.452504
0.455578
0.45866
0.46175
0.464848
0.467954
0.471068
0.474189
0.477319
0.480456
0.483601
0.486754
0.489914
0.493082
0.496258
0.49944
0.50263
0.505828
0.509032
0.512244
0.515463
0.518689
0.521922
0.525162
0.528409
0.531663
0.534923
0.53819
0.541464
0.544745
0.548031
0.551324
0.554624
0.55793
0.561242
0.56456
0.567884
0.571215
0.574551
0.577893
0.58124
0.584594
0.587953
0.591317
0.594687
0.598063
0.601444
0.604829
0.608221
0.611617
0.615018
0.618424
0.621834
0.62525
0.62867
0.632095
0.635524
0.638957
0.642395
0.645836
0.649282
0.652732
0.656186
0.659644
0.663105
0.66657
0.670038
0.67351
0.676985
0.680463
0.683944
0.687428
0.690916
0.694406
0.697898
0.701393
0.704891
0.708391
0.711893
0.715397
0.718903
0.722411
0.725921
0.729433
0.732946
0.73646
0.739976
0.743493
0.747011
0.75053
0.754049
0.75757
0.76109
0.764612
0.768133
0.771655
0.775176
0.778698
0.782219
0.78574
0.78926
0.792779
0.796298
0.799816
0.803333
0.806848
0.810362
0.813874
0.817385
0.820894
0.824401
0.827905
0.831408
0.834908
0.838405
0.841899
0.845391
0.848879
0.852364
0.855846
0.859324
0.862798
0.866268
0.869734
0.873196
0.876654
0.880106
0.883554
0.886997
0.890435
0.893867
0.897294
0.900715
0.90413
0.907539
0.910942
0.914338
0.917728
0.92111
0.924486
0.927854
0.931215
0.934568
0.937913
0.94125
0.944579
0.9479
0.951211
0.954514
0.957808
0.961092
0.964366
0.967631
0.970886
0.974131
0.977365
0.980589
0.983801
0.987003
0.990193
0.993372
0.996538
0.999693
1.00284
1.00597
1.00908
1.01219
1.01528
1.01835
1.02142
1.02447
1.0275
1.03052
1.03353
1.03652
1.0395
1.04246
1.0454
1.04833
1.05124
1.05414
1.05702
1.05988
1.06273
1.06555
1.06836
1.07115
1.07393
1.07668
1.07942
1.08213
1.08483
1.0875
1.09016
1.0928
1.09541
1.09801
1.10058
1.10313
1.10566
1.10817
1.11065
1.11312
1.11555
1.11797
1.12036
1.12273
1.12508
1.1274
1.12969
1.13196
1.13421
1.13643
1.13862
1.14079
1.14293
1.14505
1.14713
1.14919
1.15122
1.15323
1.1552
1.15715
1.15907
1.16096
1.16281
1.16464
1.16644
1.16821
1.16995
1.17165
1.17333
1.17497
1.17658
1.17816
1.17971
1.18122
1.1827
1.18415
1.18556
1.18694
1.18828
1.18959
1.19086
1.1921
1.1933
1.19447
1.1956
1.19669
1.19775
1.19877
1.19975
1.2007
1.2016
1.20247
1.2033
1.20409
1.20484
1.20555
1.20623
1.20686
1.20745
1.208
1.20851
1.20898
1.20941
1.2098
1.21014
1.21044
1.2107
1.21092
1.2111
1.21123
1.21131
1.21136
1.21136
1.21131
1.21123
1.21109
1.21092
1.21069
1.21042
1.21011
1.20975
1.20935
1.20889
1.2084
1.20785
1.20726
1.20662
1.20594
1.20521
1.20443
1.2036
1.20272
1.2018
1.20083
1.19981
1.19874
1.19762
1.19646
1.19524
1.19398
1.19266
1.1913
1.18989
1.18843
1.18691
1.18535
1.18374
1.18208
1.18037
1.1786
1.17679
1.17493
1.17301
1.17105
1.16904
1.16698
1.16487
1.16272
1.16052
1.15828
1.15598
1.15364
1.15126
1.14883
1.14635
1.14383
1.14127
1.13866
1.136
1.1333
1.13055
1.12776
1.12493
1.12205
1.11913
1.11617
1.11316
1.11011
1.10702
1.10389
1.10071
1.09749
1.09423
1.09093
1.08759
1.0842
1.08078
1.07731
1.07381
1.07026
1.06668
1.06305
1.05939
1.05568
1.05194
1.04816
1.04434
1.04048
1.03659
1.03266
1.02869
1.02468
1.02064
1.01656
1.01244
1.00829
1.0041
0.999878
0.995619
0.991325
0.986997
0.982634
0.978237
0.973806
0.969341
0.964843
0.960311
0.955747
0.95115
0.946521
0.94186
0.937166
0.932441
0.927685
0.922898
0.91808
0.913231
0.908352
0.903443
0.898504
0.893535
0.888538
0.883511
0.878455
0.873371
0.868259
0.863118
0.85795
0.852754
0.847531
0.842281
0.837005
0.831702
0.826372
0.821017
0.815635
0.810228
0.804796
0.799339
0.793858
0.788351
0.78282
0.777266
0.771687
0.766085
0.76046
0.754811
0.74914
0.743446
0.73773
0.731991
0.726231
0.720449
0.714646
0.708821
0.702975
0.697109
0.691222
0.685315
0.679388
0.673441
0.667475
0.661489
0.655484
0.64946
0.643417
0.637356
0.631277
0.62518
0.619065
0.612932
0.606782
0.600614
0.59443
0.588229
0.582012
0.575778
0.569528
0.563263
0.556981
0.550685
0.544373
0.538046
0.531704
0.525347
0.518976
0.512591
0.506192
0.499779
0.493353
0.486913
0.48046
0.473994
0.467515
0.461024
0.45452
0.448004
0.441476
0.434936
0.428385
0.421822
0.415248
0.408663
0.402067
0.39546
0.388843
0.382216
0.375579
0.368932
0.362275
0.355608
0.348932
0.342248
0.335554
0.328851
0.32214
0.315421
0.308693
0.301957
0.295213
0.288462
0.281703
0.274937
0.268164
0.261384
0.254597
0.247804
0.241004
0.234198
0.227386
0.220568
0.213744
0.206915
0.20008
0.193241
0.186396
0.179547
0.172692
0.165834
0.158971
0.152104
0.145233
0.138359
0.131481
0.124599
0.117714
0.110826
0.103935
0.0970418
0.0901457
0.0832473
0.0763466
0.0694439
0.0625393
0.0556331
0.0487253
0.0418162
0.0349059
0.0279946
0.0210824
0.0141696
0.00725634
0.000342728
-0.00657104
-0.0134848
-0.0203983
-0.0273115
-0.0342242
-0.0411362
-0.0480472
-0.0549573
-0.0618661
-0.0687735
-0.0756794
-0.0825835
-0.0894858
-0.0963859
-0.103284
-0.110179
-0.117072
-0.123962
-0.13085
-0.137734
-0.144614
-0.151492
-0.158365
-0.165235
-0.172101
-0.178963
-0.185821
-0.192673
-0.199522
-0.206365
-0.213204
-0.220037
-0.226865
-0.233687
-0.240503
-0.247314
-0.254118
-0.260916
-0.267708
-0.274493
-0.281272
-0.288043
-0.294807
-0.301564
-0.308313
-0.315054
-0.321788
-0.328514
-0.335231
-0.34194
-0.34864
-0.355331
-0.362013
-0.368686
-0.37535
-0.382004
-0.388648
-0.395283
-0.401907
-0.408521
-0.415124
-0.421717
-0.428298
-0.434869
-0.441428
-0.447976
-0.454512
-0.461036
-0.467548
-0.474048
-0.480535
-0.48701
-0.493472
-0.49992
-0.506356
-0.512777
-0.519185
-0.52558
-0.53196
-0.538326
-0.544677
-0.551013
-0.557335
-0.563641
-0.569932
-0.576208
-0.582467
-0.588711
-0.594939
-0.60115
-0.607344
-0.613522
-0.619682
-0.625825
-0.631951
-0.638059
-0.644149
-0.650221
-0.656274
-0.662309
-0.668325
-0.674321
-0.680299
-0.686257
-0.692195
-0.698113
-0.704011
-0.709889
-0.715746
-0.721582
-0.727396
-0.73319
-0.738961
-0.744711
-0.750439
-0.756145
-0.761828
-0.767488
-0.773125
-0.778738
-0.784329
-0.789895
-0.795437
-0.800955
-0.806449
-0.811918
-0.817362
-0.82278
-0.828173
-0.83354
-0.838882
-0.844197
-0.849485
-0.854747
-0.859981
-0.865189
-0.870368
-0.875521
-0.880645
-0.88574
-0.890807
-0.895846
-0.900855
-0.905835
-0.910785
-0.915706
-0.920596
-0.925456
-0.930285
-0.935084
-0.939851
-0.944587
-0.949291
-0.953963
-0.958603
-0.963211
-0.967785
-0.972327
-0.976836
-0.981311
-0.985752
-0.990159
-0.994532
-0.99887
-1.00317
-1.00744
-1.01168
-1.01587
-1.02003
-1.02416
-1.02825
-1.0323
-1.03632
-1.04029
-1.04424
-1.04814
-1.052
-1.05583
-1.05962
-1.06337
-1.06708
-1.07075
-1.07438
-1.07798
-1.08153
-1.08504
-1.08851
-1.09194
-1.09533
-1.09868
-1.10199
-1.10525
-1.10848
-1.11166
-1.1148
-1.1179
-1.12095
-1.12396
-1.12693
-1.12985
-1.13273
-1.13557
-1.13836
-1.14111
-1.14381
-1.14647
-1.14908
-1.15165
-1.15417
-1.15665
-1.15908
-1.16146
-1.1638
-1.16609
-1.16834
-1.17053
-1.17269
-1.17479
-1.17685
-1.17886
-1.18082
-1.18273
-1.1846
-1.18642
-1.18818
-1.18991
-1.19158
-1.1932
-1.19478
-1.1963
-1.19778
-1.1992
-1.20058
-1.20191
-1.20319
-1.20442
-1.20559
-1.20672
-1.2078
-1.20883
-1.20981
-1.21074
-1.21161
-1.21244
-1.21322
-1.21394
-1.21462
-1.21524
-1.21581
-1.21633
-1.21681
-1.21723
-1.21759
-1.21791
-1.21818
-1.21839
-1.21856
-1.21867
-1.21873
-1.21875
-1.2187
-1.21861
-1.21847
-1.21828
-1.21803
-1.21774
-1.21739
-1.21699
-1.21654
-1.21604
-1.21549
-1.21489
-1.21423
-1.21353
-1.21277
-1.21197
-1.21111
-1.21021
-1.20925
-1.20824
-1.20718
-1.20608
-1.20492
-1.20371
-1.20245
-1.20115
-1.19979
-1.19838
-1.19693
-1.19542
-1.19387
-1.19226
-1.19061
-1.18891
-1.18716
-1.18536
-1.18351
-1.18162
-1.17968
-1.17769
-1.17565
-1.17356
-1.17143
-1.16925
-1.16702
-1.16475
-1.16242
-1.16006
-1.15764
-1.15518
-1.15268
-1.15013
-1.14753
-1.14489
-1.1422
-1.13947
-1.1367
-1.13388
-1.13101
-1.1281
-1.12515
-1.12215
-1.11911
-1.11603
-1.11291
-1.10974
-1.10653
-1.10328
-1.09998
-1.09665
-1.09327
-1.08985
-1.08639
-1.08289
-1.07935
-1.07577
-1.07215
-1.06849
-1.06479
-1.06105
-1.05727
-1.05345
-1.0496
-1.04571
-1.04177
-1.0378
-1.0338
-1.02975
-1.02567
-1.02156
-1.0174
-1.01321
-1.00899
-1.00473
-1.00043
-0.996098
-0.991731
-0.98733
-0.982894
-0.978425
-0.973922
-0.969385
-0.964815
-0.960211
-0.955576
-0.950907
-0.946207
-0.941474
-0.93671
-0.931915
-0.927088
-0.92223
-0.917342
-0.912423
-0.907474
-0.902496
-0.897487
-0.89245
-0.887383
-0.882288
-0.877163
-0.87202
-0.866856
-0.861674
-0.856474
-0.851255
-0.846019
-0.840765
-0.835494
-0.830206
-0.824903
-0.819583
-0.814248
-0.808897
-0.803532
-0.798152
-0.792759
-0.787351
-0.78193
-0.776496
-0.771049
-0.76559
-0.760119
-0.754636
-0.749141
-0.743636
-0.738119
-0.732592
-0.727055
-0.721508
-0.715952
-0.710386
-0.704812
-0.699228
-0.693637
-0.688037
-0.682429
-0.676814
-0.671192
-0.665563
-0.659927
-0.654284
-0.648636
-0.642982
-0.637322
-0.631657
-0.625986
-0.620311
-0.614632
-0.608948
-0.60326
-0.597568
-0.591872
-0.586173
-0.580472
-0.574767
-0.56906
-0.56335
-0.557638
-0.551924
-0.546208
-0.540491
-0.534773
-0.529053
-0.523333
-0.517612
-0.511891
-0.506169
-0.500448
-0.494726
-0.489005
-0.483285
-0.477565
-0.471846
-0.466129
-0.460412
-0.454698
-0.448985
-0.443274
-0.437565
-0.431858
-0.426154
-0.420452
-0.414753
-0.409057
-0.403365
-0.397675
-0.391989
-0.386307
-0.380628
-0.374953
-0.369283
-0.363617
-0.357955
-0.352297
-0.346645
-0.340997
-0.335355
-0.329717
-0.324085
-0.318458
-0.312837
-0.307222
-0.301612
-0.296009
-0.290411
-0.28482
-0.279235
-0.273657
-0.268086
-0.262521
-0.256963
-0.251413
-0.245869
-0.240333
-0.234804
-0.229283
-0.223769
-0.218263
-0.212765
-0.207275
-0.201793
-0.19632
-0.190854
-0.185397
-0.179949
-0.174509
-0.169078
-0.163656
-0.158243
-0.152838
-0.147443
-0.142058
-0.136681
-0.131314
-0.125957
-0.120609
-0.115271
-0.109943
-0.104624
-0.0993159
-0.0940177
-0.0887295
-0.0834516
-0.0781841
-0.072927
-0.0676804
-0.0624443
-0.057219
-0.0520043
-0.0468005
-0.0416076
-0.0364257
-0.0312548
-0.026095
-0.0209465
-0.0158092
-0.0106832
-0.00556869
-0.000465632
0.00462588
0.00970578
0.014774
0.0198305
0.0248751
0.0299079
0.0349287
0.0399375
0.0449343
0.0499189
0.0548914
0.0598516
0.0647995
0.0697351
0.0746582
0.0795689
0.0844671
0.0893526
0.0942256
0.0990858
0.103933
0.108768
0.11359
0.118399
0.123195
0.127978
0.132748
0.137505
0.142249
0.14698
0.151697
0.156402
0.161093
0.16577
0.170435
0.175086
0.179723
0.184347
0.188957
0.193554
0.198137
0.202707
0.207263
0.211805
0.216333
0.220848
0.225349
0.229836
0.234309
0.238768
0.243214
0.247645
0.252063
0.256466
0.260855
0.26523
0.269591
0.273938
0.278271
0.28259
0.286894
0.291185
0.295461
0.299722
0.30397
0.308203
0.312422
0.316626
0.320816
0.324992
0.329153
0.3333
0.337432
0.34155
0.345654
0.349742
0.353817
0.357877
0.361922
0.365953
0.369969
0.373971
0.377958
0.381931
0.385888
0.389832
0.39376
0.397674
0.401574
0.405459
0.409329
0.413184
0.417025
0.420851
0.424662
0.428459
0.432241
0.436008
0.43976
0.443498
0.447221
0.45093
0.454623
0.458302
0.461966
0.465616
0.469251
0.472871
0.476476
0.480067
0.483643
0.487204
0.49075
0.494282
0.497799
0.501301
0.504789
0.508262
0.51172
0.515164
0.518592
0.522007
0.525406
0.528791
0.532161
0.535517
0.538857
0.542184
0.545495
0.548792
0.552075
0.555343
0.558596
0.561834
0.565059
0.568268
0.571463
0.574644
0.577809
0.580961
0.584098
0.58722
0.590328
0.593422
0.596501
0.599566
0.602616
0.605652
0.608673
0.611681
0.614673
0.617652
0.620616
0.623566
0.626502
0.629423
0.63233
0.635223
0.638102
0.640966
0.643817
0.646653
0.649475
0.652283
0.655077
0.657857
0.660623
0.663375
0.666112
0.668836
0.671546
0.674242
0.676924
0.679592
0.682247
0.684887
0.687514
0.690127
0.692726
0.695311
0.697883
0.700441
0.702985
0.705516
0.708033
0.710537
0.713027
0.715503
0.717966
0.720415
0.722851
0.725274
0.727683
0.730079
0.732461
0.73483
0.737186
0.739528
0.741858
0.744174
0.746477
0.748767
0.751043
0.753307
0.755557
0.757795
0.760019
0.762231
0.764429
0.766615
0.768788
0.770948
0.773095
0.775229
0.777351
0.77946
0.781556
0.78364
0.78571
0.787769
0.789814
0.791848
0.793868
0.795877
0.797872
0.799856
0.801827
0.803786
0.805732
0.807666
0.809588
0.811498
0.813395
0.81528
0.817154
0.819015
0.820864
0.822701
0.824526
0.826339
0.828141
0.82993
0.831708
0.833473
0.835227
0.83697
0.8387
0.840419
0.842126
0.843822
0.845506
0.847178
0.848839
0.850489
0.852127
0.853754
0.855369
0.856973
0.858566
0.860147
0.861717
0.863276
0.864824
0.866361
0.867887
0.869401
0.870905
0.872397
0.873879
0.875349
0.876809
0.878258
0.879696
0.881124
0.88254
0.883946
0.885341
0.886725
0.888099
0.889463
0.890815
0.892157
0.893489
0.89481
0.896121
0.897422
0.898712
0.899992
0.901261
0.90252
0.903769
0.905008
0.906237
0.907455
0.908664
0.909862
0.91105
0.912229
0.913397
0.914555
0.915704
0.916843
0.917972
0.919091
0.9202
0.921299
0.922389
0.923469
0.92454
0.9256
0.926652
0.927693
0.928726
0.929748
0.930761
0.931765
0.93276
0.933745
0.93472
0.935686
0.936643
0.937591
0.93853
0.939459
0.940379
0.94129
0.942192
0.943085
0.943969
0.944843
0.945709
0.946566
0.947413
0.948252
0.949082
0.949903
0.950715
0.951519
0.952313
0.953099
0.953876
0.954644
0.955404
0.956155
0.956897
0.957631
0.958356
0.959073
0.959781
0.96048
0.961171
0.961854
0.962528
0.963193
0.96385
0.964499
0.96514
0.965772
0.966396
0.967011
0.967619
0.968218
0.968808
0.969391
0.969965
0.970531
0.971089
0.971639
0.972181
0.972715
0.973241
0.973758
0.974268
0.974769
0.975263
0.975748
0.976226
0.976696
0.977157
0.977611
0.978057
0.978495
0.978925
0.979348
0.979762
0.980169
0.980568
0.980959
0.981342
0.981718
0.982085
0.982446
0.982798
0.983143
0.98348
0.983809
0.984131
0.984445
0.984751
0.98505
0.985341
0.985624
0.9859
0.986169
0.986429
0.986683
0.986928
0.987166
0.987397
0.98762
0.987835
0.988043
0.988244
0.988437
0.988623
0.988801
0.988971
0.989134
0.98929
0.989438
0.989579
0.989712
0.989838
0.989957
0.990068
0.990171
0.990267
0.990356
0.990437
0.990511
0.990578
0.990637
0.990689
0.990733
0.99077
0.9908
0.990822
0.990837
0.990844
0.990844
0.990837
0.990829
0.990822
0.990815
0.990807
0.9908
0.990792
0.990785
0.990778
0.99077
0.990763
0.990755
0.990748
0.990741
0.990733
0.990726
0.990718
0.990711
0.990704
0.990696
0.990689
0.990681
0.990674
0.990667
0.990659
0.990652
0.990645
0.990637
0.99063
0.990622
0.990615
0.990608
0.9906
0.990593
0.990585
0.990578
0.990571
0.990563
0.990556
0.990548
0.990541
0.990534
0.990526
0.990519
0.990511
0.990504
0.990497
0.990489
0.990482
0.990474
0.990467
0.99046
0.990452
0.990445
0.990438
0.99043
0.990423
0.990415
0.990408
0.990401
0.990393
0.990386
0.990378
0.990371
0.990364
0.990356
0.990349
0.990341
0.990334
0.990327
0.990319
0.990312
0.990304
0.990297
0.99029
0.990282
0.990275
0.990267
0.99026
0.990253
0.990245
0.990238
0.99023
0.990223
0.990216
0.990208
0.990201
0.990193
0.990186
0.990179
0.990171
0.990164
0.990156
0.990149
0.990142
0.990134
0.990127
0.990119
0.990112
0.990105
0.990097
0.99009
0.990082
0.990075
0.990068
0.99006
0.990053
0.990045
0.990038
0.990031
0.990023
0.990016
0.990008
0.990001
0.989994
0.989986
0.989979
0.989971
0.989964
0.989957
0.989949
0.989942
0.989934
0.989927
0.98992
0.989912
0.989905
0.989897
0.98989
0.989883
0.989875
0.989868
0.98986
0.989853
0.989846
0.989838
0.989831
0.989823
0.989816
0.989809
0.989801
0.989794
0.989786
0.989779
0.989772
0.989764
0.989757
0.989749
0.989742
0.989735
0.989727
0.98972
0.989712
0.989705
0.989698
0.98969
0.989683
0.989675
0.989668
0.989661
0.989653
0.989646
0.989638
0.989631
0.989624
0.989616
0.989609
0.989601
0.989594
0.989586
0.989579
0.989572
0.989564
0.989557
0.989549
0.989542
0.989535
0.989527
0.98952
0.989512
0.989505
0.989498
0.98949
0.989483
0.989475
0.989468
0.989461
0.989453
0.989446
0.989438
0.989431
0.989424
0.989416
0.989409
0.989401
0.989394
0.989386
0.989379
0.989372
0.989364
0.989357
0.989349
0.989342
0.989335
0.989327
0.98932
0.989312
0.989305
0.989298
0.98929
0.989283
0.989275
0.989268
0.989261
0.989253
0.989246
0.989238
0.989231
0.989223
0.989216
0.989209
0.989201
0.989194
0.989186
0.989179
0.989172
0.989164
0.989157
0.989149
0.989142
0.989135
0.989127
0.98912
0.989112
0.989105
0.989098
0.98909
0.989083
0.989075
0.989068
0.98906
0.989053
0.989046
0.989038
0.989031
0.989023
0.989016
0.989009
0.989001
0.988994
0.988986
0.988979
0.988971
0.988964
0.988957
0.988949
0.988942
0.988934
0.988927
0.98892
0.988912
0.988905
0.988897
0.98889
0.988883
0.988875
0.988868
0.98886
0.988853
0.988845
0.988838
0.988831
0.988823
0.988816
0.988808
0.988801
0.988794
0.988786
0.988779
0.988771
0.988764
0.988756
0.988749
0.988742
0.988734
0.988727
0.988719
0.988712
0.988705
0.988697
0.98869
0.988682
0.988675
0.988667
0.98866
0.988653
0.988645
0.988638
0.98863
0.988623
0.988616
0.988608
0.988601
0.988593
0.988586
0.988578
0.988571
0.988564
0.988556
0.988549
0.988541
0.988534
0.988526
0.988519
0.988512
0.988504
0.988497
0.988489
0.988482
0.988475
0.988467
0.98846
0.988452
0.988445
0.988437
0.98843
0.988423
0.988415
0.988408
0.9884
0.988393
0.988386
0.988378
0.988371
0.988363
0.988356
0.988348
0.988341
0.988334
0.988326
0.988319
0.988311
0.988304
0.988296
0.988289
0.988282
0.988274
0.988267
0.988259
0.988252
0.988244
0.988237
0.98823
0.988222
0.988215
0.988207
0.9882
0.988193
0.988185
0.988178
0.98817
0.988163
0.988155
0.988148
0.988141
0.988133
0.988126
0.988118
0.988111
0.988103
0.988096
0.988089
0.988081
0.988074
0.988066
0.988059
0.988051
0.988044
0.988037
0.988029
0.988022
0.988014
0.988007
0.987999
0.987992
0.987985
0.987977
0.98797
0.987962
0.987955
0.987947
0.98794
0.987933
0.987925
0.987918
0.98791
0.987903
0.987896
0.987888
0.987881
0.987873
0.987866
0.987858
0.987851
0.987844
0.987836
0.987829
0.987821
0.987814
0.987806
0.987799
0.987792
0.987784
0.987777
0.987769
0.987762
0.987754
0.987747
0.98774
0.987732
0.987725
0.987717
0.98771
0.987702
0.987695
0.987688
0.98768
0.987673
0.987665
0.987658
0.98765
0.987643
0.987635
0.987628
0.987621
0.987613
0.987606
0.987598
0.987591
0.987583
0.987576
0.987569
0.987561
0.987554
0.987546
0.987539
0.987531
0.987524
0.987517
0.987509
0.987502
0.987494
0.987487
0.987479
0.987472
0.987465
0.987457
0.98745
0.987442
0.987435
0.987427
0.98742
0.987413
0.987405
0.987398
0.98739
0.987383
0.987375
0.987368
0.98736
0.987353
0.987346
0.987338
0.987331
0.987323
0.987316
0.987308
0.987301
0.987294
0.987286
0.987279
0.987271
0.987264
0.987256
0.987249
0.987242
0.987234
0.987227
0.987219
0.987212
0.987204
0.987197
0.987189
0.987182
0.987175
0.987167
0.98716
0.987152
0.987145
0.987137
0.98713
0.987123
0.987115
0.987108
0.9871
0.987093
0.987085
0.987078
0.98707
0.987063
0.987056
0.987048
0.987041
0.987033
0.987026
0.987018
0.987011
0.987004
0.986996
0.986989
0.986981
0.986974
0.986966
0.986959
0.986951
0.986944
0.986937
0.986929
0.986922
0.986914
0.986907
0.986899
0.986892
0.986885
0.986877
0.98687
0.986862
0.986855
0.986847
0.98684
0.986832
0.986825
0.986818
0.98681
0.986803
0.986795
0.986788
0.98678
0.986773
0.986765
0.986758
0.986751
0.986743
0.986736
0.986728
0.986721
0.986713
0.986706
0.986698
0.986691
0.986684
0.986676
0.986669
0.986661
0.986654
0.986646
0.986639
0.986631
0.986624
0.986617
0.986609
0.986602
0.986594
0.986587
0.986579
0.986572
0.986564
0.986557
0.98655
0.986542
0.986535
0.986527
0.98652
0.986512
0.986505
0.986497
0.98649
0.986483
0.986475
0.986468
0.98646
0.986453
0.986445
0.986438
0.98643
0.986423
0.986416
0.986408
0.986401
0.986393
0.986386
0.986378
0.986371
0.986363
0.986356
0.986349
0.986341
0.986334
0.986326
0.986319
0.986311
0.986304
0.986296
0.986289
0.986282
0.986274
0.986267
0.986259
0.986252
0.986244
0.986237
0.986229
0.986222
0.986215
0.986207
0.9862
0.986192
0.986185
0.986177
0.98617
0.986162
0.986155
0.986147
0.98614
0.986133
0.986125
0.986118
0.98611
0.986103
0.986095
0.986088
0.98608
0.986073
0.986066
0.986058
0.986051
0.986043
0.986036
0.986028
0.986021
0.986013
0.986006
0.985998
0.985991
0.985984
0.985976
0.985969
0.985961
0.985954
0.985946
0.985939
0.985931
0.985924
0.985916
0.985909
0.985902
0.985894
0.985887
0.985879
0.985872
0.985864
0.985857
0.985849
0.985842
0.985834
0.985827
0.98582
0.985812
0.985805
0.985797
0.98579
0.985782
0.985775
0.985767
0.98576
0.985752
0.985745
0.985738
0.98573
0.985723
0.985715
0.985708
0.9857
0.985693
0.985685
0.985678
0.98567
0.985663
0.985656
0.985648
0.985641
0.985633
0.985626
0.985618
0.985611
0.985603
0.985596
0.985588
0.985581
0.985574
0.985566
0.985559
0.985551
0.985544
0.985536
0.985529
0.985521
0.985514
0.985506
0.985499
0.985492
0.985484
0.985477
0.985469
0.985462
0.985454
0.985447
0.985439
0.985432
0.985424
0.985417
0.985409
0.985402
0.985395
0.985387
0.98538
0.985372
0.985365
0.985357
0.98535
0.985342
0.985335
0.985327
0.98532
0.985313
0.985305
0.985298
0.98529
0.985283
0.985275
0.985268
0.98526
0.985253
0.985245
0.985238
0.98523
0.985223
0.985216
0.985208
0.985201
0.985193
0.985186
0.985178
0.985171
0.985163
0.985156
0.985148
0.985141
0.985133
0.985126
0.985119
0.985111
0.985104
0.985096
0.985089
0.985081
0.985074
0.985066
0.985059
0.985051
0.985044
0.985036
0.985029
0.985021
0.985014
0.985007
0.984999
0.984992
0.984984
0.984977
0.984969
0.984962
0.984954
0.984947
0.984939
0.984932
0.984924
0.984917
0.98491
0.984902
0.984895
0.984887
0.98488
0.984872
0.984865
0.984857
0.98485
0.984842
0.984835
0.984827
0.98482
0.984812
0.984805
0.984798
0.98479
0.984783
0.984775
0.984768
0.98476
0.984753
0.984745
0.984738
0.98473
0.984723
0.984715
0.984708
0.9847
0.984693
0.984686
0.984678
0.984671
0.984663
0.984656
0.984648
0.984641
0.984633
0.984626
0.984618
0.984611
0.984603
0.984596
0.984588
0.984581
0.984573
0.984566
0.984559
0.984551
0.984544
0.984536
0.984529
0.984521
0.984514
0.984506
0.984499
0.984491
0.984484
0.984476
0.984469
0.984461
0.984454
0.984446
0.984439
0.984432
0.984424
0.984417
0.984409
0.984402
0.984394
0.984387
0.984379
0.984372
0.984364
0.984357
0.984349
0.984342
0.984334
0.984327
0.984319
0.984312
0.984305
0.984297
0.98429
0.984282
0.984275
0.984267
0.98426
0.984252
0.984245
0.984237
0.98423
0.984222
0.984215
0.984207
0.9842
0.984192
0.984185
0.984177
0.98417
0.984163
0.984155
0.984148
0.98414
0.984133
0.984125
0.984118
0.98411
0.984103
0.984095
0.984088
0.98408
0.984073
0.984065
0.984058
0.98405
0.984043
0.984035
0.984028
0.98402
0.984013
0.984006
0.983998
0.983991
0.983983
0.983976
0.983968
0.983961
0.983953
0.983946
0.983938
0.983931
0.983923
0.983916
0.983908
0.983901
0.983893
0.983886
0.983878
0.983871
0.983863
0.983856
0.983849
0.983841
0.983834
0.983826
0.983819
0.983811
0.983804
0.983796
0.983789
0.983781
0.983774
0.983766
0.983759
0.983751
0.983744
0.983736
0.983729
0.983721
0.983714
0.983706
0.983699
0.983691
0.983684
0.983676
0.983669
0.983662
0.983654
0.983647
0.983639
0.983632
0.983624
0.983617
0.983609
0.983602
0.983594
0.983587
0.983579
0.983572
0.983564
0.983557
0.983549
0.983542
0.983534
0.983527
0.983519
0.983512
0.983504
0.983497
0.983489
0.983482
0.983474
0.983467
0.983459
0.983452
0.983445
0.983437
0.98343
0.983422
0.983415
0.983407
0.9834
0.983392
0.983385
0.983377
0.98337
0.983362
0.983355
0.983347
0.98334
0.983332
0.983325
0.983317
0.98331
0.983302
0.983295
0.983287
0.98328
0.983272
0.983265
0.983257
0.98325
0.983242
0.983235
0.983227
0.98322
0.983212
0.983205
0.983198
0.98319
0.983183
0.983175
0.983168
0.98316
0.983153
0.983145
0.983138
0.98313
0.983123
0.983115
0.983108
0.9831
0.983093
0.983085
0.983078
0.98307
0.983063
0.983055
0.983048
0.98304
0.983033
0.983025
0.983018
0.98301
0.983003
0.982995
0.982988
0.98298
0.982973
0.982965
0.982958
0.98295
0.982943
0.982935
0.982928
0.98292
0.982913
0.982905
0.982898
0.98289
0.982883
0.982875
0.982868
0.982861
0.982853
0.982846
0.982838
0.982831
0.982823
0.982816
0.982808
0.982801
0.982793
0.982786
0.982778
0.982771
0.982763
0.982756
0.982748
0.982741
0.982733
0.982726
0.982718
0.982711
0.982703
0.982696
0.982688
0.982681
0.982673
0.982666
0.982658
0.982651
0.982643
0.982636
0.982628
0.982621
0.982613
0.982606
0.982598
0.982591
0.982583
0.982576
0.982568
0.982561
0.982553
0.982546
0.982538
0.982531
0.982523
0.982516
0.982508
0.982501
0.982493
0.982486
0.982478
0.982471
0.982463
0.982456
0.982448
0.982441
0.982433
0.982426
0.982418
0.982411
0.982403
0.982396
0.982388
0.982381
0.982373
0.982366
0.982358
0.982351
0.982343
0.982336
0.982328
0.982321
0.982313
0.982306
0.982298
0.982291
0.982283
0.982276
0.982268
0.982261
0.982253
0.982246
0.982238
0.982231
0.982223
0.982216
0.982208
0.982201
0.982193
0.982186
0.982178
0.982171
0.982163
0.982156
0.982148
0.982141
0.982133
0.982126
0.982118
0.982111
0.982103
0.982096
0.982088
0.982081
0.982073
0.982066
0.982058
0.982051
0.982043
0.982036
0.982028
0.982021
0.982013
0.982006
0.981998
0.981991
0.981983
0.981976
0.981968
0.981961
0.981953
0.981946
0.981938
0.981931
0.981923
0.981916
0.981908
0.981901
0.981893
0.981886
0.981878
0.981871
0.981863
0.981856
0.981848
0.981841
0.981833
0.981826
0.981818
0.981811
0.981803
0.981796
0.981788
0.981781
0.981773
0.981766
0.981758
0.981751
0.981743
0.981736
0.981728
0.981721
0.981713
0.981706
0.981698
0.981691
0.981683
0.981676
0.981668
0.981661
0.981653
0.981646
0.981638
0.981631
0.981623
0.981616
0.981608
0.981601
0.981593
0.981586
0.981578
0.981571
0.981563
0.981556
0.981548
0.981541
0.981533
0.981526
0.981518
0.981511
0.981503
0.981496
0.981488
0.981481
0.981473
0.981466
0.981458
0.981451
0.981443
0.981436
0.981428
0.98142
0.981413
0.981405
0.981398
0.98139
0.981383
0.981375
0.981368
0.98136
0.981353
0.981345
0.981338
0.98133
0.981323
0.981315
0.981308
0.9813
0.981293
0.981285
0.981278
0.98127
0.981263
0.981255
0.981248
0.98124
0.981233
0.981225
0.981218
0.98121
0.981203
0.981195
0.981188
0.98118
0.981173
0.981165
0.981158
0.98115
0.981143
0.981135
0.981128
0.98112
0.981113
0.981105
0.981098
0.98109
0.981082
0.981075
0.981067
0.98106
0.981052
0.981045
0.981037
0.98103
0.981022
0.981015
0.981007
0.981
0.980992
0.980985
0.980977
0.98097
0.980962
0.980955
0.980947
0.98094
0.980932
0.980925
0.980917
0.98091
0.980902
0.980895
0.980887
0.98088
0.980872
0.980865
0.980857
0.98085
0.980842
0.980835
0.980827
0.980819
0.980812
0.980804
0.980797
0.980789
0.980782
0.980774
0.980767
0.980759
0.980752
0.980744
0.980737
0.980729
0.980722
0.980714
0.980707
0.980699
0.980692
0.980684
0.980677
0.980669
0.980662
0.980654
0.980647
0.980639
0.980632
0.980624
0.980616
0.980609
0.980601
0.980594
0.980586
0.980579
0.980571
0.980564
0.980556
0.980549
0.980541
0.980534
0.980526
0.980519
0.980511
0.980504
0.980496
0.980489
0.980481
0.980474
0.980466
0.980459
0.980451
0.980444
0.980436
0.980428
0.980421
0.980413
0.980406
0.980398
0.980391
0.980383
0.980376
0.980368
0.980361
0.980353
0.980346
0.980338
0.980331
0.980323
0.980316
0.980308
0.980301
0.980293
0.980286
0.980278
0.980271
0.980263
0.980255
0.980248
0.98024
0.980233
0.980225
0.980218
0.98021
0.980203
0.980195
0.980188
0.98018
0.980173
0.980165
0.980158
0.98015
0.980143
0.980135
0.980128
0.98012
0.980113
0.980105
0.980097
0.98009
0.980082
0.980075
0.980067
0.98006
0.980052
0.980045
0.980037
0.98003
0.980022
0.980015
0.980007
0.98
0.979992
0.979985
0.979977
0.97997
0.979962
0.979954
0.979947
0.979939
0.979932
0.979924
0.979917
0.979909
0.979902
0.979894
0.979887
0.979879
0.979872
0.979864
0.979857
0.979849
0.979842
0.979834
0.979826
0.979819
0.979811
0.979804
0.979796
0.979789
0.979781
0.979774
0.979766
0.979759
0.979751
0.979744
0.979736
0.979729
0.979721
0.979714
0.979706
0.979698
0.979691
0.979683
0.979676
0.979668
0.979661
0.979653
0.979646
0.979638
0.979631
0.979623
0.979616
0.979608
0.979601
0.979593
0.979586
0.979578
0.97957
0.979563
0.979555
0.979548
0.97954
0.979533
0.979525
0.979518
0.97951
0.979503
0.979495
0.979488
0.97948
0.979473
0.979465
0.979457
0.97945
0.979442
0.979435
0.979427
0.97942
0.979412
0.979405
0.979397
0.97939
0.979382
0.979375
0.979367
0.97936
0.979352
0.979344
0.979337
0.979329
0.979322
0.979314
0.979307
0.979299
0.979292
0.979284
0.979277
0.979269
0.979262
0.979254
0.979246
0.979239
0.979231
0.979224
0.979216
0.979209
0.979201
0.979194
0.979186
0.979179
0.979171
0.979164
0.979156
0.979148
0.979141
0.979133
0.979126
0.979118
0.979111
0.979103
0.979096
0.979088
0.979081
0.979073
0.979066
0.979058
0.979051
0.979043
0.979035
0.979028
0.97902
0.979013
0.979005
0.978998
0.97899
0.978983
0.978975
0.978968
0.97896
0.978952
0.978945
0.978937
0.97893
0.978922
0.978915
0.978907
0.9789
0.978892
0.978885
0.978877
0.97887
0.978862
0.978854
0.978847
0.978839
0.978832
0.978824
0.978817
0.978809
0.978802
0.978794
0.978787
0.978779
0.978772
0.978764
0.978756
0.978749
0.978741
0.978734
0.978726
0.978719
0.978711
0.978704
0.978696
0.978689
0.978681
0.978673
0.978666
0.978658
0.978651
0.978643
0.978636
0.978628
0.978621
0.978613
0.978606
0.978598
0.97859
0.978583
0.978575
0.978568
0.97856
0.978553
0.978545
0.978538
0.97853
0.978523
0.978515
0.978507
0.9785
0.978492
0.978485
0.978477
0.97847
0.978462
0.978455
0.978447
0.97844
0.978432
0.978424
0.978417
0.978409
0.978402
0.978394
0.978387
0.978379
0.978372
0.978364
0.978357
0.978349
0.978341
0.978334
0.978326
0.978319
0.978311
0.978304
0.978296
0.978289
0.978281
0.978274
0.978266
0.978258
0.978251
0.978243
0.978236
0.978228
0.978221
0.978213
0.978206
0.978198
0.978191
0.978183
0.978175
0.978168
0.97816
0.978153
0.978145
0.978138
0.97813
0.978123
0.978115
0.978107
0.9781
0.978092
0.978085
0.978077
0.97807
0.978062
0.978055
0.978047
0.97804
0.978032
0.978024
0.978017
0.978009
0.978002
0.977994
0.977987
0.977979
0.977972
0.977964
0.977956
0.977949
0.977941
0.977934
0.977926
0.977919
0.977911
0.977904
0.977896
0.977888
0.977881
0.977873
0.977866
0.977858
0.977851
0.977843
0.977836
0.977828
0.97782
0.977813
0.977805
0.977798
0.97779
0.977783
0.977775
0.977768
0.97776
0.977753
0.977745
0.977737
0.97773
0.977722
0.977715
0.977707
0.9777
0.977692
0.977685
0.977677
0.977669
0.977662
0.977654
0.977647
0.977639
0.977632
0.977624
0.977617
0.977609
0.977601
0.977594
0.977586
0.977579
0.977571
0.977564
0.977556
0.977548
0.977541
0.977533
0.977526
0.977518
0.977511
0.977503
0.977496
0.977488
0.97748
0.977473
0.977465
0.977458
0.97745
0.977443
0.977435
0.977428
0.97742
0.977412
0.977405
0.977397
0.97739
0.977382
