-3.14159
-3.14159
-3.14155
-3.1415
-3.14142
-3.14133
-3.14122
-3.14108
-3.14093
-3.14075
-3.14056
-3.14034
-3.14011
-3.13985
-3.13957
-3.13928
-3.13896
-3.13863
-3.13827
-3.13789
-3.1375
-3.13708
-3.13664
-3.13618
-3.13571
-3.13521
-3.13469
-3.13415
-3.1336
-3.13302
-3.13242
-3.1318
-3.13116
-3.1305
-3.12982
-3.12912
-3.1284
-3.12766
-3.1269
-3.12612
-3.12532
-3.1245
-3.12366
-3.1228
-3.12192
-3.12102
-3.1201
-3.11916
-3.11819
-3.11721
-3.11621
-3.11519
-3.11415
-3.11308
-3.112
-3.1109
-3.10977
-3.10863
-3.10747
-3.10628
-3.10508
-3.10386
-3.10261
-3.10135
-3.10006
-3.09876
-3.09743
-3.09609
-3.09472
-3.09334
-3.09193
-3.09051
-3.08906
-3.08759
-3.08611
-3.0846
-3.08307
-3.08153
-3.07996
-3.07837
-3.07676
-3.07514
-3.07349
-3.07182
-3.07013
-3.06842
-3.0667
-3.06495
-3.06318
-3.06139
-3.05958
-3.05775
-3.0559
-3.05403
-3.05214
-3.05023
-3.0483
-3.04635
-3.04438
-3.04239
-3.04038
-3.03835
-3.0363
-3.03422
-3.03213
-3.03002
-3.02789
-3.02574
-3.02356
-3.02137
-3.01916
-3.01692
-3.01467
-3.0124
-3.0101
-3.00779
-3.00546
-3.0031
-3.00073
-2.99833
-2.99592
-2.99348
-2.99103
-2.98855
-2.98606
-2.98354
-2.98101
-2.97845
-2.97587
-2.97328
-2.97066
-2.96802
-2.96537
-2.96269
-2.95999
-2.95728
-2.95454
-2.95178
-2.949
-2.9462
-2.94339
-2.94055
-2.93769
-2.93481
-2.93191
-2.92899
-2.92605
-2.92309
-2.92011
-2.91711
-2.91409
-2.91105
-2.90799
-2.90491
-2.90181
-2.89869
-2.89555
-2.89238
-2.8892
-2.886
-2.88278
-2.87954
-2.87627
-2.87299
-2.86969
-2.86636
-2.86302
-2.85966
-2.85627
-2.85287
-2.84945
-2.846
-2.84254
-2.83905
-2.83555
-2.83202
-2.82848
-2.82491
-2.82133
-2.81772
-2.81409
-2.81045
-2.80678
-2.8031
-2.79939
-2.79566
-2.79192
-2.78815
-2.78436
-2.78055
-2.77672
-2.77288
-2.76901
-2.76512
-2.76121
-2.75728
-2.75333
-2.74936
-2.74537
-2.74137
-2.73734
-2.73329
-2.72922
-2.72512
-2.72101
-2.71688
-2.71273
-2.70856
-2.70437
-2.70016
-2.69593
-2.69167
-2.6874
-2.68311
-2.6788
-2.67446
-2.67011
-2.66574
-2.66134
-2.65693
-2.6525
-2.64804
-2.64357
-2.63907
-2.63456
-2.63003
-2.62547
-2.6209
-2.6163
-2.61168
-2.60705
-2.60239
-2.59772
-2.59302
-2.5883
-2.58357
-2.57881
-2.57403
-2.56923
-2.56442
-2.55958
-2.55472
-2.54984
-2.54494
-2.54003
-2.53509
-2.53013
-2.52515
-2.52015
-2.51513
-2.51009
-2.50503
-2.49995
-2.49485
-2.48973
-2.48459
-2.47943
-2.47424
-2.46904
-2.46382
-2.45858
-2.45332
-2.44803
-2.44273
-2.43741
-2.43207
-2.4267
-2.42132
-2.41592
-2.41049
-2.40505
-2.39958
-2.3941
-2.38859
-2.38307
-2.37752
-2.37196
-2.36637
-2.36077
-2.35514
-2.3495
-2.34383
-2.33814
-2.33244
-2.32671
-2.32096
-2.31519
-2.30941
-2.3036
-2.29777
-2.29192
-2.28605
-2.28016
-2.27425
-2.26832
-2.26238
-2.25641
-2.25042
-2.24441
-2.23837
-2.23232
-2.22625
-2.22016
-2.21405
-2.20792
-2.20177
-2.1956
-2.1894
-2.18319
-2.17696
-2.1707
-2.16443
-2.15814
-2.15182
-2.14549
-2.13914
-2.13276
-2.12637
-2.11995
-2.11352
-2.10706
-2.10059
-2.09409
-2.08758
-2.08104
-2.07448
-2.06791
-2.06131
-2.05469
-2.04805
-2.0414
-2.03472
-2.02802
-2.0213
-2.01456
-2.0078
-2.00103
-1.99423
-1.98741
-1.98057
-1.97371
-1.96683
-1.95993
-1.95301
-1.94606
-1.9391
-1.93212
-1.92512
-1.9181
-1.91106
-1.90399
-1.89691
-1.88981
-1.88268
-1.87554
-1.86838
-1.86119
-1.85399
-1.84676
-1.83952
-1.83225
-1.82497
-1.81766
-1.81034
-1.80299
-1.79562
-1.78824
-1.78083
-1.7734
-1.76596
-1.75849
-1.751
-1.74349
-1.73596
-1.72842
-1.72085
-1.71326
-1.70565
-1.69802
-1.69037
-1.6827
-1.67501
-1.6673
-1.65956
-1.65181
-1.64404
-1.63625
-1.62844
-1.6206
-1.61275
-1.60488
-1.59699
-1.58907
-1.58114
-1.57318
-1.56521
-1.55721
-1.5492
-1.54116
-1.53311
-1.52503
-1.51694
-1.50882
-1.50068
-1.49253
-1.48435
-1.47615
-1.46793
-1.45969
-1.45144
-1.44316
-1.43486
-1.42654
-1.4182
-1.40984
-1.40146
-1.39306
-1.38464
-1.37619
-1.36773
-1.35925
-1.35075
-1.34223
-1.33368
-1.32512
-1.31654
-1.30793
-1.29931
-1.29067
-1.282
-1.27332
-1.26461
-1.25588
-1.24714
-1.23837
-1.22959
-1.22078
-1.21195
-1.2031
-1.19424
-1.18535
-1.17644
-1.16751
-1.15856
-1.14959
-1.1406
-1.13159
-1.12256
-1.11351
-1.10444
-1.09535
-1.08623
-1.0771
-1.06795
-1.05878
-1.04958
-1.04037
-1.03113
-1.02188
-1.0126
-1.00331
-0.993993
-0.984658
-0.975301
-0.965924
-0.956527
-0.94711
-0.937672
-0.928214
-0.918735
-0.909236
-0.899717
-0.890177
-0.880617
-0.871037
-0.861436
-0.851815
-0.842173
-0.832511
-0.822829
-0.813126
-0.803403
-0.793659
-0.783895
-0.774111
-0.764306
-0.75448
-0.744635
-0.734769
-0.724882
-0.714975
-0.705048
-0.6951
-0.685132
-0.675143
-0.665134
-0.655105
-0.645055
-0.634985
-0.624894
-0.614783
-0.604651
-0.594499
-0.584326
-0.574133
-0.56392
-0.553686
-0.543432
-0.533157
-0.522861
-0.512546
-0.502209
-0.491853
-0.481475
-0.471078
-0.460659
-0.450221
-0.439762
-0.429282
-0.418782
-0.408261
-0.39772
-0.387158
-0.376576
-0.365974
-0.35535
-0.344707
-0.334042
-0.323358
-0.312652
-0.301926
-0.29118
-0.280413
-0.269626
-0.258818
-0.247989
-0.23714
-0.22627
-0.21538
-0.204469
-0.193538
-0.182586
-0.171613
-0.16062
-0.149606
-0.138572
-0.127517
-0.116442
-0.105345
-0.0942287
-0.0830913
-0.0719333
-0.0607546
-0.0495553
-0.0383354
-0.0270948
-0.0158336
-0.00455167
0.00675089
0.0180741
0.029418
0.0407826
0.0521679
0.0635739
0.0750005
0.0864479
0.097916
0.109405
0.120914
0.132445
0.143996
0.155567
0.16716
0.178773
0.190407
0.202062
0.213738
0.225434
0.237151
0.248889
0.260648
0.272428
0.284228
0.296049
0.307892
0.319755
0.331638
0.343543
0.355469
0.367415
0.379383
0.391371
0.40338
0.415411
0.427462
0.439534
0.451627
0.463741
0.475876
0.488032
0.500189
0.512347
0.524505
0.536663
0.548823
0.560983
0.573144
0.585305
0.597467
0.60963
0.621794
0.633958
0.646123
0.658289
0.670456
0.682623
0.694791
0.70696
0.71913
0.731301
0.743472
0.755645
0.767818
0.779992
0.792166
0.804342
0.816519
0.828696
0.840875
0.853054
0.865235
0.877416
0.889598
0.901781
0.913966
0.926151
0.938337
0.950525
0.962713
0.974903
0.987093
0.999285
1.01148
1.02367
1.03587
1.04806
1.06026
1.07246
1.08466
1.09686
1.10906
1.12127
1.13347
1.14568
1.15789
1.1701
1.18231
1.19452
1.20673
1.21895
1.23116
1.24338
1.2556
1.26782
1.28005
1.29227
1.3045
1.31673
1.32896
1.34119
1.35342
1.36566
1.37789
1.39013
1.40237
1.41462
1.42686
1.43911
1.45136
1.46361
1.47587
1.48812
1.50038
1.51264
1.52491
1.53717
1.54944
1.56171
1.57399
1.58626
1.59854
1.61082
1.62311
1.6354
1.64769
1.65998
1.67228
1.68458
1.69688
1.70919
1.7215
1.73382
1.74614
1.75846
1.77078
1.78311
1.79545
1.80779
1.82013
1.83248
1.84483
1.85719
1.86955
1.88191
1.89429
1.90666
1.91905
1.93143
1.94383
1.95623
1.96863
1.98105
1.99347
2.00589
2.01833
2.03077
2.04321
2.05567
2.06813
2.0806
2.09308
2.10557
2.11807
2.13058
2.1431
2.15562
2.16816
2.18071
2.19327
2.20584
2.21843
2.23103
2.24364
2.25627
2.26891
2.28156
2.29423
2.30692
2.31963
2.33235
2.3451
2.35786
2.37064
2.38345
2.39628
2.40913
2.42201
2.43492
2.44786
2.46082
2.47382
2.48685
2.49992
2.51303
2.52618
2.53937
2.55261
2.56589
2.57923
2.59263
2.60609
2.61961
2.63321
2.64688
2.66063
2.67448
2.68843
2.70248
2.71665
2.73096
2.74541
2.76002
2.77482
2.78982
2.80505
2.82055
2.83636
2.85252
2.8691
2.88618
2.90387
2.92231
2.94173
2.96242
2.98489
3.01006
3.03991
3.081
-nan(ind)
-nan(ind)
-nan(ind)
-nan(ind)
-nan(ind)
-nan(ind)
-nan(ind)
-nan(ind)
-nan(ind)
-nan(ind)
-nan(ind)
-nan(ind)
-nan(ind)
-nan(ind)
-nan(ind)
-nan(ind)
-nan(ind)
-nan(ind)
-nan(ind)
-nan(ind)
-nan(ind)
-nan(ind)
-nan(ind)
-nan(ind)
-nan(ind)
-nan(ind)
-nan(ind)
-nan(ind)
-nan(ind)
-nan(ind)
-nan(ind)
-nan(ind)
-nan(ind)
-nan(ind)
-nan(ind)
-nan(ind)
-nan(ind)
-nan(ind)
-nan(ind)
-nan(ind)
-nan(ind)
-nan(ind)
-nan(ind)
3.10658
3.05335
3.02059
2.99398
2.97062
2.94932
2.92946
2.91067
2.8927
2.8754
2.85863
2.84231
2.82636
2.81074
2.7954
2.78031
2.76543
2.75073
2.73621
2.72184
2.70761
2.6935
2.6795
2.6656
2.6518
2.63808
2.62444
2.61088
2.59738
2.58395
2.57057
2.55725
2.54398
2.53075
2.51757
2.50443
2.49133
2.47827
2.46524
2.45224
2.43928
2.42634
2.41343
2.40055
2.38769
2.37486
2.36204
2.34925
2.33648
2.32373
2.31099
2.29828
2.28557
2.27289
2.26022
2.24757
2.23493
2.2223
2.20969
2.19708
2.18449
2.17191
2.15935
2.14679
2.13424
2.1217
2.10918
2.09666
2.08414
2.07164
2.05915
2.04666
2.03418
2.02171
2.00925
1.99679
1.98434
1.97189
1.95945
1.94702
1.93459
1.92217
1.90975
1.89734
1.88493
1.87253
1.86013
1.84774
1.83535
1.82297
1.81059
1.79821
1.78584
1.77347
1.76111
1.74875
1.73639
1.72404
1.71169
1.69934
1.687
1.67466
1.66232
1.64998
1.63765
1.62532
1.61299
1.60067
1.58835
1.57603
1.56371
1.5514
1.53908
1.52677
1.51447
1.50216
1.48985
1.47755
1.46525
1.45295
1.44066
1.42836
1.41607
1.40378
1.39149
1.3792
1.36691
1.35463
1.34234
1.33006
1.31778
1.3055
1.29322
1.28095
1.26867
1.2564
1.24412
1.23185
1.21958
1.20731
1.19504
1.18277
1.17051
1.15824
1.14598
1.13371
1.12145
1.10919
1.09692
1.08466
1.0724
1.06015
1.04789
1.03563
1.02337
1.01112
0.998863
0.986608
0.974354
0.962101
0.949848
0.937596
0.925345
0.913094
0.900843
0.888593
0.876344
0.864094
0.851846
0.839598
0.82735
0.815103
0.802856
0.790609
0.778363
0.766117
0.753871
0.741626
0.729381
0.717136
0.704892
0.692648
0.680404
0.66816
0.655916
0.643673
0.63143
0.619187
0.606944
0.594701
0.582459
0.570216
0.557974
0.545732
0.533489
0.521247
0.509005
0.496763
0.484521
0.472279
0.460037
0.447795
0.435553
0.423311
0.411069
0.398827
0.386585
0.374342
0.3621
0.349857
0.337615
0.325372
0.313129
0.300886
0.288643
0.2764
0.264156
0.251912
0.239668
0.227424
0.21518
0.202935
0.19069
0.178445
0.1662
0.153954
0.141708
0.129461
0.117215
0.104968
0.0927205
0.0804728
0.0682247
0.0559763
0.0437275
0.0314782
0.0192286
0.0069785
-0.00527202
-0.017523
-0.0297744
-0.0420263
-0.0542787
-0.0665316
-0.078785
-0.091039
-0.103293
-0.115548
-0.127804
-0.14006
-0.152317
-0.164574
-0.176832
-0.189091
-0.20135
-0.21361
-0.225871
-0.238132
-0.250394
-0.262656
-0.27492
-0.287184
-0.299449
-0.311715
-0.323981
-0.336248
-0.348516
-0.360785
-0.373055
-0.385325
-0.397597
-0.409869
-0.422143
-0.434417
-0.446692
-0.458968
-0.471245
-0.483523
-0.495803
-0.508083
-0.520364
-0.532646
-0.54493
-0.557214
-0.5695
-0.581786
-0.594074
-0.606364
-0.618654
-0.630946
-0.643238
-0.655532
-0.667828
-0.680125
-0.692423
-0.704722
-0.717023
-0.729325
-0.741629
-0.753934
-0.766241
-0.778549
-0.790859
-0.80317
-0.815483
-0.827798
-0.840114
-0.852432
-0.864752
-0.877073
-0.889396
-0.901721
-0.914048
-0.926377
-0.938708
-0.95104
-0.963375
-0.975712
-0.98805
-1.00039
-1.01273
-1.02508
-1.03743
-1.04978
-1.06213
-1.07448
-1.08684
-1.0992
-1.11156
-1.12392
-1.13629
-1.14866
-1.16103
-1.17341
-1.18578
-1.19816
-1.21055
-1.22293
-1.23532
-1.24771
-1.26011
-1.27251
-1.28491
-1.29732
-1.30972
-1.32214
-1.33455
-1.34697
-1.35939
-1.37182
-1.38425
-1.39669
-1.40913
-1.42157
-1.43401
-1.44647
-1.45892
-1.47138
-1.48385
-1.49629
-1.50873
-1.52114
-1.53354
-1.54593
-1.5583
-1.57065
-1.58299
-1.59531
-1.60762
-1.61991
-1.63218
-1.64444
-1.65669
-1.66892
-1.68114
-1.69334
-1.70553
-1.7177
-1.72986
-1.742
-1.75413
-1.76625
-1.77835
-1.79044
-1.80252
-1.81458
-1.82664
-1.83867
-1.8507
-1.86271
-1.87471
-1.8867
-1.89868
-1.91064
-1.9226
-1.93454
-1.94647
-1.9584
-1.97031
-1.98221
-1.9941
-2.00599
-2.01786
-2.02972
-2.04158
-2.05343
-2.06527
-2.0771
-2.08893
-2.10075
-2.11256
-2.12437
-2.13618
-2.14797
-2.15977
-2.17156
-2.18335
-2.19513
-2.20692
-2.2187
-2.23048
-2.24226
-2.25405
-2.26583
-2.27762
-2.28941
-2.30121
-2.31301
-2.32481
-2.33663
-2.34845
-2.36029
-2.37213
-2.38399
-2.39586
-2.40775
-2.41965
-2.43158
-2.44352
-2.45549
-2.46749
-2.47951
-2.49156
-2.50364
-2.51576
-2.52792
-2.54012
-2.55237
-2.56466
-2.57701
-2.58942
-2.6019
-2.61444
-2.62706
-2.63976
-2.65256
-2.66545
-2.67846
-2.69158
-2.70484
-2.71825
-2.73181
-2.74556
-2.75951
-2.77368
-2.78811
-2.80283
-2.81789
-2.83332
-2.8492
-2.8656
-2.88262
-2.90041
-2.91913
-2.93907
-2.96062
-2.98444
-3.01179
-3.04565
-3.09956
-nan(ind)
-nan(ind)
-nan(ind)
-nan(ind)
-nan(ind)
-nan(ind)
-nan(ind)
-nan(ind)
-nan(ind)
-nan(ind)
-nan(ind)
-nan(ind)
-nan(ind)
-nan(ind)
-nan(ind)
-nan(ind)
-nan(ind)
-nan(ind)
-nan(ind)
-nan(ind)
-nan(ind)
-nan(ind)
-nan(ind)
-nan(ind)
-nan(ind)
-nan(ind)
-nan(ind)
-nan(ind)
-nan(ind)
-nan(ind)
-nan(ind)
-nan(ind)
-nan(ind)
-nan(ind)
-nan(ind)
-nan(ind)
-nan(ind)
-nan(ind)
-nan(ind)
-nan(ind)
-nan(ind)
-nan(ind)
-nan(ind)
-nan(ind)
-nan(ind)
-nan(ind)
-nan(ind)
-nan(ind)
-nan(ind)
-nan(ind)
-nan(ind)
-nan(ind)
-nan(ind)
-nan(ind)
-nan(ind)
-nan(ind)
-nan(ind)
-nan(ind)
-nan(ind)
-nan(ind)
-nan(ind)
-nan(ind)
-nan(ind)
-nan(ind)
-nan(ind)
-nan(ind)
-nan(ind)
-nan(ind)
-nan(ind)
-nan(ind)
-nan(ind)
-nan(ind)
-nan(ind)
-nan(ind)
-nan(ind)
-nan(ind)
-nan(ind)
-nan(ind)
-nan(ind)
-nan(ind)
-nan(ind)
-nan(ind)
-nan(ind)
-nan(ind)
-nan(ind)
-3.08254
-3.04363
-3.01583
-2.99278
-2.97253
-2.95418
-2.9372
-2.9213
-2.90624
-2.89189
-2.87812
-2.86485
-2.85202
-2.83956
-2.82745
-2.81563
-2.80408
-2.79278
-2.7817
-2.77083
-2.76014
-2.74963
-2.73927
-2.72907
-2.71901
-2.70908
-2.69927
-2.68959
-2.68001
-2.67053
-2.66116
-2.65188
-2.64269
-2.63358
-2.62456
-2.61562
-2.60675
-2.59796
-2.58924
-2.58058
-2.57199
-2.56346
-2.555
-2.54659
-2.53824
-2.52995
-2.52171
-2.51353
-2.5054
-2.49731
-2.48928
-2.48129
-2.47335
-2.46546
-2.45761
-2.44981
-2.44205
-2.43433
-2.42665
-2.41901
-2.41142
-2.40386
-2.39634
-2.38886
-2.38141
-2.37401
-2.36664
-2.3593
-2.352
-2.34474
-2.33751
-2.33031
-2.32315
-2.31602
-2.30893
-2.30186
-2.29483
-2.28783
-2.28086
-2.27393
-2.26702
-2.26014
-2.2533
-2.24648
-2.2397
-2.23294
-2.22621
-2.21951
-2.21284
-2.2062
-2.19959
-2.19301
-2.18645
-2.17992
-2.17342
-2.16695
-2.1605
-2.15409
-2.14769
-2.14133
-2.13499
-2.12868
-2.12239
-2.11613
-2.1099
-2.1037
-2.09751
-2.09136
-2.08523
-2.07913
-2.07305
-2.06699
-2.06097
-2.05496
-2.04898
-2.04303
-2.0371
-2.0312
-2.02532
-2.01947
-2.01364
-2.00783
-2.00205
-1.99629
-1.99056
-1.98485
-1.97917
-1.97351
-1.96787
-1.96226
-1.95667
-1.9511
-1.94556
-1.94004
-1.93455
-1.92908
-1.92363
-1.9182
-1.9128
-1.90742
-1.90207
-1.89674
-1.89143
-1.88614
-1.88088
-1.87564
-1.87043
-1.86523
-1.86006
-1.85491
-1.84979
-1.84469
-1.83961
-1.83455
-1.82951
-1.8245
-1.81951
-1.81455
-1.8096
-1.80468
-1.79978
-1.7949
-1.79005
-1.78522
-1.78041
-1.77562
-1.77085
-1.76611
-1.76139
-1.75669
-1.75201
-1.74736
-1.74273
-1.73812
-1.73353
-1.72896
-1.72442
-1.71989
-1.71539
-1.71092
-1.70646
-1.70202
-1.69761
-1.69322
-1.68885
-1.6845
-1.68018
-1.67587
-1.67159
-1.66733
-1.66309
-1.65887
-1.65468
-1.65051
-1.64635
-1.64222
-1.63811
-1.63403
-1.62996
-1.62592
-1.6219
-1.61789
-1.61391
-1.60996
-1.60602
-1.60211
-1.59821
-1.59434
-1.59049
-1.58666
-1.58285
-1.57907
-1.5753
-1.57156
-1.56784
-1.56414
-1.56046
-1.5568
-1.55316
-1.54955
-1.54595
-1.54238
-1.53883
-1.5353
-1.53179
-1.5283
-1.52484
-1.52139
-1.51797
-1.51457
-1.51118
-1.50782
-1.50448
-1.50117
-1.49787
-1.4946
-1.49134
-1.48811
-1.4849
-1.48171
-1.47854
-1.47539
-1.47226
-1.46915
-1.46607
-1.46301
-1.45996
-1.45694
-1.45394
-1.45096
-1.448
-1.44506
-1.44215
-1.43925
-1.43638
-1.43352
-1.43069
-1.42788
-1.42509
-1.42232
-1.41957
-1.41685
-1.41414
-1.41146
-1.40879
-1.40615
-1.40353
-1.40093
-1.39835
-1.39579
-1.39325
-1.39073
-1.38823
-1.38576
-1.3833
-1.38087
-1.37846
-1.37607
-1.3737
-1.37135
-1.36902
-1.36671
-1.36442
-1.36216
-1.35991
-1.35769
-1.35548
-1.3533
-1.35114
-1.349
-1.34688
-1.34478
-1.3427
-1.34065
-1.33861
-1.33659
-1.3346
-1.33263
-1.33067
-1.32874
-1.32683
-1.32494
-1.32307
-1.32122
-1.31939
-1.31759
-1.3158
-1.31404
-1.31229
-1.31057
-1.30887
-1.30718
-1.30552
-1.30388
-1.30226
-1.30066
-1.29909
-1.29753
-1.29599
-1.29448
-1.29298
-1.29151
-1.29006
-1.28862
-1.28721
-1.28582
-1.28445
-1.2831
-1.28178
-1.28047
-1.27918
-1.27792
-1.27667
-1.27545
-1.27424
-1.27306
-1.2719
-1.27076
-1.26964
-1.26854
-1.26746
-1.2664
-1.26536
-1.26435
-1.26335
-1.26238
-1.26142
-1.26049
-1.25958
-1.25868
-1.25781
-1.25696
-1.25613
-1.25532
-1.25454
-1.25377
-1.25302
-1.2523
-1.25159
-1.25091
-1.25024
-1.2496
-1.24898
-1.24838
-1.2478
-1.24724
-1.2467
-1.24618
-1.24568
-1.2452
-1.24475
-1.24431
-1.2439
-1.2435
-1.24313
-1.24278
-1.24245
-1.24213
-1.24184
-1.24157
-1.24133
-1.2411
-1.24089
-1.2407
-1.24054
-1.24039
-1.24027
-1.24016
-1.24008
-1.24002
-1.23998
-1.23996
-1.23996
-1.23998
-1.24
-1.24002
-1.24004
-1.24006
-1.24008
-1.2401
-1.24012
-1.24014
-1.24016
-1.24019
-1.24021
-1.24023
-1.24025
-1.24027
-1.24029
-1.24031
-1.24033
-1.24035
-1.24037
-1.24039
-1.24041
-1.24043
-1.24045
-1.24048
-1.2405
-1.24052
-1.24054
-1.24056
-1.24058
-1.2406
-1.24062
-1.24064
-1.24066
-1.24068
-1.2407
-1.24072
-1.24075
-1.24077
-1.24079
-1.24081
-1.24083
-1.24085
-1.24087
-1.24089
-1.24091
-1.24093
-1.24095
-1.24097
-1.24099
-1.24101
-1.24104
-1.24106
-1.24108
-1.2411
-1.24112
-1.24114
-1.24116
-1.24118
-1.2412
-1.24122
-1.24124
-1.24126
-1.24128
-1.24131
-1.24133
-1.24135
-1.24137
-1.24139
-1.24141
-1.24143
-1.24145
-1.24147
-1.24149
-1.24151
-1.24153
-1.24155
-1.24157
-1.2416
-1.24162
-1.24164
-1.24166
-1.24168
-1.2417
-1.24172
-1.24174
-1.24176
-1.24178
-1.2418
-1.24182
-1.24184
-1.24186
-1.24189
-1.24191
-1.24193
-1.24195
-1.24197
-1.24199
-1.24201
-1.24203
-1.24205
-1.24207
-1.24209
-1.24211
-1.24213
-1.24216
-1.24218
-1.2422
-1.24222
-1.24224
-1.24226
-1.24228
-1.2423
-1.24232
-1.24234
-1.24236
-1.24238
-1.2424
-1.24242
-1.24245
-1.24247
-1.24249
-1.24251
-1.24253
-1.24255
-1.24257
-1.24259
-1.24261
-1.24263
-1.24265
-1.24267
-1.24269
-1.24271
-1.24274
-1.24276
-1.24278
-1.2428
-1.24282
-1.24284
-1.24286
-1.24288
-1.2429
-1.24292
-1.24294
-1.24296
-1.24298
-1.24301
-1.24303
-1.24305
-1.24307
-1.24309
-1.24311
-1.24313
-1.24315
-1.24317
-1.24319
-1.24321
-1.24323
-1.24325
-1.24327
-1.2433
-1.24332
-1.24334
-1.24336
-1.24338
-1.2434
-1.24342
-1.24344
-1.24346
-1.24348
-1.2435
-1.24352
-1.24354
-1.24357
-1.24359
-1.24361
-1.24363
-1.24365
-1.24367
-1.24369
-1.24371
-1.24373
-1.24375
-1.24377
-1.24379
-1.24381
-1.24383
-1.24386
-1.24388
-1.2439
-1.24392
-1.24394
-1.24396
-1.24398
-1.244
-1.24402
-1.24404
-1.24406
-1.24408
-1.2441
-1.24412
-1.24415
-1.24417
-1.24419
-1.24421
-1.24423
-1.24425
-1.24427
-1.24429
-1.24431
-1.24433
-1.24435
-1.24437
-1.24439
-1.24442
-1.24444
-1.24446
-1.24448
-1.2445
-1.24452
-1.24454
-1.24456
-1.24458
-1.2446
-1.24462
-1.24464
-1.24466
-1.24468
-1.24471
-1.24473
-1.24475
-1.24477
-1.24479
-1.24481
-1.24483
-1.24485
-1.24487
-1.24489
-1.24491
-1.24493
-1.24495
-1.24498
-1.245
-1.24502
-1.24504
-1.24506
-1.24508
-1.2451
-1.24512
-1.24514
-1.24516
-1.24518
-1.2452
-1.24522
-1.24524
-1.24527
-1.24529
-1.24531
-1.24533
-1.24535
-1.24537
-1.24539
-1.24541
-1.24543
-1.24545
-1.24547
-1.24549
-1.24551
-1.24553
-1.24556
-1.24558
-1.2456
-1.24562
-1.24564
-1.24566
-1.24568
-1.2457
-1.24572
-1.24574
-1.24576
-1.24578
-1.2458
-1.24583
-1.24585
-1.24587
-1.24589
-1.24591
-1.24593
-1.24595
-1.24597
-1.24599
-1.24601
-1.24603
-1.24605
-1.24607
-1.24609
-1.24612
-1.24614
-1.24616
-1.24618
-1.2462
-1.24622
-1.24624
-1.24626
-1.24628
-1.2463
-1.24632
-1.24634
-1.24636
-1.24639
-1.24641
-1.24643
-1.24645
-1.24647
-1.24649
-1.24651
-1.24653
-1.24655
-1.24657
-1.24659
-1.24661
-1.24663
-1.24665
-1.24668
-1.2467
-1.24672
-1.24674
-1.24676
-1.24678
-1.2468
-1.24682
-1.24684
-1.24686
-1.24688
-1.2469
-1.24692
-1.24695
-1.24697
-1.24699
-1.24701
-1.24703
-1.24705
-1.24707
-1.24709
-1.24711
-1.24713
-1.24715
-1.24717
-1.24719
-1.24721
-1.24724
-1.24726
-1.24728
-1.2473
-1.24732
-1.24734
-1.24736
-1.24738
-1.2474
-1.24742
-1.24744
-1.24746
-1.24748
-1.2475
-1.24753
-1.24755
-1.24757
-1.24759
-1.24761
-1.24763
-1.24765
-1.24767
-1.24769
-1.24771
-1.24773
-1.24775
-1.24777
-1.2478
-1.24782
-1.24784
-1.24786
-1.24788
-1.2479
-1.24792
-1.24794
-1.24796
-1.24798
-1.248
-1.24802
-1.24804
-1.24806
-1.24809
-1.24811
-1.24813
-1.24815
-1.24817
-1.24819
-1.24821
-1.24823
-1.24825
-1.24827
-1.24829
-1.24831
-1.24833
-1.24836
-1.24838
-1.2484
-1.24842
-1.24844
-1.24846
-1.24848
-1.2485
-1.24852
-1.24854
-1.24856
-1.24858
-1.2486
-1.24862
-1.24865
-1.24867
-1.24869
-1.24871
-1.24873
-1.24875
-1.24877
-1.24879
-1.24881
-1.24883
-1.24885
-1.24887
-1.24889
-1.24892
-1.24894
-1.24896
-1.24898
-1.249
-1.24902
-1.24904
-1.24906
-1.24908
-1.2491
-1.24912
-1.24914
-1.24916
-1.24918
-1.24921
-1.24923
-1.24925
-1.24927
-1.24929
-1.24931
-1.24933
-1.24935
-1.24937
-1.24939
-1.24941
-1.24943
-1.24945
-1.24947
-1.2495
-1.24952
-1.24954
-1.24956
-1.24958
-1.2496
-1.24962
-1.24964
-1.24966
-1.24968
-1.2497
-1.24972
-1.24974
-1.24977
-1.24979
-1.24981
-1.24983
-1.24985
-1.24987
-1.24989
-1.24991
-1.24993
-1.24995
-1.24997
-1.24999
-1.25001
-1.25003
-1.25006
-1.25008
-1.2501
-1.25012
-1.25014
-1.25016
-1.25018
-1.2502
-1.25022
-1.25024
-1.25026
-1.25028
-1.2503
-1.25033
-1.25035
-1.25037
-1.25039
-1.25041
-1.25043
-1.25045
-1.25047
-1.25049
-1.25051
-1.25053
-1.25055
-1.25057
-1.25059
-1.25062
-1.25064
-1.25066
-1.25068
-1.2507
-1.25072
-1.25074
-1.25076
-1.25078
-1.2508
-1.25082
-1.25084
-1.25086
-1.25089
-1.25091
-1.25093
-1.25095
-1.25097
-1.25099
-1.25101
-1.25103
-1.25105
-1.25107
-1.25109
-1.25111
-1.25113
-1.25115
-1.25118
-1.2512
-1.25122
-1.25124
-1.25126
-1.25128
-1.2513
-1.25132
-1.25134
-1.25136
-1.25138
-1.2514
-1.25142
-1.25145
-1.25147
-1.25149
-1.25151
-1.25153
-1.25155
-1.25157
-1.25159
-1.25161
-1.25163
-1.25165
-1.25167
-1.25169
-1.25171
-1.25174
-1.25176
-1.25178
-1.2518
-1.25182
-1.25184
-1.25186
-1.25188
-1.2519
-1.25192
-1.25194
-1.25196
-1.25198
-1.25201
-1.25203
-1.25205
-1.25207
-1.25209
-1.25211
-1.25213
-1.25215
-1.25217
-1.25219
-1.25221
-1.25223
-1.25225
-1.25227
-1.2523
-1.25232
-1.25234
-1.25236
-1.25238
-1.2524
-1.25242
-1.25244
-1.25246
-1.25248
-1.2525
-1.25252
-1.25254
-1.25256
-1.25259
-1.25261
-1.25263
-1.25265
-1.25267
-1.25269
-1.25271
-1.25273
-1.25275
-1.25277
-1.25279
-1.25281
-1.25283
-1.25286
-1.25288
-1.2529
-1.25292
-1.25294
-1.25296
-1.25298
-1.253
-1.25302
-1.25304
-1.25306
-1.25308
-1.2531
-1.25312
-1.25315
-1.25317
-1.25319
-1.25321
-1.25323
-1.25325
-1.25327
-1.25329
-1.25331
-1.25333
-1.25335
-1.25337
-1.25339
-1.25342
-1.25344
-1.25346
-1.25348
-1.2535
-1.25352
-1.25354
-1.25356
-1.25358
-1.2536
-1.25362
-1.25364
-1.25366
-1.25368
-1.25371
-1.25373
-1.25375
-1.25377
-1.25379
-1.25381
-1.25383
-1.25385
-1.25387
-1.25389
-1.25391
-1.25393
-1.25395
-1.25398
-1.254
-1.25402
-1.25404
-1.25406
-1.25408
-1.2541
-1.25412
-1.25414
-1.25416
-1.25418
-1.2542
-1.25422
-1.25424
-1.25427
-1.25429
-1.25431
-1.25433
-1.25435
-1.25437
-1.25439
-1.25441
-1.25443
-1.25445
-1.25447
-1.25449
-1.25451
-1.25454
-1.25456
-1.25458
-1.2546
-1.25462
-1.25464
-1.25466
-1.25468
-1.2547
-1.25472
-1.25474
-1.25476
-1.25478
-1.2548
-1.25483
-1.25485
-1.25487
-1.25489
-1.25491
-1.25493
-1.25495
-1.25497
-1.25499
-1.25501
-1.25503
-1.25505
-1.25507
-1.2551
-1.25512
-1.25514
-1.25516
-1.25518
-1.2552
-1.25522
-1.25524
-1.25526
-1.25528
-1.2553
-1.25532
-1.25534
-1.25536
-1.25539
-1.25541
-1.25543
-1.25545
-1.25547
-1.25549
-1.25551
-1.25553
-1.25555
-1.25557
-1.25559
-1.25561
-1.25563
-1.25566
-1.25568
-1.2557
-1.25572
-1.25574
-1.25576
-1.25578
-1.2558
-1.25582
-1.25584
-1.25586
-1.25588
-1.2559
-1.25592
-1.25595
-1.25597
-1.25599
-1.25601
-1.25603
-1.25605
-1.25607
-1.25609
-1.25611
-1.25613
-1.25615
-1.25617
-1.25619
-1.25622
-1.25624
-1.25626
-1.25628
-1.2563
-1.25632
-1.25634
-1.25636
-1.25638
-1.2564
-1.25642
-1.25644
-1.25646
-1.25648
-1.25651
-1.25653
-1.25655
-1.25657
-1.25659
-1.25661
-1.25663
-1.25665
-1.25667
-1.25669
-1.25671
-1.25673
-1.25675
-1.25678
-1.2568
-1.25682
-1.25684
-1.25686
-1.25688
-1.2569
-1.25692
-1.25694
-1.25696
-1.25698
-1.257
-1.25702
-1.25704
-1.25707
-1.25709
-1.25711
-1.25713
-1.25715
-1.25717
-1.25719
-1.25721
-1.25723
-1.25725
-1.25727
-1.25729
-1.25731
-1.25734
-1.25736
-1.25738
-1.2574
-1.25742
-1.25744
-1.25746
-1.25748
-1.2575
-1.25752
-1.25754
-1.25756
-1.25758
-1.2576
-1.25763
-1.25765
-1.25767
-1.25769
-1.25771
-1.25773
-1.25775
-1.25777
-1.25779
-1.25781
-1.25783
-1.25785
-1.25787
-1.2579
-1.25792
-1.25794
-1.25796
-1.25798
-1.258
-1.25802
-1.25804
-1.25806
-1.25808
-1.2581
-1.25812
-1.25814
-1.25816
-1.25819
-1.25821
-1.25823
-1.25825
-1.25827
-1.25829
-1.25831
-1.25833
-1.25835
-1.25837
-1.25839
-1.25841
-1.25843
-1.25846
-1.25848
-1.2585
-1.25852
-1.25854
-1.25856
-1.25858
-1.2586
-1.25862
-1.25864
-1.25866
-1.25868
-1.2587
-1.25872
-1.25875
-1.25877
-1.25879
-1.25881
-1.25883
-1.25885
-1.25887
-1.25889
-1.25891
-1.25893
-1.25895
-1.25897
-1.25899
-1.25902
-1.25904
-1.25906
-1.25908
-1.2591
-1.25912
-1.25914
-1.25916
-1.25918
-1.2592
-1.25922
-1.25924
-1.25926
-1.25928
-1.25931
-1.25933
-1.25935
-1.25937
-1.25939
-1.25941
-1.25943
-1.25945
-1.25947
-1.25949
-1.25951
-1.25953
-1.25955
-1.25958
-1.2596
-1.25962
-1.25964
-1.25966
-1.25968
-1.2597
-1.25972
-1.25974
-1.25976
-1.25978
-1.2598
-1.25982
-1.25984
-1.25987
-1.25989
-1.25991
-1.25993
-1.25995
-1.25997
-1.25999
-1.26001
-1.26003
-1.26005
-1.26007
-1.26009
-1.26011
-1.26014
-1.26016
-1.26018
-1.2602
-1.26022
-1.26024
-1.26026
-1.26028
-1.2603
-1.26032
-1.26034
-1.26036
-1.26038
-1.2604
-1.26043
-1.26045
-1.26047
-1.26049
-1.26051
-1.26053
-1.26055
-1.26057
-1.26059
-1.26061
-1.26063
-1.26065
-1.26067
-1.2607
-1.26072
-1.26074
-1.26076
-1.26078
-1.2608
-1.26082
-1.26084
-1.26086
-1.26088
-1.2609
-1.26092
-1.26094
-1.26096
-1.26099
-1.26101
-1.26103
-1.26105
-1.26107
-1.26109
-1.26111
-1.26113
-1.26115
-1.26117
-1.26119
-1.26121
-1.26123
-1.26126
-1.26128
-1.2613
-1.26132
-1.26134
-1.26136
-1.26138
-1.2614
-1.26142
-1.26144
-1.26146
-1.26148
-1.2615
-1.26152
-1.26155
-1.26157
-1.26159
-1.26161
-1.26163
-1.26165
-1.26167
-1.26169
-1.26171
-1.26173
-1.26175
-1.26177
-1.26179
-1.26182
-1.26184
-1.26186
-1.26188
-1.2619
-1.26192
-1.26194
-1.26196
-1.26198
-1.262
-1.26202
-1.26204
-1.26206
-1.26208
-1.26211
-1.26213
-1.26215
-1.26217
-1.26219
-1.26221
-1.26223
-1.26225
-1.26227
-1.26229
-1.26231
-1.26233
-1.26235
-1.26238
-1.2624
-1.26242
-1.26244
-1.26246
-1.26248
-1.2625
-1.26252
-1.26254
-1.26256
-1.26258
-1.2626
-1.26262
-1.26264
-1.26267
-1.26269
-1.26271
-1.26273
-1.26275
-1.26277
-1.26279
-1.26281
-1.26283
-1.26285
-1.26287
-1.26289
-1.26291
-1.26294
-1.26296
-1.26298
-1.263
-1.26302
-1.26304
-1.26306
-1.26308
-1.2631
-1.26312
-1.26314
-1.26316
-1.26318
-1.26321
-1.26323
-1.26325
-1.26327
-1.26329
-1.26331
-1.26333
-1.26335
-1.26337
-1.26339
-1.26341
-1.26343
-1.26345
-1.26347
-1.2635
-1.26352
-1.26354
-1.26356
-1.26358
-1.2636
-1.26362
-1.26364
-1.26366
-1.26368
-1.2637
-1.26372
-1.26374
-1.26377
-1.26379
-1.26381
-1.26383
-1.26385
-1.26387
-1.26389
-1.26391
-1.26393
-1.26395
-1.26397
-1.26399
-1.26401
-1.26403
-1.26406
-1.26408
-1.2641
-1.26412
-1.26414
-1.26416
-1.26418
-1.2642
-1.26422
-1.26424
-1.26426
-1.26428
-1.2643
-1.26433
-1.26435
-1.26437
-1.26439
-1.26441
-1.26443
-1.26445
-1.26447
-1.26449
-1.26451
-1.26453
-1.26455
-1.26457
-1.26459
-1.26462
-1.26464
-1.26466
-1.26468
-1.2647
-1.26472
-1.26474
-1.26476
-1.26478
-1.2648
-1.26482
-1.26484
-1.26486
-1.26489
-1.26491
-1.26493
-1.26495
-1.26497
-1.26499
-1.26501
-1.26503
-1.26505
-1.26507
-1.26509
-1.26511
-1.26513
-1.26515
-1.26518
-1.2652
-1.26522
-1.26524
-1.26526
-1.26528
-1.2653
-1.26532
-1.26534
-1.26536
-1.26538
-1.2654
-1.26542
-1.26545
-1.26547
-1.26549
-1.26551
-1.26553
-1.26555
-1.26557
-1.26559
-1.26561
-1.26563
-1.26565
-1.26567
-1.26569
-1.26572
-1.26574
-1.26576
-1.26578
-1.2658
-1.26582
-1.26584
-1.26586
-1.26588
-1.2659
-1.26592
-1.26594
-1.26596
-1.26598
-1.26601
-1.26603
-1.26605
-1.26607
-1.26609
-1.26611
-1.26613
-1.26615
-1.26617
-1.26619
-1.26621
-1.26623
-1.26625
-1.26628
-1.2663
-1.26632
-1.26634
-1.26636
-1.26638
-1.2664
-1.26642
-1.26644
-1.26646
-1.26648
-1.2665
-1.26652
-1.26654
-1.26657
-1.26659
-1.26661
-1.26663
-1.26665
-1.26667
-1.26669
-1.26671
-1.26673
-1.26675
-1.26677
-1.26679
-1.26681
-1.26684
-1.26686
-1.26688
-1.2669
-1.26692
-1.26694
-1.26696
-1.26698
-1.267
-1.26702
-1.26704
-1.26706
-1.26708
-1.2671
-1.26713
-1.26715
-1.26717
-1.26719
-1.26721
-1.26723
-1.26725
-1.26727
-1.26729
-1.26731
-1.26733
-1.26735
-1.26737
-1.2674
-1.26742
-1.26744
-1.26746
-1.26748
-1.2675
-1.26752
-1.26754
-1.26756
-1.26758
-1.2676
-1.26762
-1.26764
-1.26766
-1.26769
-1.26771
-1.26773
-1.26775
-1.26777
-1.26779
-1.26781
-1.26783
-1.26785
-1.26787
-1.26789
-1.26791
-1.26793
-1.26796
-1.26798
-1.268
-1.26802
-1.26804
-1.26806
-1.26808
-1.2681
-1.26812
-1.26814
-1.26816
-1.26818
-1.2682
-1.26823
-1.26825
-1.26827
-1.26829
-1.26831
-1.26833
-1.26835
-1.26837
-1.26839
-1.26841
-1.26843
-1.26845
-1.26847
-1.26849
-1.26852
-1.26854
-1.26856
-1.26858
-1.2686
-1.26862
-1.26864
-1.26866
-1.26868
-1.2687
-1.26872
-1.26874
-1.26876
-1.26879
-1.26881
-1.26883
-1.26885
-1.26887
-1.26889
-1.26891
-1.26893
-1.26895
-1.26897
-1.26899
-1.26901
-1.26903
-1.26905
-1.26908
-1.2691
-1.26912
-1.26914
-1.26916
-1.26918
-1.2692
-1.26922
-1.26924
-1.26926
-1.26928
-1.2693
-1.26932
-1.26935
-1.26937
-1.26939
-1.26941
-1.26943
-1.26945
-1.26947
-1.26949
-1.26951
-1.26953
-1.26955
-1.26957
-1.26959
-1.26962
-1.26964
-1.26966
-1.26968
-1.2697
-1.26972
-1.26974
-1.26976
-1.26978
-1.2698
-1.26982
-1.26984
-1.26986
-1.26988
-1.26991
-1.26993
-1.26995
-1.26997
-1.26999
-1.27001
-1.27003
-1.27005
-1.27007
-1.27009
-1.27011
-1.27013
-1.27015
-1.27018
-1.2702
-1.27022
-1.27024
-1.27026
-1.27028
-1.2703
-1.27032
-1.27034
-1.27036
-1.27038
-1.2704
-1.27042
-1.27044
-1.27047
-1.27049
-1.27051
-1.27053
-1.27055
-1.27057
-1.27059
-1.27061
-1.27063
-1.27065
-1.27067
-1.27069
-1.27071
-1.27074
-1.27076
-1.27078
-1.2708
-1.27082
-1.27084
-1.27086
-1.27088
-1.2709
-1.27092
-1.27094
-1.27096
-1.27098
-1.27101
-1.27103
-1.27105
-1.27107
-1.27109
-1.27111
-1.27113
-1.27115
-1.27117
-1.27119
-1.27121
-1.27123
-1.27125
-1.27127
-1.2713
-1.27132
-1.27134
-1.27136
-1.27138
-1.2714
-1.27142
-1.27144
-1.27146
-1.27148
-1.2715
-1.27152
-1.27154
-1.27157
-1.27159
-1.27161
-1.27163
-1.27165
-1.27167
-1.27169
-1.27171
-1.27173
-1.27175
-1.27177
-1.27179
-1.27181
-1.27183
-1.27186
-1.27188
-1.2719
-1.27192
-1.27194
-1.27196
-1.27198
-1.272
-1.27202
-1.27204
-1.27206
-1.27208
-1.2721
-1.27213
-1.27215
-1.27217
-1.27219
-1.27221
-1.27223
-1.27225
-1.27227
-1.27229
-1.27231
-1.27233
-1.27235
-1.27237
-1.2724
-1.27242
-1.27244
-1.27246
-1.27248
-1.2725
-1.27252
-1.27254
-1.27256
-1.27258
-1.2726
-1.27262
-1.27264
-1.27266
-1.27269
-1.27271
-1.27273
-1.27275
-1.27277
-1.27279
-1.27281
-1.27283
-1.27285
-1.27287
-1.27289
-1.27291
-1.27293
-1.27296
-1.27298
-1.273
-1.27302
-1.27304
-1.27306
-1.27308
-1.2731
-1.27312
-1.27314
-1.27316
-1.27318
-1.2732
-1.27322
-1.27325
-1.27327
-1.27329
-1.27331
-1.27333
-1.27335
-1.27337
-1.27339
-1.27341
-1.27343
-1.27345
-1.27347
-1.27349
-1.27352
-1.27354
-1.27356
-1.27358
-1.2736
-1.27362
-1.27364
-1.27366
-1.27368
-1.2737
-1.27372
-1.27374
-1.27376
-1.27379
-1.27381
-1.27383
-1.27385
-1.27387
-1.27389
-1.27391
-1.27393
-1.27395
-1.27397
-1.27399
-1.27401
-1.27403
-1.27405
-1.27408
-1.2741
-1.27412
-1.27414
-1.27416
-1.27418
-1.2742
-1.27422
-1.27424
-1.27426
-1.27428
-1.2743
-1.27432
-1.27435
-1.27437
-1.27439
-1.27441
-1.27443
-1.27445
-1.27447
-1.27449
-1.27451
-1.27453
-1.27455
-1.27457
-1.27459
-1.27462
-1.27464
-1.27466
-1.27468
-1.2747
-1.27472
-1.27474
-1.27476
-1.27478
-1.2748
-1.27482
-1.27484
-1.27486
-1.27488
-1.27491
-1.27493
-1.27495
-1.27497
-1.27499
-1.27501
-1.27503
-1.27505
-1.27507
-1.27509
-1.27511
-1.27513
-1.27515
-1.27518
-1.2752
-1.27522
-1.27524
-1.27526
-1.27528
-1.2753
-1.27532
-1.27534
-1.27536
-1.27538
-1.2754
-1.27542
-1.27544
-1.27547
-1.27549
-1.27551
-1.27553
-1.27555
-1.27557
-1.27559
-1.27561
-1.27563
-1.27565
-1.27567
-1.27569
-1.27571
-1.27574
-1.27576
-1.27578
-1.2758
-1.27582
-1.27584
-1.27586
-1.27588
-1.2759
-1.27592
-1.27594
-1.27596
-1.27598
-1.27601
-1.27603
-1.27605
-1.27607
-1.27609
-1.27611
-1.27613
-1.27615
-1.27617
-1.27619
-1.27621
-1.27623
-1.27625
-1.27627
-1.2763
-1.27632
-1.27634
-1.27636
-1.27638
-1.2764
-1.27642
-1.27644
-1.27646
-1.27648
-1.2765
-1.27652
-1.27654
-1.27657
-1.27659
-1.27661
-1.27663
-1.27665
-1.27667
-1.27669
-1.27671
-1.27673
-1.27675
-1.27677
-1.27679
-1.27681
-1.27684
-1.27686
-1.27688
-1.2769
-1.27692
-1.27694
-1.27696
-1.27698
-1.277
-1.27702
-1.27704
-1.27706
-1.27708
-1.2771
-1.27713
-1.27715
-1.27717
-1.27719
-1.27721
-1.27723
-1.27725
-1.27727
-1.27729
-1.27731
