0
0.000147059
0.000294118
0.000441176
0.000588235
0.000735294
0.000882353
0.00102941
0.00117647
0.00132353
0.00147059
0.00161765
0.00176471
0.00191176
0.00205882
0.00220588
0.00235294
0.0025
0.00264706
0.00279412
0.00294118
0.00308824
0.00323529
0.00338235
0.00352941
0.00367647
0.00382353
0.00397059
0.00411765
0.00426471
0.00441176
0.00455882
0.00470588
0.00485294
0.005
0.00514706
0.00529412
0.00544118
0.00558824
0.00573529
0.00588235
0.00602941
0.00617647
0.00632353
0.00647059
0.00661765
0.00676471
0.00691176
0.00705882
0.00720588
0.00735294
0.0075
0.00764706
0.00779412
0.00794118
0.00808824
0.00823529
0.00838235
0.00852941
0.00867647
0.00882353
0.00897059
0.00911765
0.00926471
0.00941176
0.00955882
0.00970588
0.00985294
0.01
0.0101471
0.0102941
0.0104412
0.0105882
0.0107353
0.0108824
0.0110294
0.0111765
0.0113235
0.0114706
0.0116176
0.0117647
0.0119118
0.0120588
0.0122059
0.0123529
0.0125
0.0126471
0.0127941
0.0129412
0.0130882
0.0132353
0.0133824
0.0135294
0.0136765
0.0138235
0.0139706
0.0141176
0.0142647
0.0144118
0.0145588
0.0147059
0.0148529
0.015
0.0151471
0.0152941
0.0154412
0.0155882
0.0157353
0.0158824
0.0160294
0.0161765
0.0163235
0.0164706
0.0166176
0.0167647
0.0169118
0.0170588
0.0172059
0.0173529
0.0175
0.0176471
0.0177941
0.0179412
0.0180882
0.0182353
0.0183824
0.0185294
0.0186765
0.0188235
0.0189706
0.0191176
0.0192647
0.0194118
0.0195588
0.0197059
0.0198529
0.02
0.0201471
0.0202941
0.0204412
0.0205882
0.0207353
0.0208824
0.0210294
0.0211765
0.0213235
0.0214706
0.0216176
0.0217647
0.0219118
0.0220588
0.0222059
0.0223529
0.0225
0.0226471
0.0227941
0.0229412
0.0230882
0.0232353
0.0233824
0.0235294
0.0236765
0.0238235
0.0239706
0.0241176
0.0242647
0.0244118
0.0245588
0.0247059
0.0248529
0.025
0.0251471
0.0252941
0.0254412
0.0255882
0.0257353
0.0258824
0.0260294
0.0261765
0.0263235
0.0264706
0.0266176
0.0267647
0.0269118
0.0270588
0.0272059
0.0273529
0.0275
0.0276471
0.0277941
0.0279412
0.0280882
0.0282353
0.0283824
0.0285294
0.0286765
0.0288235
0.0289706
0.0291176
0.0292647
0.0294118
0.0295588
0.0297059
0.0298529
0.03
0.0301471
0.0302941
0.0304412
0.0305882
0.0307353
0.0308824
0.0310294
0.0311765
0.0313235
0.0314706
0.0316176
0.0317647
0.0319118
0.0320588
0.0322059
0.0323529
0.0325
0.0326471
0.0327941
0.0329412
0.0330882
0.0332353
0.0333824
0.0335294
0.0336765
0.0338235
0.0339706
0.0341176
0.0342647
0.0344118
0.0345588
0.0347059
0.0348529
0.035
0.0351471
0.0352941
0.0354412
0.0355882
0.0357353
0.0358824
0.0360294
0.0361765
0.0363235
0.0364706
0.0366176
0.0367647
0.0369118
0.0370588
0.0372059
0.0373529
0.0375
0.0376471
0.0377941
0.0379412
0.0380882
0.0382353
0.0383824
0.0385294
0.0386765
0.0388235
0.0389706
0.0391176
0.0392647
0.0394118
0.0395588
0.0397059
0.0398529
0.04
0.0401471
0.0402941
0.0404412
0.0405882
0.0407353
0.0408824
0.0410294
0.0411765
0.0413235
0.0414706
0.0416176
0.0417647
0.0419118
0.0420588
0.0422059
0.0423529
0.0425
0.0426471
0.0427941
0.0429412
0.0430882
0.0432353
0.0433824
0.0435294
0.0436765
0.0438235
0.0439706
0.0441176
0.0442647
0.0444118
0.0445588
0.0447059
0.0448529
0.045
0.0451471
0.0452941
0.0454412
0.0455882
0.0457353
0.0458824
0.0460294
0.0461765
0.0463235
0.0464706
0.0466176
0.0467647
0.0469118
0.0470588
0.0472059
0.0473529
0.0475
0.0476471
0.0477941
0.0479412
0.0480882
0.0482353
0.0483824
0.0485294
0.0486765
0.0488235
0.0489706
0.0491176
0.0492647
0.0494118
0.0495588
0.0497059
0.0498529
0.05
0.0501471
0.0502941
0.0504412
0.0505882
0.0507353
0.0508824
0.0510294
0.0511765
0.0513235
0.0514706
0.0516176
0.0517647
0.0519118
0.0520588
0.0522059
0.0523529
0.0525
0.0526471
0.0527941
0.0529412
0.0530882
0.0532353
0.0533824
0.0535294
0.0536765
0.0538235
0.0539706
0.0541176
0.0542647
0.0544118
0.0545588
0.0547059
0.0548529
0.055
0.0551471
0.0552941
0.0554412
0.0555882
0.0557353
0.0558824
0.0560294
0.0561765
0.0563235
0.0564706
0.0566176
0.0567647
0.0569118
0.0570588
0.0572059
0.0573529
0.0575
0.0576471
0.0577941
0.0579412
0.0580882
0.0582353
0.0583824
0.0585294
0.0586765
0.0588235
0.0589706
0.0591176
0.0592647
0.0594118
0.0595588
0.0597059
0.0598529
0.06
0.0601471
0.0602941
0.0604412
0.0605882
0.0607353
0.0608824
0.0610294
0.0611765
0.0613235
0.0614706
0.0616176
0.0617647
0.0619118
0.0620588
0.0622059
0.0623529
0.0625
0.0626471
0.0627941
0.0629412
0.0630882
0.0632353
0.0633824
0.0635294
0.0636765
0.0638235
0.0639706
0.0641176
0.0642647
0.0644118
0.0645588
0.0647059
0.0648529
0.065
0.0651471
0.0652941
0.0654412
0.0655882
0.0657353
0.0658824
0.0660294
0.0661765
0.0663235
0.0664706
0.0666176
0.0667647
0.0669118
0.0670588
0.0672059
0.0673529
0.0675
0.0676471
0.0677941
0.0679412
0.0680882
0.0682353
0.0683824
0.0685294
0.0686765
0.0688235
0.0689706
0.0691176
0.0692647
0.0694118
0.0695588
0.0697059
0.0698529
0.07
0.0701471
0.0702941
0.0704412
0.0705882
0.0707353
0.0708824
0.0710294
0.0711765
0.0713235
0.0714706
0.0716176
0.0717647
0.0719118
0.0720588
0.0722059
0.0723529
0.0725
0.0726471
0.0727941
0.0729412
0.0730882
0.0732353
0.0733824
0.0735294
0.0736765
0.0738235
0.0739706
0.0741176
0.0742647
0.0744118
0.0745588
0.0747059
0.0748529
0.075
0.0751471
0.0752941
0.0754412
0.0755882
0.0757353
0.0758824
0.0760294
0.0761765
0.0763235
0.0764706
0.0766176
0.0767647
0.0769118
0.0770588
0.0772059
0.0773529
0.0775
0.0776471
0.0777941
0.0779412
0.0780882
0.0782353
0.0783824
0.0785294
0.0786765
0.0788235
0.0789706
0.0791176
0.0792647
0.0794118
0.0795588
0.0797059
0.0798529
0.08
0.0801471
0.0802941
0.0804412
0.0805882
0.0807353
0.0808824
0.0810294
0.0811765
0.0813235
0.0814706
0.0816176
0.0817647
0.0819118
0.0820588
0.0822059
0.0823529
0.0825
0.0826471
0.0827941
0.0829412
0.0830882
0.0832353
0.0833824
0.0835294
0.0836765
0.0838235
0.0839706
0.0841176
0.0842647
0.0844118
0.0845588
0.0847059
0.0848529
0.085
0.0851471
0.0852941
0.0854412
0.0855882
0.0857353
0.0858824
0.0860294
0.0861765
0.0863235
0.0864706
0.0866176
0.0867647
0.0869118
0.0870588
0.0872059
0.0873529
0.0875
0.0876471
0.0877941
0.0879412
0.0880882
0.0882353
0.0883824
0.0885294
0.0886765
0.0888235
0.0889706
0.0891176
0.0892647
0.0894118
0.0895588
0.0897059
0.0898529
0.09
0.0901471
0.0902941
0.0904412
0.0905882
0.0907353
0.0908824
0.0910294
0.0911765
0.0913235
0.0914706
0.0916176
0.0917647
0.0919118
0.0920588
0.0922059
0.0923529
0.0925
0.0926471
0.0927941
0.0929412
0.0930882
0.0932353
0.0933824
0.0935294
0.0936765
0.0938235
0.0939706
0.0941176
0.0942647
0.0944118
0.0945588
0.0947059
0.0948529
0.095
0.0951471
0.0952941
0.0954412
0.0955882
0.0957353
0.0958824
0.0960294
0.0961765
0.0963235
0.0964706
0.0966176
0.0967647
0.0969118
0.0970588
0.0972059
0.0973529
0.0975
0.0976471
0.0977941
0.0979412
0.0980882
0.0982353
0.0983824
0.0985294
0.0986765
0.0988235
0.0989706
0.0991176
0.0992647
0.0994118
0.0995588
0.0997059
0.0998529
0.1
0.100147
0.100294
0.100441
0.100588
0.100735
0.100882
0.101029
0.101176
0.101324
0.101471
0.101618
0.101765
0.101912
0.102059
0.102206
0.102353
0.1025
0.102647
0.102794
0.102941
0.103088
0.103235
0.103382
0.103529
0.103676
0.103824
0.103971
0.104118
0.104265
0.104412
0.104559
0.104706
0.104853
0.105
0.105147
0.105294
0.105441
0.105588
0.105735
0.105882
0.106029
0.106176
0.106324
0.106471
0.106618
0.106765
0.106912
0.107059
0.107206
0.107353
0.1075
0.107647
0.107794
0.107941
0.108088
0.108235
0.108382
0.108529
0.108676
0.108824
0.108971
0.109118
0.109265
0.109412
0.109559
0.109706
0.109853
0.11
0.110147
0.110294
0.110441
0.110588
0.110735
0.110882
0.111029
0.111176
0.111324
0.111471
0.111618
0.111765
0.111912
0.112059
0.112206
0.112353
0.1125
0.112647
0.112794
0.112941
0.113088
0.113235
0.113382
0.113529
0.113676
0.113824
0.113971
0.114118
0.114265
0.114412
0.114559
0.114706
0.114853
0.115
0.115147
0.115294
0.115441
0.115588
0.115735
0.115882
0.116029
0.116176
0.116324
0.116471
0.116618
0.116765
0.116912
0.117059
0.117206
0.117353
0.1175
0.117647
0.117794
0.117941
0.118088
0.118235
0.118382
0.118529
0.118676
0.118824
0.118971
0.119118
0.119265
0.119412
0.119559
0.119706
0.119853
0.12
0.120147
0.120294
0.120441
0.120588
0.120735
0.120882
0.121029
0.121176
0.121324
0.121471
0.121618
0.121765
0.121912
0.122059
0.122206
0.122353
0.1225
0.122647
0.122794
0.122941
0.123088
0.123235
0.123382
0.123529
0.123676
0.123824
0.123971
0.124118
0.124265
0.124412
0.124559
0.124706
0.124853
0.125
0.125147
0.125294
0.125441
0.125588
0.125735
0.125882
0.126029
0.126176
0.126324
0.126471
0.126618
0.126765
0.126912
0.127059
0.127206
0.127353
0.1275
0.127647
0.127794
0.127941
0.128088
0.128235
0.128382
0.128529
0.128676
0.128824
0.128971
0.129118
0.129265
0.129412
0.129559
0.129706
0.129853
0.13
0.130147
0.130294
0.130441
0.130588
0.130735
0.130882
0.131029
0.131176
0.131324
0.131471
0.131618
0.131765
0.131912
0.132059
0.132206
0.132353
0.1325
0.132647
0.132794
0.132941
0.133088
0.133235
0.133382
0.133529
0.133676
0.133824
0.133971
0.134118
0.134265
0.134412
0.134559
0.134706
0.134853
0.135
0.135147
0.135294
0.135441
0.135588
0.135735
0.135882
0.136029
0.136176
0.136324
0.136471
0.136618
0.136765
0.136912
0.137059
0.137206
0.137353
0.1375
0.137647
0.137794
0.137941
0.138088
0.138235
0.138382
0.138529
0.138676
0.138824
0.138971
0.139118
0.139265
0.139412
0.139559
0.139706
0.139853
0.14
0.140147
0.140294
0.140441
0.140588
0.140735
0.140882
0.141029
0.141176
0.141324
0.141471
0.141618
0.141765
0.141912
0.142059
0.142206
0.142353
0.1425
0.142647
0.142794
0.142941
0.143088
0.143235
0.143382
0.143529
0.143676
0.143824
0.143971
0.144118
0.144265
0.144412
0.144559
0.144706
0.144853
0.145
0.145147
0.145294
0.145441
0.145588
0.145735
0.145882
0.146029
0.146176
0.146324
0.146471
0.146618
0.146765
0.146912
0.147059
0.147206
0.147353
0.1475
0.147647
0.147794
0.147941
0.148088
0.148235
0.148382
0.148529
0.148676
0.148824
0.148971
0.149118
0.149265
0.149412
0.149559
0.149706
0.149853
0.15
0.150147
0.150294
0.150441
0.150588
0.150735
0.150882
0.151029
0.151176
0.151324
0.151471
0.151618
0.151765
0.151912
0.152059
0.152206
0.152353
0.1525
0.152647
0.152794
0.152941
0.153088
0.153235
0.153382
0.153529
0.153676
0.153824
0.153971
0.154118
0.154265
0.154412
0.154559
0.154706
0.154853
0.155
0.155147
0.155294
0.155441
0.155588
0.155735
0.155882
0.156029
0.156176
0.156324
0.156471
0.156618
0.156765
0.156912
0.157059
0.157206
0.157353
0.1575
0.157647
0.157794
0.157941
0.158088
0.158235
0.158382
0.158529
0.158676
0.158824
0.158971
0.159118
0.159265
0.159412
0.159559
0.159706
0.159853
0.16
0.160147
0.160294
0.160441
0.160588
0.160735
0.160882
0.161029
0.161176
0.161324
0.161471
0.161618
0.161765
0.161912
0.162059
0.162206
0.162353
0.1625
0.162647
0.162794
0.162941
0.163088
0.163235
0.163382
0.163529
0.163676
0.163824
0.163971
0.164118
0.164265
0.164412
0.164559
0.164706
0.164853
0.165
0.165147
0.165294
0.165441
0.165588
0.165735
0.165882
0.166029
0.166176
0.166324
0.166471
0.166618
0.166765
0.166912
0.167059
0.167206
0.167353
0.1675
0.167647
0.167794
0.167941
0.168088
0.168235
0.168382
0.168529
0.168676
0.168824
0.168971
0.169118
0.169265
0.169412
0.169559
0.169706
0.169853
0.17
0.170147
0.170294
0.170441
0.170588
0.170735
0.170882
0.171029
0.171176
0.171324
0.171471
0.171618
0.171765
0.171912
0.172059
0.172206
0.172353
0.1725
0.172647
0.172794
0.172941
0.173088
0.173235
0.173382
0.173529
0.173676
0.173824
0.173971
0.174118
0.174265
0.174412
0.174559
0.174706
0.174853
0.175
0.175147
0.175294
0.175441
0.175588
0.175735
0.175882
0.176029
0.176176
0.176324
0.176471
