0
0.000229358
0.000458716
0.000688073
0.000917431
0.00114679
0.00137615
0.0016055
0.00183486
0.00206422
0.00229358
0.00252294
0.00275229
0.00298165
0.00321101
0.00344037
0.00366972
0.00389908
0.00412844
0.0043578
0.00458716
0.00481651
0.00504587
0.00527523
0.00550459
0.00573394
0.0059633
0.00619266
0.00642202
0.00665138
0.00688073
0.00711009
0.00733945
0.00756881
0.00779817
0.00802752
0.00825688
0.00848624
0.0087156
0.00894495
0.00917431
0.00940367
0.00963303
0.00986239
0.0100917
0.0103211
0.0105505
0.0107798
0.0110092
0.0112385
0.0114679
0.0116972
0.0119266
0.012156
0.0123853
0.0126147
0.012844
0.0130734
0.0133028
0.0135321
0.0137615
0.0139908
0.0142202
0.0144495
0.0146789
0.0149083
0.0151376
0.015367
0.0155963
0.0158257
0.016055
0.0162844
0.0165138
0.0167431
0.0169725
0.0172018
0.0174312
0.0176606
0.0178899
0.0181193
0.0183486
0.018578
0.0188073
0.0190367
0.0192661
0.0194954
0.0197248
0.0199541
0.0201835
0.0204128
0.0206422
0.0208716
0.0211009
0.0213303
0.0215596
0.021789
0.0220183
0.0222477
0.0224771
0.0227064
0.0229358
0.0231651
0.0233945
0.0236239
0.0238532
0.0240826
0.0243119
0.0245413
0.0247706
0.025
0.0252294
0.0254587
0.0256881
0.0259174
0.0261468
0.0263761
0.0266055
0.0268349
0.0270642
0.0272936
0.0275229
0.0277523
0.0279817
0.028211
0.0284404
0.0286697
0.0288991
0.0291284
0.0293578
0.0295872
0.0298165
0.0300459
0.0302752
0.0305046
0.0307339
0.0309633
0.0311927
0.031422
0.0316514
0.0318807
0.0321101
0.0323394
0.0325688
0.0327982
0.0330275
0.0332569
0.0334862
0.0337156
0.033945
0.0341743
0.0344037
0.034633
0.0348624
0.0350917
0.0353211
0.0355505
0.0357798
0.0360092
0.0362385
0.0364679
0.0366972
0.0369266
0.037156
0.0373853
0.0376147
0.037844
0.0380734
0.0383028
0.0385321
0.0387615
0.0389908
0.0392202
0.0394495
0.0396789
0.0399083
0.0401376
0.040367
0.0405963
0.0408257
0.041055
0.0412844
0.0415138
0.0417431
0.0419725
0.0422018
0.0424312
0.0426606
0.0428899
0.0431193
0.0433486
0.043578
0.0438073
0.0440367
0.0442661
0.0444954
0.0447248
0.0449541
0.0451835
0.0454128
0.0456422
0.0458716
0.0461009
0.0463303
0.0465596
0.046789
0.0470183
0.0472477
0.0474771
0.0477064
0.0479358
0.0481651
0.0483945
0.0486239
0.0488532
0.0490826
0.0493119
0.0495413
0.0497706
0.05
0.0502294
0.0504587
0.0506881
0.0509174
0.0511468
0.0513761
0.0516055
0.0518349
0.0520642
0.0522936
0.0525229
0.0527523
0.0529817
0.053211
0.0534404
0.0536697
0.0538991
0.0541284
0.0543578
0.0545872
0.0548165
0.0550459
0.0552752
0.0555046
0.0557339
0.0559633
0.0561927
0.056422
0.0566514
0.0568807
0.0571101
0.0573394
0.0575688
0.0577982
0.0580275
0.0582569
0.0584862
0.0587156
0.058945
0.0591743
0.0594037
0.059633
0.0598624
0.0600917
0.0603211
0.0605505
0.0607798
0.0610092
0.0612385
0.0614679
0.0616972
0.0619266
0.062156
0.0623853
0.0626147
0.062844
0.0630734
0.0633028
0.0635321
0.0637615
0.0639908
0.0642202
0.0644495
0.0646789
0.0649083
0.0651376
0.065367
0.0655963
0.0658257
0.066055
0.0662844
0.0665138
0.0667431
0.0669725
0.0672018
0.0674312
0.0676606
0.0678899
0.0681193
0.0683486
0.068578
0.0688073
0.0690367
0.0692661
0.0694954
0.0697248
0.0699541
0.0701835
0.0704128
0.0706422
0.0708716
0.0711009
0.0713303
0.0715596
0.071789
0.0720183
0.0722477
0.0724771
0.0727064
0.0729358
0.0731651
0.0733945
0.0736239
0.0738532
0.0740826
0.0743119
0.0745413
0.0747706
0.075
0.0752294
0.0754587
0.0756881
0.0759174
0.0761468
0.0763761
0.0766055
0.0768349
0.0770642
0.0772936
0.0775229
0.0777523
0.0779817
0.078211
0.0784404
0.0786697
0.0788991
0.0791284
0.0793578
0.0795872
0.0798165
0.0800459
0.0802752
0.0805046
0.0807339
0.0809633
0.0811927
0.081422
0.0816514
0.0818807
0.0821101
0.0823394
0.0825688
0.0827982
0.0830275
0.0832569
0.0834862
0.0837156
0.083945
0.0841743
0.0844037
0.084633
0.0848624
0.0850917
0.0853211
0.0855505
0.0857798
0.0860092
0.0862385
0.0864679
0.0866972
0.0869266
0.087156
0.0873853
0.0876147
0.087844
0.0880734
0.0883028
0.0885321
0.0887615
0.0889908
0.0892202
0.0894495
0.0896789
0.0899083
0.0901376
0.090367
0.0905963
0.0908257
0.091055
0.0912844
0.0915138
0.0917431
0.0919725
0.0922018
0.0924312
0.0926606
0.0928899
0.0931193
0.0933486
0.093578
0.0938073
0.0940367
0.0942661
0.0944954
0.0947248
0.0949541
0.0951835
0.0954128
0.0956422
0.0958716
0.0961009
0.0963303
0.0965596
0.096789
0.0970183
0.0972477
0.0974771
0.0977064
0.0979358
0.0981651
0.0983945
0.0986239
0.0988532
0.0990826
0.0993119
0.0995413
0.0997706
0.1
0.100229
0.100459
0.100688
0.100917
0.101147
0.101376
0.101606
0.101835
0.102064
0.102294
0.102523
0.102752
0.102982
0.103211
0.10344
0.10367
0.103899
0.104128
0.104358
0.104587
0.104817
0.105046
0.105275
0.105505
0.105734
0.105963
0.106193
0.106422
0.106651
0.106881
0.10711
0.107339
0.107569
0.107798
0.108028
0.108257
0.108486
0.108716
0.108945
0.109174
0.109404
0.109633
0.109862
0.110092
0.110321
0.11055
0.11078
0.111009
0.111239
0.111468
0.111697
0.111927
0.112156
0.112385
0.112615
0.112844
0.113073
0.113303
0.113532
0.113761
0.113991
0.11422
0.11445
0.114679
0.114908
0.115138
0.115367
0.115596
0.115826
0.116055
0.116284
0.116514
0.116743
0.116972
0.117202
0.117431
0.117661
0.11789
0.118119
0.118349
0.118578
0.118807
0.119037
0.119266
0.119495
0.119725
0.119954
0.120183
0.120413
0.120642
0.120872
0.121101
0.12133
0.12156
0.121789
0.122018
0.122248
0.122477
0.122706
0.122936
0.123165
0.123394
0.123624
0.123853
0.124083
0.124312
0.124541
0.124771
0.125
0.125229
0.125459
0.125688
0.125917
0.126147
0.126376
0.126606
0.126835
0.127064
0.127294
0.127523
0.127752
0.127982
0.128211
0.12844
0.12867
0.128899
0.129128
0.129358
0.129587
0.129817
0.130046
0.130275
0.130505
0.130734
0.130963
0.131193
0.131422
0.131651
0.131881
0.13211
0.132339
0.132569
0.132798
0.133028
0.133257
0.133486
0.133716
0.133945
0.134174
0.134404
0.134633
0.134862
0.135092
0.135321
0.13555
0.13578
0.136009
0.136239
0.136468
0.136697
0.136927
0.137156
0.137385
0.137615
0.137844
0.138073
0.138303
0.138532
0.138761
0.138991
0.13922
0.13945
0.139679
0.139908
0.140138
0.140367
0.140596
0.140826
0.141055
0.141284
0.141514
0.141743
0.141972
0.142202
0.142431
0.142661
0.14289
0.143119
0.143349
0.143578
0.143807
0.144037
0.144266
0.144495
0.144725
0.144954
0.145183
0.145413
0.145642
0.145872
0.146101
0.14633
0.14656
0.146789
0.147018
0.147248
0.147477
0.147706
0.147936
0.148165
0.148394
0.148624
0.148853
0.149083
0.149312
0.149541
0.149771
0.15
0.150229
0.150459
0.150688
0.150917
0.151147
0.151376
0.151606
0.151835
0.152064
0.152294
0.152523
0.152752
0.152982
0.153211
0.15344
0.15367
0.153899
0.154128
0.154358
0.154587
0.154817
0.155046
0.155275
0.155505
0.155734
0.155963
0.156193
0.156422
0.156651
0.156881
0.15711
0.157339
0.157569
0.157798
0.158028
0.158257
0.158486
0.158716
0.158945
0.159174
0.159404
0.159633
0.159862
0.160092
0.160321
0.16055
0.16078
0.161009
0.161239
0.161468
0.161697
0.161927
0.162156
0.162385
0.162615
0.162844
0.163073
0.163303
0.163532
0.163761
0.163991
0.16422
0.16445
0.164679
0.164908
0.165138
0.165367
0.165596
0.165826
0.166055
0.166284
0.166514
0.166743
0.166972
0.167202
0.167431
0.167661
0.16789
0.168119
0.168349
0.168578
0.168807
0.169037
0.169266
0.169495
0.169725
0.169954
0.170183
0.170413
0.170642
0.170872
0.171101
0.17133
0.17156
0.171789
0.172018
0.172248
0.172477
0.172706
0.172936
0.173165
0.173394
0.173624
0.173853
0.174083
0.174312
0.174541
0.174771
0.175
0.175229
0.175459
0.175688
0.175917
0.176147
0.176376
0.176606
0.176835
0.177064
0.177294
0.177523
0.177752
0.177982
0.178211
0.17844
0.17867
0.178899
0.179128
0.179358
0.179587
0.179817
0.180046
0.180275
0.180505
0.180734
0.180963
0.181193
0.181422
0.181651
0.181881
0.18211
0.182339
0.182569
0.182798
0.183028
0.183257
0.183486
0.183716
0.183945
0.184174
0.184404
0.184633
0.184862
0.185092
0.185321
0.18555
0.18578
0.186009
0.186239
0.186468
0.186697
0.186927
0.187156
0.187385
0.187615
0.187844
0.188073
0.188303
0.188532
0.188761
0.188991
0.18922
0.18945
0.189679
0.189908
0.190138
0.190367
0.190596
0.190826
0.191055
0.191284
0.191514
0.191743
0.191972
0.192202
0.192431
0.192661
0.19289
0.193119
0.193349
0.193578
0.193807
0.194037
0.194266
0.194495
0.194725
0.194954
0.195183
0.195413
0.195642
0.195872
0.196101
0.19633
0.19656
0.196789
0.197018
0.197248
0.197477
0.197706
0.197936
0.198165
0.198394
0.198624
0.198853
0.199083
0.199312
0.199541
0.199771
0.2
0.200229
0.200459
0.200688
0.200917
0.201147
0.201376
0.201606
0.201835
0.202064
0.202294
0.202523
0.202752
0.202982
0.203211
0.20344
0.20367
0.203899
0.204128
0.204358
0.204587
0.204817
0.205046
0.205275
0.205505
0.205734
0.205963
0.206193
0.206422
0.206651
0.206881
0.20711
0.207339
0.207569
0.207798
0.208028
0.208257
0.208486
0.208716
0.208945
0.209174
0.209404
0.209633
0.209862
0.210092
0.210321
0.21055
0.21078
0.211009
0.211239
0.211468
0.211697
0.211927
0.212156
0.212385
0.212615
0.212844
0.213073
0.213303
0.213532
0.213761
0.213991
0.21422
0.21445
0.214679
0.214908
0.215138
0.215367
0.215596
0.215826
0.216055
0.216284
0.216514
0.216743
0.216972
0.217202
0.217431
0.217661
0.21789
0.218119
0.218349
0.218578
0.218807
0.219037
0.219266
0.219495
0.219725
0.219954
0.220183
0.220413
0.220642
0.220872
0.221101
0.22133
0.22156
0.221789
0.222018
0.222248
0.222477
0.222706
0.222936
0.223165
0.223394
0.223624
0.223853
0.224083
0.224312
0.224541
0.224771
0.225
0.225229
0.225459
0.225688
0.225917
0.226147
0.226376
0.226606
0.226835
0.227064
0.227294
0.227523
0.227752
0.227982
0.228211
0.22844
0.22867
0.228899
0.229128
0.229358
0.229587
0.229817
0.230046
0.230275
0.230505
0.230734
0.230963
0.231193
0.231422
0.231651
0.231881
0.23211
0.232339
0.232569
0.232798
0.233028
0.233257
0.233486
0.233716
0.233945
0.234174
0.234404
0.234633
0.234862
0.235092
0.235321
0.23555
0.23578
0.236009
0.236239
0.236468
0.236697
0.236927
0.237156
0.237385
0.237615
0.237844
0.238073
0.238303
0.238532
0.238761
0.238991
0.23922
0.23945
0.239679
0.239908
0.240138
0.240367
0.240596
0.240826
0.241055
0.241284
0.241514
0.241743
0.241972
0.242202
0.242431
0.242661
0.24289
0.243119
0.243349
0.243578
0.243807
0.244037
0.244266
0.244495
0.244725
0.244954
0.245183
0.245413
0.245642
0.245872
0.246101
0.24633
0.24656
0.246789
0.247018
0.247248
0.247477
0.247706
0.247936
0.248165
0.248394
0.248624
0.248853
0.249083
0.249312
0.249541
0.249771
0.25
0.250229
0.250459
0.250688
0.250917
0.251147
0.251376
0.251606
0.251835
0.252064
0.252294
0.252523
0.252752
0.252982
0.253211
0.25344
0.25367
0.253899
0.254128
0.254358
0.254587
0.254817
0.255046
0.255275
0.255505
0.255734
0.255963
0.256193
0.256422
0.256651
0.256881
0.25711
0.257339
0.257569
0.257798
0.258028
0.258257
0.258486
0.258716
0.258945
0.259174
0.259404
0.259633
0.259862
0.260092
0.260321
0.26055
0.26078
0.261009
0.261239
0.261468
0.261697
0.261927
0.262156
0.262385
0.262615
0.262844
0.263073
0.263303
0.263532
0.263761
0.263991
0.26422
0.26445
0.264679
0.264908
0.265138
0.265367
0.265596
0.265826
0.266055
0.266284
0.266514
0.266743
0.266972
0.267202
0.267431
0.267661
0.26789
0.268119
0.268349
0.268578
0.268807
0.269037
0.269266
0.269495
0.269725
0.269954
0.270183
0.270413
0.270642
0.270872
0.271101
0.27133
0.27156
0.271789
0.272018
0.272248
0.272477
0.272706
0.272936
0.273165
0.273394
0.273624
0.273853
0.274083
0.274312
0.274541
0.274771
0.275
0.275229
