-0.00164617
-0.00329234
-0.00493851
-0.00658467
-0.00823084
-0.00987701
-0.0115232
-0.0131693
-0.0148155
-0.0164617
-0.0181079
-0.019754
-0.0214002
-0.0230464
-0.0246925
-0.0263387
-0.0279849
-0.029631
-0.0312772
-0.0329234
-0.0345695
-0.0362157
-0.0378619
-0.039508
-0.0411542
-0.0428004
-0.0444465
-0.0460927
-0.0477389
-0.0493851
-0.0510312
-0.0526774
-0.0543236
-0.0559697
-0.0576159
-0.0592621
-0.0609082
-0.0625544
-0.0642006
-0.0658467
-0.0674929
-0.0691391
-0.0707852
-0.0724314
-0.0740776
-0.0757237
-0.0773699
-0.0790161
-0.0806623
-0.0823084
-0.0839546
-0.0856008
-0.0872469
-0.0888931
-0.0905393
-0.0921854
-0.0938316
-0.0954778
-0.0971239
-0.0987701
-0.100416
-0.102062
-0.103709
-0.105355
-0.107001
-0.108647
-0.110293
-0.111939
-0.113586
-0.115232
-0.116878
-0.118524
-0.12017
-0.121816
-0.123463
-0.125109
-0.126755
-0.128401
-0.130047
-0.131693
-0.13334
-0.134986
-0.136632
-0.138278
-0.139924
-0.14157
-0.143217
-0.144863
-0.146509
-0.148155
-0.149801
-0.151447
-0.153094
-0.15474
-0.156386
-0.158032
-0.159678
-0.161325
-0.162971
-0.164617
-0.166263
-0.167909
-0.169555
-0.171202
-0.172848
-0.174494
-0.17614
-0.177786
-0.179432
-0.181079
-0.182725
-0.184371
-0.186017
-0.187663
-0.189309
-0.190956
-0.192602
-0.194248
-0.195894
-0.19754
-0.199186
-0.200833
-0.202479
-0.204125
-0.205771
-0.207417
-0.209063
-0.21071
-0.212356
-0.214002
-0.215648
-0.217294
-0.21894
-0.220587
-0.222233
-0.223879
-0.225525
-0.227171
-0.228817
-0.230464
-0.23211
-0.233756
-0.235402
-0.237048
-0.238694
-0.240341
-0.241987
-0.243633
-0.245279
-0.246925
-0.248571
-0.250218
-0.251864
-0.25351
-0.255156
-0.256802
-0.258448
-0.260095
-0.261741
-0.263387
-0.265033
-0.266679
-0.268325
-0.269972
-0.271618
-0.273264
-0.27491
-0.276556
-0.278202
-0.279849
-0.281495
-0.283141
-0.284787
-0.286433
-0.288079
-0.289726
-0.291372
-0.293018
-0.294664
-0.29631
-0.297956
-0.299603
-0.301249
-0.302895
-0.304541
-0.306187
-0.307833
-0.30948
-0.311126
-0.312772
-0.314418
-0.316064
-0.317711
-0.319357
-0.321003
-0.322649
-0.324295
-0.325941
-0.327588
-0.329234
-0.33088
-0.332526
-0.334172
-0.335818
-0.337465
-0.339111
-0.340757
-0.342403
-0.344049
-0.345695
-0.347342
-0.348988
-0.350634
-0.35228
-0.353926
-0.355572
-0.357219
-0.358865
-0.360511
-0.362157
-0.363803
-0.365449
-0.367096
-0.368742
-0.370388
-0.372034
-0.37368
-0.375326
-0.376973
-0.378619
-0.380265
-0.381911
-0.383557
-0.385203
-0.38685
-0.388496
-0.390142
-0.391788
-0.393434
-0.39508
-0.396727
-0.398373
-0.400019
-0.401665
-0.403311
-0.404957
-0.406604
-0.40825
-0.409896
-0.411542
-0.413188
-0.414834
-0.416481
-0.418127
-0.419773
-0.421419
-0.423065
-0.424711
-0.426358
-0.428004
-0.42965
-0.431296
-0.432942
-0.434588
-0.436235
-0.437881
-0.439527
-0.441173
-0.442819
-0.444465
-0.446112
-0.447758
-0.449404
-0.45105
-0.452696
-0.454342
-0.455989
-0.457635
-0.459281
-0.460927
-0.462573
-0.464219
-0.465866
-0.467512
-0.469158
-0.470804
-0.47245
-0.474096
-0.475743
-0.477389
-0.479035
-0.480681
-0.482327
-0.483974
-0.48562
-0.487266
-0.488912
-0.490558
-0.492204
-0.493851
-0.495497
-0.497143
-0.498789
-0.500435
-0.502081
-0.503728
-0.505374
-0.50702
-0.508666
-0.510312
-0.511958
-0.513605
-0.515251
-0.516897
-0.518543
-0.520189
-0.521835
-0.523482
-0.525128
-0.526774
-0.52842
-0.530066
-0.531712
-0.533359
-0.535005
-0.536651
-0.538297
-0.539943
-0.541589
-0.543236
-0.544882
-0.546528
-0.548174
-0.54982
-0.551466
-0.553113
-0.554759
-0.556405
-0.558051
-0.559697
-0.561343
-0.56299
-0.564636
-0.566282
-0.567928
-0.569574
-0.57122
-0.572867
-0.574513
-0.576159
-0.577805
-0.579451
-0.581097
-0.582744
-0.58439
-0.586036
-0.587682
-0.589328
-0.590974
-0.592621
-0.594267
-0.595913
-0.597559
-0.599205
-0.600851
-0.602498
-0.604144
-0.60579
-0.607436
-0.609082
-0.610728
-0.612375
-0.614021
-0.615667
-0.617313
-0.618959
-0.620605
-0.622252
-0.623898
-0.625544
-0.62719
-0.628836
-0.630482
-0.632129
-0.633775
-0.635421
-0.637067
-0.638713
-0.64036
-0.642006
-0.643652
-0.645298
-0.646944
-0.64859
-0.650237
-0.651883
-0.653529
-0.655175
-0.656821
-0.658467
-0.660114
-0.66176
-0.663406
-0.665052
-0.666698
-0.668344
-0.669991
-0.671637
-0.673283
-0.674929
-0.676575
-0.678221
-0.679868
-0.681514
-0.68316
-0.684806
-0.686452
-0.688098
-0.689745
-0.691391
-0.693037
-0.694683
-0.696329
-0.697975
-0.699622
-0.701268
-0.702914
-0.70456
-0.706206
-0.707852
-0.709499
-0.711145
-0.712791
-0.714437
-0.716083
-0.717729
-0.719376
-0.721022
-0.722668
-0.724314
-0.72596
-0.727606
-0.729253
-0.730899
-0.732545
-0.734191
-0.735837
-0.737483
-0.73913
-0.740776
-0.742422
-0.744068
-0.745714
-0.74736
-0.749007
-0.750653
-0.752299
-0.753945
-0.755591
-0.757237
-0.758884
-0.76053
-0.762176
-0.763822
-0.765468
-0.767114
-0.768761
-0.770407
-0.772053
-0.773699
-0.775345
-0.776991
-0.778638
-0.780284
-0.78193
-0.783576
-0.785222
-0.786868
-0.788515
-0.790161
-0.791807
-0.793453
-0.795099
-0.796746
-0.798392
-0.800038
-0.801684
-0.80333
-0.804976
-0.806623
-0.808269
-0.809915
-0.811561
-0.813207
-0.814853
-0.8165
-0.818146
-0.819792
-0.821438
-0.823084
-0.82473
-0.826377
-0.828023
-0.829669
-0.831315
-0.832961
-0.834607
-0.836254
-0.8379
-0.839546
-0.841192
-0.842838
-0.844484
-0.846131
-0.847777
-0.849423
-0.851069
-0.852715
-0.854361
-0.856008
-0.857654
-0.8593
-0.860946
-0.862592
-0.864238
-0.865885
-0.867531
-0.869177
-0.870823
-0.872469
-0.874115
-0.875762
-0.877408
-0.879054
-0.8807
-0.882346
-0.883992
-0.885639
-0.887285
-0.888931
-0.890577
-0.892223
-0.893869
-0.895516
-0.897162
-0.898808
-0.900454
-0.9021
-0.903746
-0.905393
-0.907039
-0.908685
-0.910331
-0.911977
-0.913623
-0.91527
-0.916916
-0.918562
-0.920208
-0.921854
-0.9235
-0.925147
-0.926793
-0.928439
-0.930085
-0.931731
-0.933377
-0.935024
-0.93667
-0.938316
-0.939962
-0.941608
-0.943254
-0.944901
-0.946547
-0.948193
-0.949839
-0.951485
-0.953132
-0.954778
-0.956424
-0.95807
-0.959716
-0.961362
-0.963009
-0.964655
-0.966301
-0.967947
-0.969593
-0.971239
-0.972886
-0.974532
-0.976178
-0.977824
-0.97947
-0.981116
-0.982763
-0.984409
-0.986055
-0.987701
-0.989347
-0.990993
-0.99264
-0.994286
-0.995932
-0.997578
-0.999224
-1.00087
-1.00252
-1.00416
-1.00581
-1.00746
-1.0091
-1.01075
-1.01239
-1.01404
-1.01569
-1.01733
-1.01898
-1.02062
-1.02227
-1.02392
-1.02556
-1.02721
-1.02886
-1.0305
-1.03215
-1.03379
-1.03544
-1.03709
-1.03873
-1.04038
-1.04202
-1.04367
-1.04532
-1.04696
-1.04861
-1.05026
-1.0519
-1.05355
-1.05519
-1.05684
-1.05849
-1.06013
-1.06178
-1.06342
-1.06507
-1.06672
-1.06836
-1.07001
-1.07166
-1.0733
-1.07495
-1.07659
-1.07824
-1.07989
-1.08153
-1.08318
-1.08482
-1.08647
-1.08812
-1.08976
-1.09141
-1.09306
-1.0947
-1.09635
-1.09799
-1.09964
-1.10129
-1.10293
-1.10458
-1.10623
-1.10787
-1.10952
-1.11116
-1.11281
-1.11446
-1.1161
-1.11775
-1.11939
-1.12104
-1.12269
-1.12433
-1.12598
-1.12763
-1.12927
-1.13092
-1.13256
-1.13421
-1.13586
-1.1375
-1.13915
-1.14079
-1.14244
-1.14409
-1.14573
-1.14738
-1.14903
-1.15067
-1.15232
-1.15396
-1.15561
-1.15726
-1.1589
-1.16055
-1.16219
-1.16384
-1.16549
-1.16713
-1.16878
-1.17043
-1.17207
-1.17372
-1.17536
-1.17701
-1.17866
-1.1803
-1.18195
-1.1836
-1.18524
-1.18689
-1.18853
-1.19018
-1.19183
-1.19347
-1.19512
-1.19676
-1.19841
-1.20006
-1.2017
-1.20335
-1.205
-1.20664
-1.20829
-1.20993
-1.21158
-1.21323
-1.21487
-1.21652
-1.21816
-1.21981
-1.22146
-1.2231
-1.22475
-1.2264
-1.22804
-1.22969
-1.23133
-1.23298
-1.23463
-1.23627
-1.23792
-1.23956
-1.24121
-1.24286
-1.2445
-1.24615
-1.2478
-1.24944
-1.25109
-1.25273
-1.25438
-1.25603
-1.25767
-1.25932
-1.26096
-1.26261
-1.26426
-1.2659
-1.26755
-1.2692
-1.27084
-1.27249
-1.27413
-1.27578
-1.27743
-1.27907
-1.28072
-1.28237
-1.28401
-1.28566
-1.2873
-1.28895
-1.2906
-1.29224
-1.29389
-1.29553
-1.29718
-1.29883
-1.30047
-1.30212
-1.30377
-1.30541
-1.30706
-1.3087
-1.31035
-1.312
-1.31364
-1.31529
-1.31693
-1.31858
-1.32023
-1.32187
-1.32352
-1.32517
-1.32681
-1.32846
-1.3301
-1.33175
-1.3334
-1.33504
-1.33669
-1.33833
-1.33998
-1.34163
-1.34327
-1.34492
-1.34657
-1.34821
-1.34986
-1.3515
-1.35315
-1.3548
-1.35644
-1.35809
-1.35974
-1.36138
-1.36303
-1.36467
-1.36632
-1.36797
-1.36961
-1.37126
-1.3729
-1.37455
-1.3762
-1.37784
-1.37949
-1.38114
-1.38278
-1.38443
-1.38607
-1.38772
-1.38937
-1.39101
-1.39266
-1.3943
-1.39595
-1.3976
-1.39924
-1.40089
-1.40254
-1.40418
-1.40583
-1.40747
-1.40912
-1.41077
-1.41241
-1.41406
-1.4157
-1.41735
-1.419
-1.42064
-1.42229
-1.42394
-1.42558
-1.42723
-1.42856
-1.42988
-1.43121
-1.43254
-1.43387
-1.43519
-1.43652
-1.43785
-1.43918
-1.4405
-1.44183
-1.44316
-1.44449
-1.44581
-1.44714
-1.44847
-1.4498
-1.45112
-1.45245
-1.45378
-1.45511
-1.45643
-1.45776
-1.45909
-1.46042
-1.46174
-1.46307
-1.4644
-1.46573
-1.46705
-1.46838
-1.46971
-1.47104
-1.47236
-1.47369
-1.47502
-1.47635
-1.47768
-1.479
-1.48033
-1.48166
-1.48299
-1.48431
-1.48564
-1.48697
-1.4883
-1.48962
-1.49095
-1.49228
-1.49361
-1.49493
-1.49626
-1.49759
-1.49892
-1.50024
-1.50157
-1.5029
-1.50423
-1.50555
-1.50688
-1.50821
-1.50954
-1.51086
-1.51219
-1.51352
-1.51485
-1.51617
-1.5175
-1.51883
-1.52016
-1.52148
-1.52281
-1.52414
-1.52547
-1.52679
-1.52812
-1.52945
-1.53078
-1.5321
-1.53343
-1.53476
-1.53609
-1.53742
-1.53874
-1.54007
-1.5414
-1.54273
-1.54405
-1.54538
-1.54671
-1.54804
-1.54936
-1.55069
-1.55202
-1.55335
-1.55467
-1.556
-1.55733
-1.55866
-1.55998
-1.56131
-1.56264
-1.56397
-1.56529
-1.56662
-1.56795
-1.56928
-1.5706
-1.57193
-1.57326
-1.57459
-1.57591
-1.57724
-1.57857
-1.5799
-1.58122
-1.58255
-1.58388
-1.58521
-1.58653
-1.58786
-1.58919
-1.59052
-1.59184
-1.59317
-1.5945
-1.59583
-1.59716
-1.59848
-1.59981
-1.60114
-1.60247
-1.60379
-1.60512
-1.60645
-1.60778
-1.6091
-1.61043
-1.61176
-1.61309
-1.61441
-1.61574
-1.61707
-1.6184
-1.61972
-1.62105
-1.62238
-1.62371
-1.62503
-1.62636
-1.62769
-1.62902
-1.63034
-1.63167
-1.633
-1.63433
-1.63565
-1.63698
-1.63831
-1.63964
-1.64096
-1.64229
-1.64362
-1.64495
-1.64627
-1.6476
-1.64893
-1.65026
-1.65158
-1.65291
-1.65424
-1.65557
-1.6569
-1.65822
-1.65955
-1.66088
-1.66221
-1.66353
-1.66486
-1.66619
-1.66752
-1.66884
-1.67017
-1.6715
-1.67283
-1.67415
-1.67548
-1.67681
-1.67814
-1.67946
-1.68079
-1.68212
-1.68345
-1.68477
-1.6861
-1.68743
-1.68876
-1.69008
-1.69141
-1.69274
-1.69407
-1.69539
-1.69672
-1.69805
-1.69938
-1.7007
-1.70203
-1.70336
-1.70469
-1.70601
-1.70734
-1.70867
-1.71
-1.71132
-1.71265
-1.71398
-1.71531
-1.71664
-1.71796
-1.71929
-1.72062
-1.72195
-1.72327
-1.7246
-1.72593
-1.72726
-1.72858
-1.72991
-1.73124
-1.73257
-1.73389
-1.73522
-1.73655
-1.73788
-1.7392
-1.74053
-1.74186
-1.74319
-1.74451
-1.74584
-1.74717
-1.7485
-1.74982
-1.75115
-1.75248
-1.75381
-1.75513
-1.75646
-1.75779
-1.75912
-1.76044
-1.76177
-1.7631
-1.76443
-1.76575
-1.76708
-1.76841
-1.76974
-1.77106
-1.77239
-1.77372
-1.77505
-1.77638
-1.7777
-1.77903
-1.78036
-1.78169
-1.78301
-1.78434
-1.78567
-1.787
-1.78832
-1.78965
-1.79098
-1.79231
-1.79363
-1.79496
-1.79629
-1.79762
-1.79894
-1.80027
-1.8016
-1.80293
-1.80425
-1.80558
-1.80691
-1.80824
-1.80956
-1.81089
-1.81222
-1.81355
-1.81487
-1.8162
-1.81753
-1.81886
-1.82018
-1.82151
-1.82284
-1.82417
-1.82549
-1.82682
-1.82815
-1.82948
-1.8308
-1.83213
-1.83346
-1.83479
-1.83611
-1.83744
-1.83877
-1.8401
-1.84143
-1.84275
-1.84408
-1.84541
-1.84674
-1.84806
-1.84939
-1.85072
-1.85205
-1.85337
-1.8547
-1.85603
-1.85736
-1.85868
-1.86001
-1.86134
-1.86267
-1.86399
-1.86532
-1.86665
-1.86798
-1.8693
-1.87063
-1.87196
-1.87329
-1.87461
-1.87594
-1.87727
-1.8786
-1.87992
-1.88125
-1.88258
-1.88391
-1.88523
-1.88656
-1.88789
-1.88922
-1.89054
-1.89187
-1.8932
-1.89453
-1.89585
-1.89718
-1.89851
-1.89984
-1.90117
-1.90249
-1.90382
-1.90515
-1.90648
-1.9078
-1.90913
-1.91046
-1.91179
-1.91311
-1.91444
-1.91577
-1.9171
-1.91842
-1.91975
-1.92108
-1.92241
-1.92373
-1.92506
-1.92639
-1.92772
-1.92904
-1.93037
-1.9317
-1.93303
-1.93435
-1.93568
-1.93701
-1.93834
-1.93966
-1.94099
-1.94232
-1.94365
-1.94497
-1.9463
-1.94763
-1.94896
-1.95028
-1.95161
-1.95294
-1.95427
-1.95559
-1.95692
-1.95825
-1.95958
-1.96091
-1.96223
-1.96356
-1.96489
-1.96622
-1.96754
-1.96887
-1.9702
-1.97153
-1.97285
-1.97418
-1.97551
-1.97684
-1.97816
-1.97949
-1.98082
-1.98215
-1.98347
-1.9848
-1.98613
-1.98746
-1.98878
-1.99011
-1.99144
-1.99277
-1.99409
-1.99542
-1.99675
-1.99808
-1.9994
-2.00073
-2.00206
-2.00339
-2.00471
-2.00604
-2.00737
-2.0087
-2.01002
-2.01135
-2.01268
-2.01401
-2.01533
-2.01666
-2.01799
-2.01932
-2.02065
-2.02197
-2.0233
-2.02463
-2.02596
-2.02728
-2.02861
-2.02994
-2.03127
-2.03259
-2.03392
-2.03525
-2.03658
-2.0379
-2.03923
-2.04056
-2.04189
-2.04321
-2.04454
-2.04587
-2.0472
-2.04852
-2.04985
-2.05118
-2.05251
-2.05383
-2.05516
-2.05649
-2.05782
-2.05914
-2.06047
-2.0618
-2.06313
-2.06445
-2.06578
-2.06711
-2.06844
-2.06976
-2.07109
-2.07242
-2.07375
-2.07507
-2.0764
-2.07773
-2.07906
-2.08039
-2.08171
-2.08304
-2.08437
-2.0857
-2.08702
-2.08835
-2.08968
-2.09101
-2.09233
-2.09366
-2.09499
-2.09632
-2.09764
-2.09897
-2.1003
-2.10163
-2.10295
-2.10428
-2.10561
-2.10694
-2.10826
-2.10959
-2.11092
-2.11225
-2.11357
-2.1149
-2.11623
-2.11756
-2.11888
-2.12021
-2.12154
-2.12287
-2.12419
-2.12552
-2.12685
-2.12818
-2.1295
-2.13083
-2.13216
-2.13349
-2.13481
-2.13614
-2.13747
-2.1388
-2.14013
-2.14145
-2.14278
-2.14411
-2.14544
-2.14676
-2.14809
-2.14942
-2.15075
-2.15207
-2.1534
-2.15473
-2.15606
-2.15738
-2.15871
-2.16004
-2.16137
-2.16269
-2.16402
-2.16535
-2.16668
-2.168
-2.16933
-2.17066
-2.17199
-2.17331
-2.17464
-2.17597
-2.1773
-2.17862
-2.17995
-2.18128
-2.18261
-2.18393
-2.18526
-2.18659
-2.18792
-2.18924
-2.19057
-2.1919
-2.19323
-2.19455
-2.19588
-2.19721
-2.19854
-2.19987
-2.20119
-2.20252
-2.20385
-2.20518
-2.2065
-2.20783
-2.20916
-2.21049
-2.21181
-2.21314
-2.21447
-2.2158
-2.21712
-2.21845
-2.21978
-2.22111
-2.22243
-2.22376
-2.22509
-2.22642
-2.22774
-2.22907
-2.2304
-2.23173
-2.23305
-2.23438
-2.23571
-2.23704
-2.23836
-2.23969
-2.24102
-2.24235
-2.24367
-2.245
-2.24633
-2.24766
-2.24898
-2.25031
-2.25164
-2.25297
-2.25429
-2.25562
-2.25695
-2.25828
-2.25961
-2.26093
-2.26226
-2.26359
-2.26492
-2.26624
-2.26757
-2.2689
-2.27023
-2.27155
-2.27288
-2.27421
-2.27554
-2.27686
-2.27819
-2.27952
-2.28085
-2.28217
-2.2835
-2.28483
-2.28616
-2.28748
-2.28881
-2.29014
-2.29147
-2.29279
-2.29412
-2.29545
-2.29678
-2.2981
-2.29943
-2.30076
-2.30209
-2.30341
-2.30474
-2.30607
-2.3074
-2.30872
-2.31005
-2.31138
-2.31271
-2.31403
-2.31536
-2.31669
-2.31802
-2.31935
-2.32067
-2.322
-2.32333
-2.32466
-2.32598
-2.32731
-2.32864
-2.32997
-2.33129
-2.33262
-2.33395
-2.33528
-2.3366
-2.33793
-2.33926
-2.34059
-2.34191
-2.34324
-2.34457
-2.3459
-2.34722
-2.34855
-2.34988
-2.35121
-2.35253
-2.35386
-2.35519
-2.35652
-2.35784
-2.35917
-2.3605
-2.36183
-2.36315
-2.36448
-2.36581
-2.36714
-2.36846
-2.36979
-2.37112
-2.37245
-2.37377
-2.3751
-2.37643
-2.37776
-2.37909
-2.38041
-2.38174
-2.38307
-2.3844
-2.38572
-2.38705
-2.38838
-2.38971
-2.39103
-2.39236
-2.39369
-2.39502
-2.39634
-2.39767
-2.399
-2.40033
-2.40165
-2.40298
-2.40431
-2.40564
-2.40696
-2.40829
-2.40962
-2.41095
-2.41227
-2.4136
-2.41493
-2.41626
-2.41758
-2.41891
-2.42024
-2.42157
-2.42289
-2.42422
-2.42555
-2.42688
-2.4282
-2.42953
-2.43086
-2.43219
-2.43351
-2.43484
-2.43617
-2.4375
-2.43883
-2.44015
-2.44148
-2.44281
-2.44414
-2.44546
-2.44679
-2.44812
-2.44945
-2.45077
-2.4521
-2.45343
-2.45476
-2.45608
-2.45741
-2.45874
-2.46007
-2.46139
-2.46272
-2.46405
-2.46538
-2.4667
-2.46803
-2.46936
-2.47069
-2.47201
-2.47334
-2.47467
-2.476
-2.47732
-2.47865
-2.47998
-2.48131
-2.48263
-2.48396
-2.48529
-2.48662
-2.48794
-2.48927
-2.4906
-2.49193
-2.49325
-2.49458
-2.49591
-2.49724
-2.49857
-2.49989
-2.50122
-2.50255
-2.50388
-2.5052
-2.50653
-2.50786
-2.50919
-2.51051
-2.51184
-2.51317
-2.5145
-2.51582
-2.51715
-2.51848
-2.51981
-2.52113
-2.52246
-2.52379
-2.52512
-2.52644
-2.52777
-2.5291
-2.53043
-2.53175
-2.53308
-2.53441
-2.53574
-2.53706
-2.53839
-2.53972
-2.54105
-2.54237
-2.5437
-2.54503
-2.54636
-2.54768
-2.54901
-2.55034
-2.55167
-2.55299
-2.55432
-2.55565
-2.55698
-2.55831
-2.55963
-2.56096
-2.56229
-2.56362
-2.56494
-2.56627
-2.5676
-2.56893
-2.57025
-2.57158
-2.57291
-2.57424
-2.57556
-2.57689
-2.57822
-2.57955
-2.58087
-2.5822
-2.58353
-2.58486
-2.58618
-2.58751
-2.58884
-2.59017
-2.59149
-2.59282
-2.59415
-2.59548
-2.5968
-2.59813
-2.59946
-2.60079
-2.60211
-2.60344
-2.60477
-2.6061
-2.60742
-2.60875
-2.61008
-2.61141
-2.61273
-2.61406
-2.61539
-2.61672
-2.61804
-2.61937
-2.6207
-2.62203
-2.62336
-2.62468
-2.62601
-2.62734
-2.62867
-2.62999
-2.63132
-2.63265
-2.63398
-2.6353
-2.63663
-2.63796
-2.63929
-2.64061
-2.64194
-2.64327
-2.6446
-2.64592
-2.64725
-2.64858
-2.64991
-2.65123
-2.65256
-2.65389
-2.65522
-2.65654
-2.65787
-2.6592
-2.66053
-2.66185
-2.66318
-2.66451
-2.66584
-2.66716
-2.66849
-2.66982
-2.67115
-2.67247
-2.6738
-2.67513
-2.67646
-2.67778
-2.67911
-2.68044
-2.68177
-2.6831
-2.68442
-2.68575
-2.68708
-2.68841
-2.68973
-2.69106
-2.69239
-2.69372
-2.69504
-2.69637
-2.6977
-2.69903
-2.70035
-2.70168
-2.70301
-2.70434
-2.70566
-2.70699
-2.70832
-2.70965
-2.71097
-2.7123
-2.71363
-2.71496
-2.71628
-2.71761
-2.71894
-2.72027
-2.72159
-2.72292
-2.72425
-2.72558
-2.7269
-2.72823
-2.72956
-2.73089
-2.73221
-2.73354
-2.73487
-2.7362
-2.73752
-2.73885
-2.74018
-2.74151
-2.74284
-2.74416
-2.74549
-2.74682
-2.74815
-2.74947
-2.7508
-2.75213
-2.75346
-2.75478
-2.75611
-2.75744
-2.75877
-2.76009
-2.76142
-2.76275
-2.76408
-2.7654
-2.76673
-2.76806
-2.76939
-2.77071
-2.77204
-2.77337
-2.7747
-2.77602
-2.77735
-2.77868
-2.78001
-2.78133
-2.78266
-2.78399
-2.78532
-2.78664
-2.78797
-2.7893
-2.79063
-2.79195
-2.79328
-2.79461
-2.79594
-2.79726
-2.79859
-2.79992
-2.80125
-2.80258
-2.8039
-2.80523
-2.80656
-2.80789
-2.80921
-2.81054
-2.81187
-2.8132
-2.81452
-2.81585
-2.81718
-2.81851
-2.81983
-2.82116
-2.82249
-2.82382
-2.82514
-2.82647
-2.8278
-2.82913
-2.83045
-2.83178
-2.83311
-2.83444
-2.83576
-2.83709
-2.83842
-2.83975
-2.84107
-2.8424
-2.84373
-2.84506
-2.84638
-2.84771
-2.84904
-2.85037
-2.85169
-2.85302
-2.85435
-2.85568
-2.857
-2.85833
-2.85966
-2.86099
-2.86232
-2.86364
-2.86497
-2.8663
-2.86763
-2.86895
-2.87028
-2.87161
-2.87294
-2.87426
-2.87559
-2.87692
-2.87825
-2.87957
-2.8809
-2.88223
-2.88356
-2.88488
-2.88621
-2.88754
-2.88887
-2.89019
-2.89152
-2.89285
-2.89418
-2.8955
-2.89683
-2.89816
-2.89949
-2.90081
-2.90214
-2.90347
-2.9048
-2.90612
-2.90745
-2.90878
-2.91011
-2.91143
-2.91276
-2.91409
-2.91542
-2.91674
-2.91807
-2.9194
-2.92073
-2.92206
-2.92338
-2.92471
-2.92604
-2.92737
-2.92869
-2.93002
-2.93135
-2.93268
-2.934
-2.93533
-2.93666
-2.93799
-2.93931
-2.94064
-2.94197
-2.9433
-2.94462
-2.94595
-2.94728
-2.94861
-2.94993
-2.95126
-2.95259
-2.95392
-2.95524
-2.95657
-2.9579
-2.95923
-2.96055
-2.96188
-2.96321
-2.96454
-2.96586
-2.96719
-2.96852
-2.96985
-2.97117
-2.9725
-2.97383
-2.97516
-2.97648
-2.97781
-2.97914
-2.98047
-2.9818
-2.98312
-2.98445
-2.98578
-2.98711
-2.98843
-2.98976
-2.99109
-2.99242
-2.99374
-2.99507
-2.9964
-2.99773
-2.99905
-3.00038
-3.00171
-3.00304
-3.00436
-3.00569
-3.00702
-3.00835
-3.00967
-3.011
-3.01233
-3.01366
-3.01498
-3.01631
-3.01764
-3.01897
-3.02029
-3.02162
-3.02295
-3.02428
-3.0256
-3.02693
-3.02826
-3.02959
-3.03091
-3.03224
-3.03357
-3.0349
-3.03622
-3.03755
-3.03888
-3.04021
-3.04154
-3.04286
-3.04419
-3.04552
-3.04685
-3.04817
-3.0495
-3.05083
-3.05216
-3.05348
-3.05481
-3.05614
-3.05747
-3.05879
-3.06012
-3.06145
-3.06278
-3.0641
-3.06543
-3.06676
-3.06809
-3.06941
-3.07074
-3.07207
-3.0734
-3.07472
-3.07605
-3.07738
-3.07871
-3.08003
-3.08136
-3.08269
-3.08402
-3.08534
-3.08667
-3.088
-3.08933
-3.09065
-3.09198
-3.09331
-3.09464
-3.09596
-3.09729
-3.09862
-3.09995
-3.10128
-3.1026
-3.10393
-3.10526
-3.10659
-3.10791
-3.10924
-3.11057
-3.1119
-3.11322
-3.11455
-3.11588
-3.11721
-3.11853
-3.11986
-3.12119
-3.12252
-3.12384
-3.12517
-3.1265
-3.12783
-3.12915
-3.13048
-3.13181
-3.13314
-3.13446
-3.13579
-3.13712
-3.13845
-3.13977
-3.1411
-3.14243
-3.14376
-3.14508
-3.14641
-3.14774
-3.14907
-3.15039
-3.15172
-3.15305
-3.15438
-3.1557
-3.15703
-3.15836
-3.15969
-3.16102
-3.16234
-3.16367
-3.165
-3.16633
-3.16765
-3.16898
-3.17031
-3.17164
-3.17296
-3.17429
-3.17562
-3.17695
-3.17827
-3.1796
-3.18093
-3.18226
-3.18358
-3.18491
-3.18624
-3.18757
-3.18889
-3.19022
-3.19155
-3.19288
-3.1942
-3.19553
-3.19686
-3.19819
-3.19951
-3.20084
-3.20217
-3.2035
-3.20482
-3.20615
-3.20748
-3.20881
-3.21013
-3.21146
-3.21279
-3.21412
-3.21544
-3.21677
-3.2181
-3.21943
-3.22076
-3.22208
-3.22341
-3.22474
-3.22607
-3.22739
-3.22872
-3.23005
-3.23138
-3.2327
-3.23403
-3.23536
-3.23669
-3.23801
-3.23934
-3.24067
-3.242
-3.24332
-3.24465
-3.24598
-3.24731
-3.24863
-3.24996
-3.25129
-3.25262
-3.25394
-3.25527
-3.2566
-3.25793
-3.25925
-3.26058
-3.26191
-3.26324
-3.26456
-3.26589
-3.26722
-3.26855
-3.26987
-3.2712
-3.27253
-3.27386
-3.27518
-3.27651
-3.27784
-3.27917
-3.2805
-3.28182
-3.28315
-3.28448
-3.28581
-3.28713
-3.28846
-3.28979
-3.29112
-3.29244
-3.29377
-3.2951
-3.29643
-3.29775
-3.29908
-3.30041
-3.30174
-3.30306
-3.30439
-3.30572
-3.30705
-3.30837
-3.3097
-3.31103
-3.31236
-3.31368
-3.31501
-3.31634
-3.31767
-3.31899
-3.32032
-3.32165
-3.32298
-3.3243
-3.32563
-3.32696
-3.32829
-3.32961
-3.33094
-3.33227
-3.3336
-3.33492
-3.33625
-3.33758
-3.33891
-3.34023
-3.34156
-3.34289
-3.34422
-3.34555
-3.34687
-3.3482
-3.34953
-3.35086
-3.35218
-3.35351
-3.35484
-3.35617
-3.35749
-3.35882
-3.36015
-3.36148
-3.3628
-3.36413
-3.36546
-3.36679
-3.36811
-3.36944
-3.37077
-3.3721
-3.37342
-3.37475
-3.37608
-3.37741
-3.37873
-3.38006
-3.38139
-3.38272
-3.38404
-3.38537
-3.3867
-3.38803
-3.38935
-3.39068
-3.39201
-3.39334
-3.39466
-3.39599
-3.39732
-3.39865
-3.39997
-3.4013
-3.40263
-3.40396
-3.40529
-3.40661
-3.40794
-3.40927
-3.4106
-3.41192
-3.41325
-3.41458
-3.41591
-3.41723
-3.41856
-3.41989
-3.42122
-3.42254
-3.42387
-3.4252
-3.42653
-3.42785
-3.42918
-3.43051
-3.43184
-3.43316
-3.43449
-3.43582
-3.43715
-3.43847
-3.4398
-3.44113
-3.44246
-3.44378
-3.44511
-3.44644
-3.44777
-3.44909
-3.45042
-3.45175
-3.45308
-3.4544
-3.45573
-3.45706
-3.45839
-3.45971
-3.46104
-3.46237
-3.4637
-3.46503
-3.46635
-3.46768
-3.46901
-3.47034
-3.47166
-3.47299
-3.47432
-3.47565
-3.47697
-3.4783
-3.47963
-3.48096
-3.48228
-3.48361
-3.48494
-3.48627
-3.48759
-3.48892
-3.49025
-3.49158
-3.4929
-3.49423
-3.49556
-3.49689
-3.49821
-3.49954
-3.50087
-3.5022
-3.50352
-3.50485
-3.50618
-3.50751
-3.50883
-3.51016
-3.51149
-3.51282
-3.51414
-3.51547
-3.5168
-3.51813
-3.51945
-3.52078
-3.52211
-3.52344
-3.52477
-3.52609
-3.52742
-3.52875
-3.53008
-3.5314
-3.53273
-3.53406
-3.53539
-3.53671
-3.53804
-3.53937
-3.5407
-3.54202
-3.54335
-3.54468
-3.54601
-3.54733
-3.54866
-3.54999
-3.55132
-3.55264
-3.55397
-3.5553
-3.55663
-3.55795
-3.55928
-3.56061
-3.56194
-3.56326
-3.56459
-3.56592
-3.56725
-3.56857
-3.5699
-3.57123
-3.57256
-3.57388
-3.57521
-3.57654
-3.57787
-3.57919
-3.58052
-3.58185
-3.58318
-3.58451
-3.58583
-3.58716
-3.58849
-3.58982
-3.59114
-3.59247
-3.5938
-3.59513
-3.59645
-3.59778
-3.59911
-3.60044
-3.60176
-3.60309
-3.60442
-3.60575
-3.60707
-3.6084
-3.60973
-3.61106
-3.61238
-3.61371
-3.61504
-3.61637
-3.61769
-3.61902
-3.62035
-3.62168
-3.623
-3.62433
-3.62566
-3.62699
-3.62831
-3.62964
-3.63097
-3.6323
-3.63362
-3.63495
-3.63628
-3.63761
-3.63893
-3.64026
-3.64159
-3.64292
-3.64425
-3.64557
-3.6469
-3.64823
-3.64956
-3.65088
-3.65221
-3.65354
-3.65487
-3.65619
-3.65752
-3.65885
-3.66018
-3.6615
-3.66283
-3.66416
-3.66549
-3.66681
-3.66814
-3.66947
-3.6708
-3.67212
-3.67345
-3.67478
-3.67611
-3.67743
-3.67876
-3.68009
-3.68142
-3.68274
-3.68407
-3.6854
-3.68673
-3.68805
-3.68938
-3.69071
-3.69204
-3.69336
-3.69469
-3.69602
-3.69735
-3.69867
-3.7
-3.70133
-3.70266
-3.70399
-3.70531
-3.70664
-3.70797
-3.7093
-3.71062
-3.71195
-3.71328
-3.71461
-3.71593
-3.71726
-3.71859
-3.71992
-3.72124
-3.72257
-3.7239
-3.72523
-3.72655
-3.72788
-3.72921
-3.73054
-3.73186
-3.73319
-3.73452
-3.73585
-3.73717
-3.7385
-3.73983
-3.74116
-3.74248
-3.74381
-3.74514
-3.74647
-3.74779
-3.74912
-3.75045
-3.75178
-3.7531
-3.75443
-3.75576
-3.75709
-3.75841
-3.75974
-3.76107
-3.7624
-3.76373
-3.76505
-3.76638
-3.76771
-3.76904
-3.77036
-3.77169
-3.77302
-3.77435
-3.77567
-3.777
-3.77833
-3.77966
-3.78098
-3.78231
-3.78364
-3.78497
-3.78629
-3.78762
-3.78895
-3.79028
-3.7916
-3.79293
-3.79426
-3.79559
-3.79691
-3.79824
-3.79957
-3.8009
-3.80222
-3.80355
-3.80488
-3.80621
-3.80753
-3.80886
-3.81019
-3.81152
-3.81284
-3.81417
-3.8155
-3.81683
-3.81815
-3.81948
-3.82081
-3.82214
-3.82347
-3.82479
-3.82612
-3.82745
-3.82878
-3.8301
-3.83143
-3.83276
-3.83409
-3.83541
-3.83674
-3.83807
-3.8394
-3.84072
-3.84205
-3.84338
-3.84471
-3.84603
-3.84736
-3.84869
-3.85002
-3.85134
-3.85267
-3.854
-3.85533
-3.85665
-3.85798
-3.85931
-3.86064
-3.86196
-3.86329
-3.86462
-3.86595
-3.86727
-3.8686
-3.86993
-3.87126
-3.87258
-3.87391
-3.87524
-3.87657
-3.87789
-3.87922
-3.88055
-3.88188
-3.88321
-3.88453
-3.88586
-3.88719
-3.88852
-3.88984
-3.89117
-3.8925
-3.89383
-3.89515
-3.89648
-3.89781
-3.89914
-3.90046
-3.90179
-3.90312
-3.90445
-3.90577
-3.9071
-3.90843
-3.90976
-3.91108
-3.91241
-3.91374
-3.91507
-3.91639
-3.91772
-3.91905
-3.92038
-3.9217
-3.92303
-3.92436
-3.92569
-3.92701
-3.92834
-3.92967
-3.931
-3.93232
-3.93365
-3.93498
-3.93631
-3.93763
-3.93896
-3.94029
-3.94162
-3.94295
-3.94427
-3.9456
-3.94693
-3.94826
-3.94958
-3.95091
-3.95224
-3.95357
-3.95489
-3.95622
-3.95755
-3.95888
-3.9602
-3.96153
-3.96286
-3.96419
-3.96551
-3.96684
-3.96817
-3.9695
-3.97082
-3.97215
-3.97348
-3.97481
-3.97613
-3.97746
-3.97879
-3.98012
-3.98144
-3.98277
-3.9841
-3.98543
-3.98675
-3.98808
-3.98941
-3.99074
-3.99206
-3.99339
-3.99472
-3.99605
-3.99737
-3.9987
-4.00003
-4.00136
-4.00269
-4.00401
-4.00534
-4.00667
-4.008
-4.00932
-4.01065
-4.01198
-4.01331
-4.01463
-4.01596
-4.01729
-4.01862
-4.01994
-4.02127
-4.0226
-4.02393
-4.02525
-4.02658
-4.02791
-4.02924
-4.03056
-4.03189
-4.03322
-4.03455
-4.03587
-4.0372
-4.03853
-4.03986
-4.04118
-4.04251
-4.04384
-4.04517
-4.04649
-4.04782
-4.04915
-4.05048
-4.0518
-4.05313
-4.05446
-4.05579
-4.05711
-4.05844
-4.05977
-4.0611
-4.06243
-4.06375
-4.06508
-4.06641
-4.06774
-4.06906
-4.07039
-4.07172
-4.07305
-4.07437
-4.0757
-4.07703
-4.07836
-4.07968
-4.08101
-4.08234
-4.08367
-4.08499
-4.08632
-4.08765
-4.08898
-4.0903
-4.09163
-4.09296
-4.09429
-4.09561
-4.09694
-4.09827
-4.0996
-4.10092
-4.10225
-4.10358
-4.10491
-4.10623
-4.10756
-4.10889
-4.11022
-4.11154
-4.11287
-4.1142
-4.11553
-4.11685
-4.11818
-4.11951
-4.12084
-4.12216
-4.12349
-4.12482
-4.12615
-4.12748
-4.1288
-4.13013
-4.13146
-4.13279
-4.13411
-4.13544
-4.13677
-4.1381
-4.13942
-4.14075
-4.14208
-4.14341
-4.14473
-4.14606
-4.14739
-4.14872
-4.15004
-4.15137
-4.1527
-4.15403
-4.15535
-4.15668
-4.15801
-4.15934
-4.16066
-4.16199
-4.16332
-4.16465
-4.16597
-4.1673
-4.16863
-4.16996
-4.17128
-4.17261
-4.17394
-4.17527
-4.17659
-4.17792
-4.17925
-4.18058
-4.1819
-4.18323
-4.18456
-4.18589
-4.18722
-4.18854
-4.18987
-4.1912
-4.19253
-4.19385
-4.19518
-4.19651
-4.19784
-4.19916
-4.20049
-4.20182
-4.20315
-4.20447
-4.2058
-4.20713
-4.20846
-4.20978
-4.21111
-4.21244
-4.21377
-4.21509
-4.21642
-4.21775
-4.21908
-4.2204
-4.22173
-4.22306
-4.22439
-4.22571
-4.22704
-4.22837
-4.2297
-4.23102
-4.23235
-4.23368
-4.23501
-4.23633
-4.23766
-4.23899
-4.24032
-4.24164
-4.24297
-4.2443
-4.24563
-4.24696
-4.24828
-4.24961
-4.25094
-4.25227
-4.25359
-4.25492
-4.25625
-4.25758
-4.2589
-4.26023
-4.26156
-4.26289
-4.26421
-4.26554
-4.26687
-4.2682
-4.26952
-4.27085
-4.27218
-4.27351
-4.27483
-4.27616
-4.27749
-4.27882
-4.28014
-4.28147
-4.2828
-4.28413
-4.28545
-4.28678
-4.28811
-4.28944
-4.29076
-4.29209
-4.29342
-4.29475
-4.29607
-4.2974
-4.29873
-4.30006
-4.30138
-4.30271
-4.30404
-4.30537
-4.3067
-4.30802
-4.30935
-4.31068
-4.31201
-4.31333
-4.31466
-4.31599
-4.31732
-4.31864
-4.31997
-4.3213
-4.32263
-4.32395
-4.32528
-4.32661
-4.32794
-4.32926
-4.33059
-4.33192
-4.33325
-4.33457
-4.3359
-4.33723
-4.33856
-4.33988
-4.34121
-4.34254
-4.34387
-4.34519
-4.34652
-4.34785
-4.34918
-4.3505
-4.35183
-4.35316
-4.35449
-4.35581
-4.35714
-4.35847
-4.3598
-4.36112
-4.36245
-4.36378
-4.36511
-4.36644
-4.36776
-4.36909
-4.37042
-4.37175
-4.37307
-4.3744
-4.37573
-4.37706
-4.37838
-4.37971
-4.38104
-4.38237
-4.38369
-4.38502
-4.38635
-4.38768
-4.389
-4.39033
-4.39166
-4.39299
-4.39431
-4.39564
-4.39697
-4.3983
-4.39962
-4.40095
-4.40228
-4.40361
-4.40493
-4.40626
-4.40759
-4.40892
-4.41024
-4.41157
-4.4129
-4.41423
-4.41555
-4.41688
-4.41821
-4.41954
-4.42086
-4.42219
-4.42352
-4.42485
-4.42618
-4.4275
-4.42883
-4.43016
-4.43149
-4.43281
-4.43414
-4.43547
-4.4368
-4.43812
-4.43945
-4.44078
-4.44211
-4.44343
-4.44476
-4.44609
-4.44742
-4.44874
-4.45007
-4.4514
-4.45273
-4.45405
-4.45538
-4.45671
-4.45804
-4.45936
-4.46069
-4.46202
-4.46335
-4.46467
-4.466
-4.46733
-4.46866
-4.46998
-4.47131
-4.47264
-4.47397
-4.47529
-4.47662
-4.47795
-4.47928
-4.4806
-4.48193
-4.48326
-4.48459
-4.48592
-4.48724
-4.48857
-4.4899
-4.49123
-4.49255
-4.49388
-4.49521
-4.49654
-4.49786
-4.49919
-4.50052
-4.50185
-4.50317
-4.5045
-4.50583
-4.50716
-4.50848
-4.50981
-4.51114
-4.51247
-4.51379
-4.51512
-4.51645
-4.51778
-4.5191
-4.52043
-4.52176
-4.52309
-4.52441
-4.52574
-4.52707
-4.5284
-4.52972
-4.53105
-4.53238
-4.53371
-4.53503
-4.53636
-4.53769
-4.53902
-4.54034
-4.54167
-4.543
-4.54433
-4.54566
-4.54698
-4.54831
-4.54964
-4.55097
-4.55229
-4.55362
-4.55495
-4.55628
-4.5576
-4.55893
-4.56026
-4.56159
-4.56291
-4.56424
-4.56557
-4.5669
-4.56822
-4.56955
-4.57088
-4.57221
-4.57353
-4.57486
-4.57619
-4.57752
-4.57884
-4.58017
-4.5815
-4.58283
-4.58415
-4.58548
-4.58681
-4.58814
-4.58946
-4.59079
-4.59212
-4.59345
-4.59477
-4.5961
-4.59743
-4.59876
-4.60008
-4.60141
-4.60274
-4.60407
-4.6054
-4.60672
-4.60805
-4.60938
-4.61071
-4.61203
-4.61336
-4.61469
-4.61602
-4.61734
-4.61867
-4.62
-4.62133
-4.62265
-4.62398
-4.62531
-4.62664
-4.62796
-4.62929
-4.63062
-4.63195
-4.63327
-4.6346
-4.63593
-4.63726
-4.63858
-4.63991
-4.64124
-4.64257
-4.64389
-4.64522
-4.64655
-4.64788
-4.6492
-4.65053
-4.65186
-4.65319
-4.65451
-4.65584
-4.65717
-4.6585
-4.65982
-4.66115
-4.66248
-4.66381
-4.66514
-4.66646
-4.66779
-4.66912
-4.67045
-4.67177
-4.6731
-4.67443
-4.67576
-4.67708
-4.67841
-4.67974
-4.68107
-4.68239
-4.68372
-4.68505
-4.68638
-4.6877
-4.68903
-4.69036
-4.69169
-4.69301
-4.69434
-4.69567
-4.697
-4.69832
-4.69965
-4.70098
-4.70231
-4.70363
-4.70496
-4.70629
-4.70762
-4.70894
-4.71027
-4.7116
-4.71293
-4.71425
-4.71558
-4.71691
-4.71824
-4.71956
-4.72089
-4.72222
-4.72355
-4.72488
-4.7262
-4.72753
-4.72886
-4.73019
-4.73151
-4.73284
-4.73417
-4.7355
-4.73682
-4.73815
-4.73948
-4.74081
-4.74213
-4.74346
-4.74479
-4.74612
-4.74744
-4.74877
-4.7501
-4.75143
-4.75275
-4.75408
-4.75541
-4.75674
-4.75806
-4.75939
-4.76072
-4.76205
-4.76337
-4.7647
-4.76603
-4.76736
-4.76868
-4.77001
-4.77134
-4.77267
-4.77399
-4.77532
-4.77665
-4.77798
-4.7793
-4.78063
-4.78196
-4.78329
-4.78462
-4.78594
-4.78727
-4.7886
-4.78993
-4.79125
-4.79258
-4.79391
-4.79524
-4.79656
-4.79789
-4.79922
-4.80055
-4.80187
-4.8032
-4.80453
-4.80586
-4.80718
-4.80851
-4.80984
-4.81117
-4.81249
-4.81382
-4.81515
-4.81648
-4.8178
-4.81913
-4.82046
-4.82179
-4.82311
-4.82444
-4.82577
-4.8271
-4.82842
-4.82975
-4.83108
-4.83241
-4.83373
-4.83506
-4.83639
-4.83772
-4.83904
-4.84037
-4.8417
-4.84303
-4.84435
-4.84568
-4.84701
-4.84834
-4.84967
-4.85099
-4.85232
-4.85365
-4.85498
-4.8563
-4.85763
-4.85896
-4.86029
-4.86161
-4.86294
-4.86427
-4.8656
-4.86692
-4.86825
-4.86958
-4.87091
-4.87223
-4.87356
-4.87489
-4.87622
-4.87754
-4.87887
-4.8802
-4.88153
-4.88285
-4.88418
-4.88551
-4.88684
-4.88816
-4.88949
-4.89082
-4.89215
-4.89347
-4.8948
-4.89613
-4.89746
-4.89878
-4.90011
-4.90144
-4.90277
-4.90409
-4.90542
-4.90675
-4.90808
-4.90941
-4.91073
-4.91206
-4.91339
-4.91472
-4.91604
-4.91737
-4.9187
-4.92003
-4.92135
-4.92268
-4.92401
-4.92534
-4.92666
-4.92799
-4.92932
-4.93065
-4.93197
-4.9333
-4.93463
-4.93596
-4.93728
-4.93861
-4.93994
-4.94127
-4.94259
-4.94392
-4.94525
-4.94658
-4.9479
-4.94923
-4.95056
-4.95189
-4.95321
-4.95454
-4.95587
-4.9572
-4.95852
-4.95985
-4.96118
-4.96251
-4.96383
-4.96516
-4.96649
-4.96782
-4.96915
-4.97047
-4.9718
-4.97313
-4.97446
-4.97578
-4.97711
-4.97844
-4.97977
-4.98109
-4.98242
-4.98375
-4.98508
-4.9864
-4.98773
-4.98906
-4.99039
-4.99171
-4.99304
-4.99437
-4.9957
-4.99702
-4.99835
-4.99968
-5.00101
-5.00233
-5.00366
-5.00499
-5.00632
-5.00764
-5.00897
-5.0103
-5.01163
-5.01295
-5.01428
-5.01561
-5.01694
-5.01826
-5.01959
-5.02092
-5.02225
-5.02357
-5.0249
-5.02623
-5.02756
-5.02889
-5.03021
-5.03154
-5.03287
-5.0342
-5.03552
-5.03685
-5.03818
-5.03951
-5.04083
-5.04216
-5.04349
-5.04482
-5.04614
-5.04747
-5.0488
-5.05013
-5.05145
-5.05278
-5.05411
-5.05544
