0
0.000297619
0.000595238
0.000892857
0.00119048
0.0014881
0.00178571
0.00208333
0.00238095
0.00267857
0.00297619
0.00327381
0.00357143
0.00386905
0.00416667
0.00446429
0.0047619
0.00505952
0.00535714
0.00565476
0.00595238
0.00625
0.00654762
0.00684524
0.00714286
0.00744048
0.0077381
0.00803571
0.00833333
0.00863095
0.00892857
0.00922619
0.00952381
0.00982143
0.010119
0.0104167
0.0107143
0.0110119
0.0113095
0.0116071
0.0119048
0.0122024
0.0125
0.0127976
0.0130952
0.0133929
0.0136905
0.0139881
0.0142857
0.0145833
0.014881
0.0151786
0.0154762
0.0157738
0.0160714
0.016369
0.0166667
0.0169643
0.0172619
0.0175595
0.0178571
0.0181548
0.0184524
0.01875
0.0190476
0.0193452
0.0196429
0.0199405
0.0202381
0.0205357
0.0208333
0.021131
0.0214286
0.0217262
0.0220238
0.0223214
0.022619
0.0229167
0.0232143
0.0235119
0.0238095
0.0241071
0.0244048
0.0247024
0.025
0.0252976
0.0255952
0.0258929
0.0261905
0.0264881
0.0267857
0.0270833
0.027381
0.0276786
0.0279762
0.0282738
0.0285714
0.028869
0.0291667
0.0294643
0.0297619
0.0300595
0.0303571
0.0306548
0.0309524
0.03125
0.0315476
0.0318452
0.0321429
0.0324405
0.0327381
0.0330357
0.0333333
0.033631
0.0339286
0.0342262
0.0345238
0.0348214
0.035119
0.0354167
0.0357143
0.0360119
0.0363095
0.0366071
0.0369048
0.0372024
0.0375
0.0377976
0.0380952
0.0383929
0.0386905
0.0389881
0.0392857
0.0395833
0.039881
0.0401786
0.0404762
0.0407738
0.0410714
0.041369
0.0416667
0.0419643
0.0422619
0.0425595
0.0428571
0.0431548
0.0434524
0.04375
0.0440476
0.0443452
0.0446429
0.0449405
0.0452381
0.0455357
0.0458333
0.046131
0.0464286
0.0467262
0.0470238
0.0473214
0.047619
0.0479167
0.0482143
0.0485119
0.0488095
0.0491071
0.0494048
0.0497024
0.05
0.0502976
0.0505952
0.0508929
0.0511905
0.0514881
0.0517857
0.0520833
0.052381
0.0526786
0.0529762
0.0532738
0.0535714
0.053869
0.0541667
0.0544643
0.0547619
0.0550595
0.0553571
0.0556548
0.0559524
0.05625
0.0565476
0.0568452
0.0571429
0.0574405
0.0577381
0.0580357
0.0583333
0.058631
0.0589286
0.0592262
0.0595238
0.0598214
0.060119
0.0604167
0.0607143
0.0610119
0.0613095
0.0616071
0.0619048
0.0622024
0.0625
0.0627976
0.0630952
0.0633929
0.0636905
0.0639881
0.0642857
0.0645833
0.064881
0.0651786
0.0654762
0.0657738
0.0660714
0.066369
0.0666667
0.0669643
0.0672619
0.0675595
0.0678571
0.0681548
0.0684524
0.06875
0.0690476
0.0693452
0.0696429
0.0699405
0.0702381
0.0705357
0.0708333
0.071131
0.0714286
0.0717262
0.0720238
0.0723214
0.072619
0.0729167
0.0732143
0.0735119
0.0738095
0.0741071
0.0744048
0.0747024
0.075
0.0752976
0.0755952
0.0758929
0.0761905
0.0764881
0.0767857
0.0770833
0.077381
0.0776786
0.0779762
0.0782738
0.0785714
0.078869
0.0791667
0.0794643
0.0797619
0.0800595
0.0803571
0.0806548
0.0809524
0.08125
0.0815476
0.0818452
0.0821429
0.0824405
0.0827381
0.0830357
0.0833333
0.083631
0.0839286
0.0842262
0.0845238
0.0848214
0.085119
0.0854167
0.0857143
0.0860119
0.0863095
0.0866071
0.0869048
0.0872024
0.0875
0.0877976
0.0880952
0.0883929
0.0886905
0.0889881
0.0892857
0.0895833
0.089881
0.0901786
0.0904762
0.0907738
0.0910714
0.091369
0.0916667
0.0919643
0.0922619
0.0925595
0.0928571
0.0931548
0.0934524
0.09375
0.0940476
0.0943452
0.0946429
0.0949405
0.0952381
0.0955357
0.0958333
0.096131
0.0964286
0.0967262
0.0970238
0.0973214
0.097619
0.0979167
0.0982143
0.0985119
0.0988095
0.0991071
0.0994048
0.0997024
0.1
0.100298
0.100595
0.100893
0.10119
0.101488
0.101786
0.102083
0.102381
0.102679
0.102976
0.103274
0.103571
0.103869
0.104167
0.104464
0.104762
0.10506
0.105357
0.105655
0.105952
0.10625
0.106548
0.106845
0.107143
0.10744
0.107738
0.108036
0.108333
0.108631
0.108929
0.109226
0.109524
0.109821
0.110119
0.110417
0.110714
0.111012
0.11131
0.111607
0.111905
0.112202
0.1125
0.112798
0.113095
0.113393
0.11369
0.113988
0.114286
0.114583
0.114881
0.115179
0.115476
0.115774
0.116071
0.116369
0.116667
0.116964
0.117262
0.11756
0.117857
0.118155
0.118452
0.11875
0.119048
0.119345
0.119643
0.11994
0.120238
0.120536
0.120833
0.121131
0.121429
0.121726
0.122024
0.122321
0.122619
0.122917
0.123214
0.123512
0.12381
0.124107
0.124405
0.124702
0.125
0.125298
0.125595
0.125893
0.12619
0.126488
0.126786
0.127083
0.127381
0.127679
0.127976
0.128274
0.128571
0.128869
0.129167
0.129464
0.129762
0.13006
0.130357
0.130655
0.130952
0.13125
0.131548
0.131845
0.132143
0.13244
0.132738
0.133036
0.133333
0.133631
0.133929
0.134226
0.134524
0.134821
0.135119
0.135417
0.135714
0.136012
0.13631
0.136607
0.136905
0.137202
0.1375
0.137798
0.138095
0.138393
0.13869
0.138988
0.139286
0.139583
0.139881
0.140179
0.140476
0.140774
0.141071
0.141369
0.141667
0.141964
0.142262
0.14256
0.142857
0.143155
0.143452
0.14375
0.144048
0.144345
0.144643
0.14494
0.145238
0.145536
0.145833
0.146131
0.146429
0.146726
0.147024
0.147321
0.147619
0.147917
0.148214
0.148512
0.14881
0.149107
0.149405
0.149702
0.15
0.150298
0.150595
0.150893
0.15119
0.151488
0.151786
0.152083
0.152381
0.152679
0.152976
0.153274
0.153571
0.153869
0.154167
0.154464
0.154762
0.15506
0.155357
0.155655
0.155952
0.15625
0.156548
0.156845
0.157143
0.15744
0.157738
0.158036
0.158333
0.158631
0.158929
0.159226
0.159524
0.159821
0.160119
0.160417
0.160714
0.161012
0.16131
0.161607
0.161905
0.162202
0.1625
0.162798
0.163095
0.163393
0.16369
0.163988
0.164286
0.164583
0.164881
0.165179
0.165476
0.165774
0.166071
0.166369
0.166667
0.166964
0.167262
0.16756
0.167857
0.168155
0.168452
0.16875
0.169048
0.169345
0.169643
0.16994
0.170238
0.170536
0.170833
0.171131
0.171429
0.171726
0.172024
0.172321
0.172619
0.172917
0.173214
0.173512
0.17381
0.174107
0.174405
0.174702
0.175
0.175298
0.175595
0.175893
0.17619
0.176488
0.176786
0.177083
0.177381
0.177679
0.177976
0.178274
0.178571
0.178869
0.179167
0.179464
0.179762
0.18006
0.180357
0.180655
0.180952
0.18125
0.181548
0.181845
0.182143
0.18244
0.182738
0.183036
0.183333
0.183631
0.183929
0.184226
0.184524
0.184821
0.185119
0.185417
0.185714
0.186012
0.18631
0.186607
0.186905
0.187202
0.1875
0.187798
0.188095
0.188393
0.18869
0.188988
0.189286
0.189583
0.189881
0.190179
0.190476
0.190774
0.191071
0.191369
0.191667
0.191964
0.192262
0.19256
0.192857
0.193155
0.193452
0.19375
0.194048
0.194345
0.194643
0.19494
0.195238
0.195536
0.195833
0.196131
0.196429
0.196726
0.197024
0.197321
0.197619
0.197917
0.198214
0.198512
0.19881
0.199107
0.199405
0.199702
0.2
0.200298
0.200595
0.200893
0.20119
0.201488
0.201786
0.202083
0.202381
0.202679
0.202976
0.203274
0.203571
0.203869
0.204167
0.204464
0.204762
0.20506
0.205357
0.205655
0.205952
0.20625
0.206548
0.206845
0.207143
0.20744
0.207738
0.208036
0.208333
0.208631
0.208929
0.209226
0.209524
0.209821
0.210119
0.210417
0.210714
0.211012
0.21131
0.211607
0.211905
0.212202
0.2125
0.212798
0.213095
0.213393
0.21369
0.213988
0.214286
0.214583
0.214881
0.215179
0.215476
0.215774
0.216071
0.216369
0.216667
0.216964
0.217262
0.21756
0.217857
0.218155
0.218452
0.21875
0.219048
0.219345
0.219643
0.21994
0.220238
0.220536
0.220833
0.221131
0.221429
0.221726
0.222024
0.222321
0.222619
0.222917
0.223214
0.223512
0.22381
0.224107
0.224405
0.224702
0.225
0.225298
0.225595
0.225893
0.22619
0.226488
0.226786
0.227083
0.227381
0.227679
0.227976
0.228274
0.228571
0.228869
0.229167
0.229464
0.229762
0.23006
0.230357
0.230655
0.230952
0.23125
0.231548
0.231845
0.232143
0.23244
0.232738
0.233036
0.233333
0.233631
0.233929
0.234226
0.234524
0.234821
0.235119
0.235417
0.235714
0.236012
0.23631
0.236607
0.236905
0.237202
0.2375
0.237798
0.238095
0.238393
0.23869
0.238988
0.239286
0.239583
0.239881
0.240179
0.240476
0.240774
0.241071
0.241369
0.241667
0.241964
0.242262
0.24256
0.242857
0.243155
0.243452
0.24375
0.244048
0.244345
0.244643
0.24494
0.245238
0.245536
0.245833
0.246131
0.246429
0.246726
0.247024
0.247321
0.247619
0.247917
0.248214
0.248512
0.24881
0.249107
0.249405
0.249702
0.25
0.250298
0.250595
0.250893
0.25119
0.251488
0.251786
0.252083
0.252381
0.252679
0.252976
0.253274
0.253571
0.253869
0.254167
0.254464
0.254762
0.25506
0.255357
0.255655
0.255952
0.25625
0.256548
0.256845
0.257143
0.25744
0.257738
0.258036
0.258333
0.258631
0.258929
0.259226
0.259524
0.259821
0.260119
0.260417
0.260714
0.261012
0.26131
0.261607
0.261905
0.262202
0.2625
0.262798
0.263095
0.263393
0.26369
0.263988
0.264286
0.264583
0.264881
0.265179
0.265476
0.265774
0.266071
0.266369
0.266667
0.266964
0.267262
0.26756
0.267857
0.268155
0.268452
0.26875
0.269048
0.269345
0.269643
0.26994
0.270238
0.270536
0.270833
0.271131
0.271429
0.271726
0.272024
0.272321
0.272619
0.272917
0.273214
0.273512
0.27381
0.274107
0.274405
0.274702
0.275
0.275298
0.275595
0.275893
0.27619
0.276488
0.276786
0.277083
0.277381
0.277679
0.277976
0.278274
0.278571
0.278869
0.279167
0.279464
0.279762
0.28006
0.280357
0.280655
0.280952
0.28125
0.281548
0.281845
0.282143
0.28244
0.282738
0.283036
0.283333
0.283631
0.283929
0.284226
0.284524
0.284821
0.285119
0.285417
0.285714
0.286012
0.28631
0.286607
0.286905
0.287202
0.2875
0.287798
0.288095
0.288393
0.28869
0.288988
0.289286
0.289583
0.289881
0.290179
0.290476
0.290774
0.291071
0.291369
0.291667
0.291964
0.292262
0.29256
0.292857
0.293155
0.293452
0.29375
0.294048
0.294345
0.294643
0.29494
0.295238
0.295536
0.295833
0.296131
0.296429
0.296726
0.297024
0.297321
0.297619
0.297917
0.298214
0.298512
0.29881
0.299107
0.299405
0.299702
0.3
0.300298
0.300595
0.300893
0.30119
0.301488
0.301786
0.302083
0.302381
0.302679
0.302976
0.303274
0.303571
0.303869
0.304167
0.304464
0.304762
0.30506
0.305357
0.305655
0.305952
0.30625
0.306548
0.306845
0.307143
0.30744
0.307738
0.308036
0.308333
0.308631
0.308929
0.309226
0.309524
0.309821
0.310119
0.310417
0.310714
0.311012
0.31131
0.311607
0.311905
0.312202
0.3125
0.312798
0.313095
0.313393
0.31369
0.313988
0.314286
0.314583
0.314881
0.315179
0.315476
0.315774
0.316071
0.316369
0.316667
0.316964
0.317262
0.31756
0.317857
0.318155
0.318452
0.31875
0.319048
0.319345
0.319643
0.31994
0.320238
0.320536
0.320833
0.321131
0.321429
0.321726
0.322024
0.322321
0.322619
0.322917
0.323214
0.323512
0.32381
0.324107
0.324405
0.324702
0.325
0.325298
0.325595
0.325893
0.32619
0.326488
0.326786
0.327083
0.327381
0.327679
0.327976
0.328274
0.328571
0.328869
0.329167
0.329464
0.329762
0.33006
0.330357
0.330655
0.330952
0.33125
0.331548
0.331845
0.332143
0.33244
0.332738
0.333036
0.333333
0.333631
0.333929
0.334226
0.334524
0.334821
0.335119
0.335417
0.335714
0.336012
0.33631
0.336607
0.336905
0.337202
0.3375
0.337798
0.338095
0.338393
0.33869
0.338988
0.339286
0.339583
0.339881
0.340179
0.340476
0.340774
0.341071
0.341369
0.341667
0.341964
0.342262
0.34256
0.342857
0.343155
0.343452
0.34375
0.344048
0.344345
0.344643
0.34494
0.345238
0.345536
0.345833
0.346131
0.346429
0.346726
0.347024
0.347321
0.347619
0.347917
0.348214
0.348512
0.34881
0.349107
0.349405
0.349702
0.35
0.350298
0.350595
0.350893
0.35119
0.351488
0.351786
0.352083
0.352381
0.352679
0.352976
0.353274
0.353571
0.353869
0.354167
0.354464
0.354762
0.35506
0.355357
0.355655
0.355952
0.35625
0.356548
0.356845
0.357143
