0.08
0.0799361
0.0797441
0.0794238
0.0789743
0.0783943
0.0776823
0.0768363
0.0758541
0.0747327
0.0734693
0.0720603
0.0705018
0.0687899
0.0669199
0.0648871
0.0626863
0.0603122
0.057759
0.0550209
0.0520917
0.0489652
0.0456349
0.0420944
0.0383371
0.0343567
0.0301466
0.0257009
0.0210136
0.0160792
0.0108928
0.00545012
-0.000252483
-0.00621763
-0.0124469
-0.0189406
-0.0256976
-0.0327152
-0.0399889
-0.047512
-0.0552759
-0.0632691
-0.071478
-0.0798859
-0.0884731
-0.0972168
-0.106091
-0.115067
-0.124111
-0.293187
-0.287409
-0.281145
-0.27445
-0.267376
-0.259981
-0.252321
-0.244454
-0.236435
-0.22832
-0.22016
-0.212007
-0.203907
-0.195903
-0.188035
-0.180339
-0.172847
-0.165587
-0.158582
-0.151854
-0.145418
-0.139288
-0.133473
-0.12798
-0.122814
-0.117976
-0.113465
-0.109278
-0.105411
-0.101859
-0.0986123
-0.0956643
-0.0930051
-0.0906246
-0.088512
-0.0866563
-0.0850458
-0.0836689
-0.0825135
-0.0815677
-0.0808195
-0.0802572
-0.0798689
-0.0796429
-0.0795681
-0.079633
-0.079827
-0.0801392
-0.0805595
-0.0810777
-0.00168415
-0.00157022
-0.00146143
-0.00135743
-0.00125788
-0.00116247
-0.00107089
-0.000982856
-0.000898071
-0.000816268
-0.000737185
-0.000660566
-0.000586166
-0.000513745
-0.000443071
-0.000373917
-0.000306061
-0.000239286
-0.000173377
-0.000108124
-4.33185e-05
2.12467e-05
8.57771e-05
0.000150478
0.000215555
0.000281215
0.000347664
0.000415114
0.000483777
0.000553869
0.00062561
0.000699225
0.000774944
0.000853005
0.00093365
0.00101713
0.0011037
0.00119364
0.00128722
0.00138473
0.00148646
0.00159274
0.00170389
0.00182024
0.00194216
0.00207001
0.00220419
0.00234509
0.00249316
0.00264882
0.00281255
