5.20833e-05
5.20833e-05
5.20833e-05
5.20833e-05
5.20834e-05
5.20834e-05
5.20834e-05
5.20834e-05
5.20834e-05
5.20834e-05
5.20834e-05
5.20835e-05
5.20835e-05
5.20835e-05
5.20836e-05
5.20836e-05
5.20836e-05
5.20837e-05
5.20837e-05
5.20838e-05
5.20838e-05
5.20838e-05
5.20839e-05
5.20839e-05
5.2084e-05
5.20841e-05
5.20841e-05
5.20842e-05
5.20842e-05
5.20843e-05
5.20844e-05
5.20845e-05
5.20845e-05
5.20846e-05
5.20847e-05
5.20848e-05
5.20848e-05
5.20849e-05
5.2085e-05
5.20851e-05
5.20852e-05
5.20853e-05
5.20854e-05
5.20855e-05
5.20856e-05
5.20857e-05
5.20858e-05
5.20859e-05
5.2086e-05
5.20861e-05
5.20862e-05
5.20864e-05
5.20865e-05
5.20866e-05
5.20867e-05
5.20869e-05
5.2087e-05
5.20871e-05
5.20872e-05
5.20874e-05
5.20875e-05
5.20877e-05
5.20878e-05
5.20879e-05
5.20881e-05
5.20882e-05
5.20884e-05
5.20886e-05
5.20887e-05
5.20889e-05
5.2089e-05
5.20892e-05
5.20894e-05
5.20895e-05
5.20897e-05
5.20899e-05
5.209e-05
5.20902e-05
5.20904e-05
5.20906e-05
5.20908e-05
5.2091e-05
5.20912e-05
5.20913e-05
5.20915e-05
5.20917e-05
5.20919e-05
5.20921e-05
5.20923e-05
5.20925e-05
5.20927e-05
5.2093e-05
5.20932e-05
5.20934e-05
5.20936e-05
5.20938e-05
5.2094e-05
5.20943e-05
5.20945e-05
5.20947e-05
5.2095e-05
5.20952e-05
5.20954e-05
5.20957e-05
5.20959e-05
5.20961e-05
5.20964e-05
5.20966e-05
5.20969e-05
5.20971e-05
5.20974e-05
5.20977e-05
5.20979e-05
5.20982e-05
5.20984e-05
5.20987e-05
5.2099e-05
5.20992e-05
5.20995e-05
5.20998e-05
5.21001e-05
5.21004e-05
5.21006e-05
5.21009e-05
5.21012e-05
5.21015e-05
5.21018e-05
5.21021e-05
5.21024e-05
5.21027e-05
5.2103e-05
5.21033e-05
5.21036e-05
5.21039e-05
5.21042e-05
5.21045e-05
5.21048e-05
5.21052e-05
5.21055e-05
5.21058e-05
5.21061e-05
5.21064e-05
5.21068e-05
5.21071e-05
5.21074e-05
5.21078e-05
5.21081e-05
5.21085e-05
5.21088e-05
5.21091e-05
5.21095e-05
5.21098e-05
5.21102e-05
5.21105e-05
5.21109e-05
5.21113e-05
5.21116e-05
5.2112e-05
5.21124e-05
5.21127e-05
5.21131e-05
5.21135e-05
5.21138e-05
5.21142e-05
5.21146e-05
5.2115e-05
5.21154e-05
5.21157e-05
5.21161e-05
5.21165e-05
5.21169e-05
5.21173e-05
5.21177e-05
5.21181e-05
5.21185e-05
5.21189e-05
5.21193e-05
5.21197e-05
5.21202e-05
5.21206e-05
5.2121e-05
5.21214e-05
5.21218e-05
5.21223e-05
5.21227e-05
5.21231e-05
5.21235e-05
5.2124e-05
5.21244e-05
5.21249e-05
5.21253e-05
5.21257e-05
5.21262e-05
5.21266e-05
5.21271e-05
5.21275e-05
5.2128e-05
5.21284e-05
5.21289e-05
5.21294e-05
5.21298e-05
5.21303e-05
5.21308e-05
5.21312e-05
5.21317e-05
5.21322e-05
5.21327e-05
5.21331e-05
5.21336e-05
5.21341e-05
5.21346e-05
5.21351e-05
5.21356e-05
5.21361e-05
5.21366e-05
5.21371e-05
5.21376e-05
5.21381e-05
5.21386e-05
5.21391e-05
5.21396e-05
5.21401e-05
5.21406e-05
5.21411e-05
5.21416e-05
5.21422e-05
5.21427e-05
5.21432e-05
5.21437e-05
5.21443e-05
5.21448e-05
5.21453e-05
5.21459e-05
5.21464e-05
5.2147e-05
5.21475e-05
5.21481e-05
5.21486e-05
5.21492e-05
5.21497e-05
5.21503e-05
5.21508e-05
5.21514e-05
5.2152e-05
5.21525e-05
5.21531e-05
5.21537e-05
5.21542e-05
5.21548e-05
5.21554e-05
5.2156e-05
5.21565e-05
5.21571e-05
5.21577e-05
5.21583e-05
5.21589e-05
5.21595e-05
5.21601e-05
5.21607e-05
5.21613e-05
5.21619e-05
5.21625e-05
5.21631e-05
5.21637e-05
5.21643e-05
5.21649e-05
5.21655e-05
5.21662e-05
5.21668e-05
5.21674e-05
5.2168e-05
5.21687e-05
5.21693e-05
5.21699e-05
5.21706e-05
5.21712e-05
5.21718e-05
5.21725e-05
5.21731e-05
5.21738e-05
5.21744e-05
5.21751e-05
5.21757e-05
5.21764e-05
5.2177e-05
5.21777e-05
5.21784e-05
5.2179e-05
5.21797e-05
5.21804e-05
5.2181e-05
5.21817e-05
5.21824e-05
5.21831e-05
5.21838e-05
5.21844e-05
5.21851e-05
5.21858e-05
5.21865e-05
5.21872e-05
5.21879e-05
5.21886e-05
5.21893e-05
5.219e-05
5.21907e-05
5.21914e-05
5.21921e-05
5.21928e-05
5.21935e-05
5.21943e-05
5.2195e-05
5.21957e-05
5.21964e-05
5.21971e-05
5.21979e-05
5.21986e-05
5.21993e-05
5.22001e-05
5.22008e-05
5.22015e-05
5.22023e-05
5.2203e-05
5.22038e-05
5.22045e-05
5.22053e-05
5.2206e-05
5.22068e-05
5.22075e-05
5.22083e-05
5.22091e-05
5.22098e-05
5.22106e-05
5.22114e-05
5.22121e-05
5.22129e-05
5.22137e-05
5.22145e-05
5.22153e-05
5.2216e-05
5.22168e-05
5.22176e-05
5.22184e-05
5.22192e-05
5.222e-05
5.22208e-05
5.22216e-05
5.22224e-05
5.22232e-05
5.2224e-05
5.22248e-05
5.22256e-05
5.22264e-05
5.22272e-05
5.22281e-05
5.22289e-05
5.22297e-05
5.22305e-05
5.22314e-05
5.22322e-05
5.2233e-05
5.22339e-05
5.22347e-05
5.22355e-05
5.22364e-05
5.22372e-05
5.22381e-05
5.22389e-05
5.22398e-05
5.22406e-05
5.22415e-05
5.22423e-05
5.22432e-05
5.2244e-05
5.22449e-05
5.22458e-05
5.22466e-05
5.22475e-05
5.22484e-05
5.22493e-05
5.22501e-05
5.2251e-05
5.22519e-05
5.22528e-05
5.22537e-05
5.22546e-05
5.22555e-05
5.22564e-05
5.22573e-05
5.22582e-05
5.22591e-05
5.226e-05
5.22609e-05
5.22618e-05
5.22627e-05
5.22636e-05
5.22645e-05
5.22654e-05
5.22663e-05
5.22673e-05
5.22682e-05
5.22691e-05
5.227e-05
5.2271e-05
5.22719e-05
5.22728e-05
5.22738e-05
5.22747e-05
5.22757e-05
5.22766e-05
5.22776e-05
5.22785e-05
5.22795e-05
5.22804e-05
5.22814e-05
5.22823e-05
5.22833e-05
5.22843e-05
5.22852e-05
5.22862e-05
5.22872e-05
5.22881e-05
5.22891e-05
5.22901e-05
5.22911e-05
5.2292e-05
5.2293e-05
5.2294e-05
5.2295e-05
5.2296e-05
5.2297e-05
5.2298e-05
5.2299e-05
5.23e-05
5.2301e-05
5.2302e-05
5.2303e-05
5.2304e-05
5.2305e-05
5.2306e-05
5.23071e-05
5.23081e-05
5.23091e-05
5.23101e-05
5.23111e-05
5.23122e-05
5.23132e-05
5.23142e-05
5.23153e-05
5.23163e-05
5.23173e-05
5.23184e-05
5.23194e-05
5.23205e-05
5.23215e-05
5.23226e-05
5.23236e-05
5.23247e-05
5.23257e-05
5.23268e-05
5.23279e-05
5.23289e-05
5.233e-05
5.23311e-05
5.23321e-05
5.23332e-05
5.23343e-05
5.23354e-05
5.23365e-05
5.23375e-05
5.23386e-05
5.23397e-05
5.23408e-05
5.23419e-05
5.2343e-05
5.23441e-05
5.23452e-05
5.23463e-05
5.23474e-05
5.23485e-05
5.23496e-05
5.23507e-05
5.23518e-05
5.23529e-05
5.23541e-05
5.23552e-05
5.23563e-05
5.23574e-05
5.23586e-05
5.23597e-05
5.23608e-05
5.2362e-05
5.23631e-05
5.23642e-05
5.23654e-05
5.23665e-05
5.23677e-05
5.23688e-05
5.237e-05
5.23711e-05
5.23723e-05
5.23734e-05
5.23746e-05
5.23757e-05
5.23769e-05
5.23781e-05
5.23792e-05
5.23804e-05
5.23816e-05
5.23828e-05
5.23839e-05
5.23851e-05
5.23863e-05
5.23875e-05
5.23887e-05
5.23899e-05
5.2391e-05
5.23922e-05
5.23934e-05
5.23946e-05
5.23958e-05
5.2397e-05
5.23982e-05
5.23994e-05
5.24007e-05
5.24019e-05
5.24031e-05
5.24043e-05
5.24055e-05
5.24067e-05
5.2408e-05
5.24092e-05
5.24104e-05
5.24116e-05
5.24129e-05
5.24141e-05
5.24154e-05
5.24166e-05
5.24178e-05
5.24191e-05
5.24203e-05
5.24216e-05
5.24228e-05
5.24241e-05
5.24253e-05
5.24266e-05
5.24279e-05
5.24291e-05
5.24304e-05
5.24316e-05
5.24329e-05
5.24342e-05
5.24355e-05
5.24367e-05
5.2438e-05
5.24393e-05
5.24406e-05
5.24419e-05
5.24432e-05
5.24444e-05
5.24457e-05
5.2447e-05
5.24483e-05
5.24496e-05
5.24509e-05
5.24522e-05
5.24535e-05
5.24548e-05
5.24562e-05
5.24575e-05
5.24588e-05
5.24601e-05
5.24614e-05
5.24627e-05
5.24641e-05
5.24654e-05
5.24667e-05
5.24681e-05
5.24694e-05
5.24707e-05
5.24721e-05
5.24734e-05
5.24747e-05
5.24761e-05
5.24774e-05
5.24788e-05
5.24801e-05
5.24815e-05
5.24828e-05
5.24842e-05
5.24856e-05
5.24869e-05
5.24883e-05
5.24897e-05
5.2491e-05
5.24924e-05
5.24938e-05
5.24952e-05
5.24965e-05
5.24979e-05
4.15964e-07
4.15958e-07
4.15952e-07
4.15946e-07
4.1594e-07
4.15934e-07
4.15928e-07
4.15922e-07
4.15916e-07
4.15909e-07
4.15903e-07
4.15897e-07
4.15891e-07
4.15885e-07
4.15879e-07
4.15873e-07
4.15867e-07
4.15861e-07
4.15855e-07
4.15849e-07
4.15842e-07
4.15836e-07
4.1583e-07
4.15824e-07
4.15818e-07
4.15812e-07
4.15806e-07
4.158e-07
4.15794e-07
4.15787e-07
4.15781e-07
4.15775e-07
4.15769e-07
4.15763e-07
4.15757e-07
4.15751e-07
4.15744e-07
4.15738e-07
4.15732e-07
4.15726e-07
4.1572e-07
4.15714e-07
4.15708e-07
4.15701e-07
4.15695e-07
4.15689e-07
4.15683e-07
4.15677e-07
4.15671e-07
4.15664e-07
4.15658e-07
4.15652e-07
4.15646e-07
4.1564e-07
4.15634e-07
4.15627e-07
4.15621e-07
4.15615e-07
4.15609e-07
4.15603e-07
4.15596e-07
4.1559e-07
4.15584e-07
4.15578e-07
4.15572e-07
4.15565e-07
4.15559e-07
4.15553e-07
4.15547e-07
4.15541e-07
4.15534e-07
4.15528e-07
4.15522e-07
4.15516e-07
4.15509e-07
4.15503e-07
4.15497e-07
4.15491e-07
4.15484e-07
4.15478e-07
4.15472e-07
4.15466e-07
4.15459e-07
4.15453e-07
4.15447e-07
4.15441e-07
4.15434e-07
4.15428e-07
4.15422e-07
4.15416e-07
4.15409e-07
4.15403e-07
4.15397e-07
4.15391e-07
4.15384e-07
4.15378e-07
4.15372e-07
4.15365e-07
4.15359e-07
4.15353e-07
4.15347e-07
4.1534e-07
4.15334e-07
4.15328e-07
4.15321e-07
4.15315e-07
4.15309e-07
4.15302e-07
4.15296e-07
4.1529e-07
4.15283e-07
4.15277e-07
4.15271e-07
4.15264e-07
4.15258e-07
4.15252e-07
4.15245e-07
4.15239e-07
4.15233e-07
4.15226e-07
4.1522e-07
4.15214e-07
4.15207e-07
4.15201e-07
4.15195e-07
4.15188e-07
4.15182e-07
4.15176e-07
4.15169e-07
4.15163e-07
4.15157e-07
4.1515e-07
4.15144e-07
4.15137e-07
4.15131e-07
4.15125e-07
4.15118e-07
4.15112e-07
4.15106e-07
4.15099e-07
4.15093e-07
4.15086e-07
4.1508e-07
4.15074e-07
4.15067e-07
4.15061e-07
4.15054e-07
4.15048e-07
4.15042e-07
4.15035e-07
4.15029e-07
4.15022e-07
4.15016e-07
4.15009e-07
4.15003e-07
4.14997e-07
4.1499e-07
4.14984e-07
4.14977e-07
4.14971e-07
4.14964e-07
4.14958e-07
4.14952e-07
4.14945e-07
4.14939e-07
4.14932e-07
4.14926e-07
4.14919e-07
4.14913e-07
4.14906e-07
4.149e-07
4.14893e-07
4.14887e-07
4.1488e-07
4.14874e-07
4.14868e-07
4.14861e-07
4.14855e-07
4.14848e-07
4.14842e-07
4.14835e-07
4.14829e-07
4.14822e-07
4.14816e-07
4.14809e-07
4.14803e-07
4.14796e-07
4.1479e-07
4.14783e-07
4.14777e-07
4.1477e-07
4.14764e-07
4.14757e-07
4.14751e-07
4.14744e-07
4.14738e-07
4.14731e-07
4.14724e-07
4.14718e-07
4.14711e-07
4.14705e-07
4.14698e-07
4.14692e-07
4.14685e-07
4.14679e-07
4.14672e-07
4.14666e-07
4.14659e-07
4.14652e-07
4.14646e-07
4.14639e-07
4.14633e-07
4.14626e-07
4.1462e-07
4.14613e-07
4.14607e-07
4.146e-07
4.14593e-07
4.14587e-07
4.1458e-07
4.14574e-07
4.14567e-07
4.1456e-07
4.14554e-07
4.14547e-07
4.14541e-07
4.14534e-07
4.14527e-07
4.14521e-07
4.14514e-07
4.14508e-07
4.14501e-07
4.14494e-07
4.14488e-07
4.14481e-07
4.14475e-07
4.14468e-07
4.14461e-07
4.14455e-07
4.14448e-07
4.14441e-07
4.14435e-07
4.14428e-07
4.14422e-07
4.14415e-07
4.14408e-07
4.14402e-07
4.14395e-07
4.14388e-07
4.14382e-07
4.14375e-07
4.14368e-07
4.14362e-07
4.14355e-07
4.14348e-07
4.14342e-07
4.14335e-07
4.14328e-07
4.14322e-07
4.14315e-07
4.14308e-07
4.14302e-07
4.14295e-07
4.14288e-07
4.14282e-07
4.14275e-07
4.14268e-07
4.14261e-07
4.14255e-07
4.14248e-07
4.14241e-07
4.14235e-07
4.14228e-07
4.14221e-07
4.14214e-07
4.14208e-07
4.14201e-07
4.14194e-07
4.14188e-07
4.14181e-07
4.14174e-07
4.14167e-07
4.14161e-07
4.14154e-07
4.14147e-07
4.1414e-07
4.14134e-07
4.14127e-07
4.1412e-07
4.14113e-07
4.14107e-07
4.141e-07
4.14093e-07
4.14086e-07
4.1408e-07
4.14073e-07
4.14066e-07
4.14059e-07
4.14053e-07
4.14046e-07
4.14039e-07
4.14032e-07
4.14025e-07
4.14019e-07
4.14012e-07
4.14005e-07
4.13998e-07
4.13992e-07
4.13985e-07
4.13978e-07
4.13971e-07
4.13964e-07
4.13958e-07
4.13951e-07
4.13944e-07
4.13937e-07
4.1393e-07
4.13923e-07
4.13917e-07
4.1391e-07
4.13903e-07
4.13896e-07
4.13889e-07
4.13882e-07
4.13876e-07
4.13869e-07
4.13862e-07
4.13855e-07
4.13848e-07
4.13841e-07
4.13835e-07
4.13828e-07
4.13821e-07
4.13814e-07
4.13807e-07
4.138e-07
4.13793e-07
4.13787e-07
4.1378e-07
4.13773e-07
4.13766e-07
4.13759e-07
4.13752e-07
4.13745e-07
4.13738e-07
4.13732e-07
4.13725e-07
4.13718e-07
4.13711e-07
4.13704e-07
4.13697e-07
4.1369e-07
4.13683e-07
4.13676e-07
4.13669e-07
4.13663e-07
4.13656e-07
4.13649e-07
4.13642e-07
4.13635e-07
4.13628e-07
4.13621e-07
4.13614e-07
4.13607e-07
4.136e-07
4.13593e-07
4.13586e-07
4.13579e-07
4.13572e-07
4.13566e-07
4.13559e-07
4.13552e-07
4.13545e-07
4.13538e-07
4.13531e-07
4.13524e-07
4.13517e-07
4.1351e-07
4.13503e-07
4.13496e-07
4.13489e-07
4.13482e-07
4.13475e-07
4.13468e-07
4.13461e-07
4.13454e-07
4.13447e-07
4.1344e-07
4.13433e-07
4.13426e-07
4.13419e-07
4.13412e-07
4.13405e-07
4.13398e-07
4.13391e-07
4.13384e-07
4.13377e-07
4.1337e-07
4.13363e-07
4.13356e-07
4.13349e-07
4.13342e-07
4.13335e-07
4.13328e-07
4.13321e-07
4.13314e-07
4.13307e-07
4.133e-07
4.13293e-07
4.13286e-07
4.13279e-07
4.13272e-07
4.13265e-07
4.13258e-07
4.1325e-07
4.13243e-07
4.13236e-07
4.13229e-07
4.13222e-07
4.13215e-07
4.13208e-07
4.13201e-07
4.13194e-07
4.13187e-07
4.1318e-07
4.13173e-07
4.13166e-07
4.13159e-07
4.13151e-07
4.13144e-07
4.13137e-07
4.1313e-07
4.13123e-07
4.13116e-07
4.13109e-07
4.13102e-07
4.13095e-07
4.13088e-07
4.1308e-07
4.13073e-07
4.13066e-07
4.13059e-07
4.13052e-07
4.13045e-07
4.13038e-07
4.13031e-07
4.13023e-07
4.13016e-07
4.13009e-07
4.13002e-07
4.12995e-07
4.12988e-07
4.12981e-07
4.12973e-07
4.12966e-07
4.12959e-07
4.12952e-07
4.12945e-07
4.12938e-07
4.12931e-07
4.12923e-07
4.12916e-07
4.12909e-07
4.12902e-07
4.12895e-07
4.12887e-07
4.1288e-07
4.12873e-07
4.12866e-07
4.12859e-07
4.12852e-07
4.12844e-07
4.12837e-07
4.1283e-07
4.12823e-07
4.12816e-07
4.12808e-07
4.12801e-07
4.12794e-07
4.12787e-07
4.1278e-07
4.12772e-07
4.12765e-07
4.12758e-07
4.12751e-07
4.12743e-07
4.12736e-07
4.12729e-07
4.12722e-07
4.12714e-07
4.12707e-07
4.127e-07
4.12693e-07
4.12685e-07
4.12678e-07
4.12671e-07
4.12664e-07
4.12656e-07
4.12649e-07
4.12642e-07
4.12635e-07
4.12627e-07
4.1262e-07
4.12613e-07
4.12606e-07
4.12598e-07
4.12591e-07
4.12584e-07
4.12577e-07
4.12569e-07
4.12562e-07
4.12555e-07
4.12547e-07
4.1254e-07
4.12533e-07
4.12525e-07
4.12518e-07
4.12511e-07
4.12504e-07
4.12496e-07
4.12489e-07
4.12482e-07
4.12474e-07
4.12467e-07
4.1246e-07
4.12452e-07
4.12445e-07
4.12438e-07
4.1243e-07
4.12423e-07
4.12416e-07
4.12408e-07
4.12401e-07
4.12394e-07
4.12386e-07
4.12379e-07
4.12372e-07
4.12364e-07
4.12357e-07
4.1235e-07
4.12342e-07
4.12335e-07
4.12327e-07
4.1232e-07
4.12313e-07
4.12305e-07
4.12298e-07
4.12291e-07
4.12283e-07
4.12276e-07
4.12268e-07
4.12261e-07
4.12254e-07
4.12246e-07
4.12239e-07
4.12231e-07
4.12224e-07
4.12217e-07
4.12209e-07
4.12202e-07
4.12194e-07
4.12187e-07
4.1218e-07
4.12172e-07
4.12165e-07
4.12157e-07
4.1215e-07
4.12142e-07
4.12135e-07
4.12128e-07
4.1212e-07
4.12113e-07
4.12105e-07
4.12098e-07
4.1209e-07
4.12083e-07
4.12076e-07
4.12068e-07
4.12061e-07
4.12053e-07
4.12046e-07
4.12038e-07
4.12031e-07
4.12023e-07
4.12016e-07
4.12008e-07
4.12001e-07
4.11993e-07
4.11986e-07
4.11978e-07
4.11971e-07
4.11964e-07
4.11956e-07
4.11949e-07
4.11941e-07
4.11934e-07
4.11926e-07
4.11919e-07
4.11911e-07
4.11904e-07
-5.16714e-05
-5.16728e-05
-5.16742e-05
-5.16756e-05
-5.1677e-05
-5.16784e-05
-5.16797e-05
-5.16811e-05
-5.16825e-05
-5.16839e-05
-5.16852e-05
-5.16866e-05
-5.1688e-05
-5.16893e-05
-5.16907e-05
-5.16921e-05
-5.16934e-05
-5.16948e-05
-5.16961e-05
-5.16975e-05
-5.16988e-05
-5.17002e-05
-5.17015e-05
-5.17028e-05
-5.17042e-05
-5.17055e-05
-5.17068e-05
-5.17082e-05
-5.17095e-05
-5.17108e-05
-5.17121e-05
-5.17135e-05
-5.17148e-05
-5.17161e-05
-5.17174e-05
-5.17187e-05
-5.172e-05
-5.17213e-05
-5.17226e-05
-5.17239e-05
-5.17252e-05
-5.17265e-05
-5.17278e-05
-5.17291e-05
-5.17304e-05
-5.17317e-05
-5.1733e-05
-5.17343e-05
-5.17355e-05
-5.17368e-05
-5.17381e-05
-5.17394e-05
-5.17406e-05
-5.17419e-05
-5.17432e-05
-5.17444e-05
-5.17457e-05
-5.17469e-05
-5.17482e-05
-5.17495e-05
-5.17507e-05
-5.1752e-05
-5.17532e-05
-5.17544e-05
-5.17557e-05
-5.17569e-05
-5.17582e-05
-5.17594e-05
-5.17606e-05
-5.17619e-05
-5.17631e-05
-5.17643e-05
-5.17655e-05
-5.17668e-05
-5.1768e-05
-5.17692e-05
-5.17704e-05
-5.17716e-05
-5.17728e-05
-5.1774e-05
-5.17752e-05
-5.17764e-05
-5.17776e-05
-5.17788e-05
-5.178e-05
-5.17812e-05
-5.17824e-05
-5.17836e-05
-5.17848e-05
-5.1786e-05
-5.17872e-05
-5.17883e-05
-5.17895e-05
-5.17907e-05
-5.17919e-05
-5.1793e-05
-5.17942e-05
-5.17954e-05
-5.17965e-05
-5.17977e-05
-5.17988e-05
-5.18e-05
-5.18011e-05
-5.18023e-05
-5.18034e-05
-5.18046e-05
-5.18057e-05
-5.18069e-05
-5.1808e-05
-5.18091e-05
-5.18103e-05
-5.18114e-05
-5.18125e-05
-5.18137e-05
-5.18148e-05
-5.18159e-05
-5.1817e-05
-5.18181e-05
-5.18193e-05
-5.18204e-05
-5.18215e-05
-5.18226e-05
-5.18237e-05
-5.18248e-05
-5.18259e-05
-5.1827e-05
-5.18281e-05
-5.18292e-05
-5.18303e-05
-5.18314e-05
-5.18324e-05
-5.18335e-05
-5.18346e-05
-5.18357e-05
-5.18368e-05
-5.18378e-05
-5.18389e-05
-5.184e-05
-5.18411e-05
-5.18421e-05
-5.18432e-05
-5.18442e-05
-5.18453e-05
-5.18464e-05
-5.18474e-05
-5.18485e-05
-5.18495e-05
-5.18506e-05
-5.18516e-05
-5.18526e-05
-5.18537e-05
-5.18547e-05
-5.18558e-05
-5.18568e-05
-5.18578e-05
-5.18588e-05
-5.18599e-05
-5.18609e-05
-5.18619e-05
-5.18629e-05
-5.18639e-05
-5.1865e-05
-5.1866e-05
-5.1867e-05
-5.1868e-05
-5.1869e-05
-5.187e-05
-5.1871e-05
-5.1872e-05
-5.1873e-05
-5.1874e-05
-5.1875e-05
-5.1876e-05
-5.18769e-05
-5.18779e-05
-5.18789e-05
-5.18799e-05
-5.18809e-05
-5.18818e-05
-5.18828e-05
-5.18838e-05
-5.18847e-05
-5.18857e-05
-5.18867e-05
-5.18876e-05
-5.18886e-05
-5.18895e-05
-5.18905e-05
-5.18914e-05
-5.18924e-05
-5.18933e-05
-5.18943e-05
-5.18952e-05
-5.18961e-05
-5.18971e-05
-5.1898e-05
-5.18989e-05
-5.18999e-05
-5.19008e-05
-5.19017e-05
-5.19026e-05
-5.19036e-05
-5.19045e-05
-5.19054e-05
-5.19063e-05
-5.19072e-05
-5.19081e-05
-5.1909e-05
-5.19099e-05
-5.19108e-05
-5.19117e-05
-5.19126e-05
-5.19135e-05
-5.19144e-05
-5.19153e-05
-5.19162e-05
-5.19171e-05
-5.1918e-05
-5.19188e-05
-5.19197e-05
-5.19206e-05
-5.19215e-05
-5.19223e-05
-5.19232e-05
-5.19241e-05
-5.19249e-05
-5.19258e-05
-5.19267e-05
-5.19275e-05
-5.19284e-05
-5.19292e-05
-5.19301e-05
-5.19309e-05
-5.19318e-05
-5.19326e-05
-5.19334e-05
-5.19343e-05
-5.19351e-05
-5.19359e-05
-5.19368e-05
-5.19376e-05
-5.19384e-05
-5.19392e-05
-5.19401e-05
-5.19409e-05
-5.19417e-05
-5.19425e-05
-5.19433e-05
-5.19441e-05
-5.19449e-05
-5.19457e-05
-5.19466e-05
-5.19474e-05
-5.19481e-05
-5.19489e-05
-5.19497e-05
-5.19505e-05
-5.19513e-05
-5.19521e-05
-5.19529e-05
-5.19537e-05
-5.19544e-05
-5.19552e-05
-5.1956e-05
-5.19568e-05
-5.19575e-05
-5.19583e-05
-5.19591e-05
-5.19598e-05
-5.19606e-05
-5.19613e-05
-5.19621e-05
-5.19629e-05
-5.19636e-05
-5.19644e-05
-5.19651e-05
-5.19658e-05
-5.19666e-05
-5.19673e-05
-5.19681e-05
-5.19688e-05
-5.19695e-05
-5.19703e-05
-5.1971e-05
-5.19717e-05
-5.19724e-05
-5.19732e-05
-5.19739e-05
-5.19746e-05
-5.19753e-05
-5.1976e-05
-5.19767e-05
-5.19774e-05
-5.19781e-05
-5.19788e-05
-5.19795e-05
-5.19802e-05
-5.19809e-05
-5.19816e-05
-5.19823e-05
-5.1983e-05
-5.19837e-05
-5.19844e-05
-5.1985e-05
-5.19857e-05
-5.19864e-05
-5.19871e-05
-5.19877e-05
-5.19884e-05
-5.19891e-05
-5.19897e-05
-5.19904e-05
-5.19911e-05
-5.19917e-05
-5.19924e-05
-5.1993e-05
-5.19937e-05
-5.19943e-05
-5.1995e-05
-5.19956e-05
-5.19963e-05
-5.19969e-05
-5.19975e-05
-5.19982e-05
-5.19988e-05
-5.19994e-05
-5.2e-05
-5.20007e-05
-5.20013e-05
-5.20019e-05
-5.20025e-05
-5.20031e-05
-5.20038e-05
-5.20044e-05
-5.2005e-05
-5.20056e-05
-5.20062e-05
-5.20068e-05
-5.20074e-05
-5.2008e-05
-5.20086e-05
-5.20092e-05
-5.20098e-05
-5.20103e-05
-5.20109e-05
-5.20115e-05
-5.20121e-05
-5.20127e-05
-5.20132e-05
-5.20138e-05
-5.20144e-05
-5.2015e-05
-5.20155e-05
-5.20161e-05
-5.20166e-05
-5.20172e-05
-5.20178e-05
-5.20183e-05
-5.20189e-05
-5.20194e-05
-5.202e-05
-5.20205e-05
-5.20211e-05
-5.20216e-05
-5.20221e-05
-5.20227e-05
-5.20232e-05
-5.20237e-05
-5.20243e-05
-5.20248e-05
-5.20253e-05
-5.20258e-05
-5.20263e-05
-5.20269e-05
-5.20274e-05
-5.20279e-05
-5.20284e-05
-5.20289e-05
-5.20294e-05
-5.20299e-05
-5.20304e-05
-5.20309e-05
-5.20314e-05
-5.20319e-05
-5.20324e-05
-5.20329e-05
-5.20334e-05
-5.20339e-05
-5.20343e-05
-5.20348e-05
-5.20353e-05
-5.20358e-05
-5.20362e-05
-5.20367e-05
-5.20372e-05
-5.20376e-05
-5.20381e-05
-5.20386e-05
-5.2039e-05
-5.20395e-05
-5.20399e-05
-5.20404e-05
-5.20408e-05
-5.20413e-05
-5.20417e-05
-5.20422e-05
-5.20426e-05
-5.20431e-05
-5.20435e-05
-5.20439e-05
-5.20444e-05
-5.20448e-05
-5.20452e-05
-5.20456e-05
-5.20461e-05
-5.20465e-05
-5.20469e-05
-5.20473e-05
-5.20477e-05
-5.20481e-05
-5.20485e-05
-5.20489e-05
-5.20493e-05
-5.20497e-05
-5.20501e-05
-5.20505e-05
-5.20509e-05
-5.20513e-05
-5.20517e-05
-5.20521e-05
-5.20525e-05
-5.20529e-05
-5.20532e-05
-5.20536e-05
-5.2054e-05
-5.20544e-05
-5.20547e-05
-5.20551e-05
-5.20555e-05
-5.20558e-05
-5.20562e-05
-5.20565e-05
-5.20569e-05
-5.20573e-05
-5.20576e-05
-5.2058e-05
-5.20583e-05
-5.20586e-05
-5.2059e-05
-5.20593e-05
-5.20597e-05
-5.206e-05
-5.20603e-05
-5.20607e-05
-5.2061e-05
-5.20613e-05
-5.20616e-05
-5.2062e-05
-5.20623e-05
-5.20626e-05
-5.20629e-05
-5.20632e-05
-5.20635e-05
-5.20638e-05
-5.20641e-05
-5.20644e-05
-5.20647e-05
-5.2065e-05
-5.20653e-05
-5.20656e-05
-5.20659e-05
-5.20662e-05
-5.20665e-05
-5.20668e-05
-5.20671e-05
-5.20673e-05
-5.20676e-05
-5.20679e-05
-5.20682e-05
-5.20684e-05
-5.20687e-05
-5.2069e-05
-5.20692e-05
-5.20695e-05
-5.20697e-05
-5.207e-05
-5.20703e-05
-5.20705e-05
-5.20708e-05
-5.2071e-05
-5.20712e-05
-5.20715e-05
-5.20717e-05
-5.2072e-05
-5.20722e-05
-5.20724e-05
-5.20727e-05
-5.20729e-05
-5.20731e-05
-5.20733e-05
-5.20736e-05
-5.20738e-05
-5.2074e-05
-5.20742e-05
-5.20744e-05
-5.20746e-05
-5.20748e-05
-5.2075e-05
-5.20752e-05
-5.20754e-05
-5.20756e-05
-5.20758e-05
-5.2076e-05
-5.20762e-05
-5.20764e-05
-5.20766e-05
-5.20768e-05
-5.2077e-05
-5.20771e-05
-5.20773e-05
-5.20775e-05
-5.20777e-05
-5.20778e-05
-5.2078e-05
-5.20782e-05
-5.20783e-05
-5.20785e-05
-5.20786e-05
-5.20788e-05
-5.2079e-05
-5.20791e-05
-5.20793e-05
-5.20794e-05
-5.20795e-05
-5.20797e-05
-5.20798e-05
-5.208e-05
-5.20801e-05
-5.20802e-05
-5.20804e-05
-5.20805e-05
-5.20806e-05
-5.20807e-05
-5.20809e-05
-5.2081e-05
-5.20811e-05
-5.20812e-05
-5.20813e-05
-5.20814e-05
-5.20815e-05
-5.20816e-05
-5.20817e-05
-5.20818e-05
-5.20819e-05
-5.2082e-05
-5.20821e-05
-5.20822e-05
-5.20823e-05
-5.20824e-05
-5.20825e-05
-5.20826e-05
-5.20826e-05
-5.20827e-05
-5.20828e-05
-5.20829e-05
-5.20829e-05
-5.2083e-05
-5.20831e-05
-5.20831e-05
-5.20832e-05
-5.20832e-05
-5.20833e-05
-5.20834e-05
-5.20834e-05
-5.20835e-05
-5.20835e-05
-5.20835e-05
-5.20836e-05
-5.20836e-05
-5.20837e-05
-5.20837e-05
-5.20837e-05
-5.20838e-05
-5.20838e-05
-5.20838e-05
-5.20838e-05
-5.20839e-05
-5.20839e-05
-5.20839e-05
-5.20839e-05
-5.20839e-05
-5.20839e-05
-5.20839e-05
-5.20839e-05
-5.20839e-05
-5.20839e-05
-5.20839e-05
-5.20839e-05
-5.20839e-05
-5.20839e-05
-5.71306e-10
-5.71306e-10
-5.71305e-10
-5.71305e-10
-5.71305e-10
-5.71305e-10
-5.71305e-10
-5.71305e-10
-5.71304e-10
-5.71304e-10
-5.71304e-10
-5.71304e-10
-5.71304e-10
-5.71304e-10
-5.71304e-10
-5.71303e-10
-5.71303e-10
-5.71303e-10
-5.71303e-10
-5.71303e-10
-5.71303e-10
-5.71302e-10
-5.71302e-10
-5.71302e-10
-5.71302e-10
-5.71302e-10
-5.71302e-10
-5.71301e-10
-5.71301e-10
-5.71301e-10
-5.71301e-10
-5.71301e-10
-5.71301e-10
-5.71301e-10
-5.713e-10
-5.713e-10
-5.713e-10
-5.713e-10
-5.713e-10
-5.713e-10
-5.71299e-10
-5.71299e-10
-5.71299e-10
-5.71299e-10
-5.71299e-10
-5.71299e-10
-5.71298e-10
-5.71298e-10
-5.71298e-10
-5.71298e-10
-5.71298e-10
-5.71298e-10
-5.71297e-10
-5.71297e-10
-5.71297e-10
-5.71297e-10
-5.71297e-10
-5.71297e-10
-5.71297e-10
-5.71296e-10
-5.71296e-10
-5.71296e-10
-5.71296e-10
-5.71296e-10
-5.71296e-10
-5.71295e-10
-5.71295e-10
-5.71295e-10
-5.71295e-10
-5.71295e-10
-5.71295e-10
-5.71294e-10
-5.71294e-10
-5.71294e-10
-5.71294e-10
-5.71294e-10
-5.71294e-10
-5.71294e-10
-5.71293e-10
-5.71293e-10
-5.71293e-10
-5.71293e-10
-5.71293e-10
-5.71293e-10
-5.71292e-10
-5.71292e-10
-5.71292e-10
-5.71292e-10
-5.71292e-10
-5.71292e-10
-5.71291e-10
-5.71291e-10
-5.71291e-10
-5.71291e-10
-5.71291e-10
-5.71291e-10
-5.71291e-10
-5.7129e-10
-5.7129e-10
-5.7129e-10
-5.7129e-10
-5.7129e-10
-5.7129e-10
-5.71289e-10
-5.71289e-10
-5.71289e-10
-5.71289e-10
-5.71289e-10
-5.71289e-10
-5.71288e-10
-5.71288e-10
-5.71288e-10
-5.71288e-10
-5.71288e-10
-5.71288e-10
-5.71287e-10
-5.71287e-10
-5.71287e-10
-5.71287e-10
-5.71287e-10
-5.71287e-10
-5.71287e-10
-5.71286e-10
-5.71286e-10
-5.71286e-10
-5.71286e-10
-5.71286e-10
-5.71286e-10
-5.71285e-10
-5.71285e-10
-5.71285e-10
-5.71285e-10
-5.71285e-10
-5.71285e-10
-5.71284e-10
-5.71284e-10
-5.71284e-10
-5.71284e-10
-5.71284e-10
-5.71284e-10
-5.71284e-10
-5.71283e-10
-5.71283e-10
-5.71283e-10
-5.71283e-10
-5.71283e-10
-5.71283e-10
-5.71282e-10
-5.71282e-10
-5.71282e-10
-5.71282e-10
-5.71282e-10
-5.71282e-10
-5.71281e-10
-5.71281e-10
-5.71281e-10
-5.71281e-10
-5.71281e-10
-5.71281e-10
-5.71281e-10
-5.7128e-10
-5.7128e-10
-5.7128e-10
-5.7128e-10
-5.7128e-10
-5.7128e-10
-5.71279e-10
-5.71279e-10
-5.71279e-10
-5.71279e-10
-5.71279e-10
-5.71279e-10
-5.71278e-10
-5.71278e-10
-5.71278e-10
-5.71278e-10
-5.71278e-10
-5.71278e-10
-5.71278e-10
-5.71277e-10
-5.71277e-10
-5.71277e-10
-5.71277e-10
-5.71277e-10
-5.71277e-10
-5.71276e-10
-5.71276e-10
-5.71276e-10
-5.71276e-10
-5.71276e-10
-5.71276e-10
-5.71275e-10
-5.71275e-10
-5.71275e-10
-5.71275e-10
-5.71275e-10
-5.71275e-10
-5.71274e-10
-5.71274e-10
-5.71274e-10
-5.71274e-10
-5.71274e-10
-5.71274e-10
-5.71274e-10
-5.71273e-10
-5.71273e-10
-5.71273e-10
-5.71273e-10
-5.71273e-10
-5.71273e-10
-5.71272e-10
-5.71272e-10
-5.71272e-10
-5.71272e-10
-5.71272e-10
-5.71272e-10
-5.71271e-10
-5.71271e-10
-5.71271e-10
-5.71271e-10
-5.71271e-10
-5.71271e-10
-5.71271e-10
-5.7127e-10
-5.7127e-10
-5.7127e-10
-5.7127e-10
-5.7127e-10
-5.7127e-10
-5.71269e-10
-5.71269e-10
-5.71269e-10
-5.71269e-10
-5.71269e-10
-5.71269e-10
-5.71268e-10
-5.71268e-10
-5.71268e-10
-5.71268e-10
-5.71268e-10
-5.71268e-10
-5.71268e-10
-5.71267e-10
-5.71267e-10
-5.71267e-10
-5.71267e-10
-5.71267e-10
-5.71267e-10
-5.71266e-10
-5.71266e-10
-5.71266e-10
-5.71266e-10
-5.71266e-10
-5.71266e-10
-5.71265e-10
-5.71265e-10
-5.71265e-10
-5.71265e-10
-5.71265e-10
-5.71265e-10
-5.71265e-10
-5.71264e-10
-5.71264e-10
-5.71264e-10
-5.71264e-10
-5.71264e-10
-5.71264e-10
-5.71263e-10
-5.71263e-10
-5.71263e-10
-5.71263e-10
-5.71263e-10
-5.71263e-10
-5.71262e-10
-5.71262e-10
-5.71262e-10
-5.71262e-10
-5.71262e-10
-5.71262e-10
-5.71261e-10
-5.71261e-10
-5.71261e-10
-5.71261e-10
-5.71261e-10
-5.71261e-10
-5.71261e-10
-5.7126e-10
-5.7126e-10
-5.7126e-10
-5.7126e-10
-5.7126e-10
-5.7126e-10
-5.71259e-10
-5.71259e-10
-5.71259e-10
-5.71259e-10
-5.71259e-10
-5.71259e-10
-5.71258e-10
-5.71258e-10
-5.71258e-10
-5.71258e-10
-5.71258e-10
-5.71258e-10
-5.71258e-10
-5.71257e-10
-5.71257e-10
-5.71257e-10
-5.71257e-10
-5.71257e-10
-5.71257e-10
-5.71256e-10
-5.71256e-10
-5.71256e-10
-5.71256e-10
-5.71256e-10
-5.71256e-10
-5.71255e-10
-5.71255e-10
-5.71255e-10
-5.71255e-10
-5.71255e-10
-5.71255e-10
-5.71255e-10
-5.71254e-10
-5.71254e-10
-5.71254e-10
-5.71254e-10
-5.71254e-10
-5.71254e-10
-5.71253e-10
-5.71253e-10
-5.71253e-10
-5.71253e-10
-5.71253e-10
-5.71253e-10
-5.71252e-10
-5.71252e-10
-5.71252e-10
-5.71252e-10
-5.71252e-10
-5.71252e-10
-5.71252e-10
-5.71251e-10
-5.71251e-10
-5.71251e-10
-5.71251e-10
-5.71251e-10
-5.71251e-10
-5.7125e-10
-5.7125e-10
-5.7125e-10
-5.7125e-10
-5.7125e-10
-5.7125e-10
-5.71249e-10
-5.71249e-10
-5.71249e-10
-5.71249e-10
-5.71249e-10
-5.71249e-10
-5.71248e-10
-5.71248e-10
-5.71248e-10
-5.71248e-10
-5.71248e-10
-5.71248e-10
-5.71248e-10
-5.71247e-10
-5.71247e-10
-5.71247e-10
-5.71247e-10
-5.71247e-10
-5.71247e-10
-5.71246e-10
-5.71246e-10
-5.71246e-10
-5.71246e-10
-5.71246e-10
-5.71246e-10
-5.71245e-10
-5.71245e-10
-5.71245e-10
-5.71245e-10
-5.71245e-10
-5.71245e-10
-5.71245e-10
-5.71244e-10
-5.71244e-10
-5.71244e-10
-5.71244e-10
-5.71244e-10
-5.71244e-10
-5.71243e-10
-5.71243e-10
-5.71243e-10
-5.71243e-10
-5.71243e-10
-5.71243e-10
-5.71242e-10
-5.71242e-10
-5.71242e-10
-5.71242e-10
-5.71242e-10
-5.71242e-10
-5.71242e-10
-5.71241e-10
-5.71241e-10
-5.71241e-10
-5.71241e-10
-5.71241e-10
-5.71241e-10
-5.7124e-10
-5.7124e-10
-5.7124e-10
-5.7124e-10
-5.7124e-10
-5.7124e-10
-5.71239e-10
-5.71239e-10
-5.71239e-10
-5.71239e-10
-5.71239e-10
-5.71239e-10
-5.71238e-10
-5.71238e-10
-5.71238e-10
-5.71238e-10
-5.71238e-10
-5.71238e-10
-5.71238e-10
-5.71237e-10
-5.71237e-10
-5.71237e-10
-5.71237e-10
-5.71237e-10
-5.71237e-10
-5.71236e-10
-5.71236e-10
-5.71236e-10
-5.71236e-10
-5.71236e-10
-5.71236e-10
-5.71235e-10
-5.71235e-10
-5.71235e-10
-5.71235e-10
-5.71235e-10
-5.71235e-10
-5.71235e-10
-5.71234e-10
-5.71234e-10
-5.71234e-10
-5.71234e-10
-5.71234e-10
-5.71234e-10
-5.71233e-10
-5.71233e-10
-5.71233e-10
-5.71233e-10
-5.71233e-10
-5.71233e-10
-5.71232e-10
-5.71232e-10
-5.71232e-10
-5.71232e-10
-5.71232e-10
-5.71232e-10
-5.71232e-10
-5.71231e-10
-5.71231e-10
-5.71231e-10
-5.71231e-10
-5.71231e-10
-5.71231e-10
-5.7123e-10
-5.7123e-10
-5.7123e-10
-5.7123e-10
-5.7123e-10
-5.7123e-10
-5.71229e-10
-5.71229e-10
-5.71229e-10
-5.71229e-10
-5.71229e-10
-5.71229e-10
-5.71229e-10
-5.71228e-10
-5.71228e-10
-5.71228e-10
-5.71228e-10
-5.71228e-10
-5.71228e-10
-5.71227e-10
-5.71227e-10
-5.71227e-10
-5.71227e-10
-5.71227e-10
-5.71227e-10
-5.71226e-10
-5.71226e-10
-5.71226e-10
-5.71226e-10
-5.71226e-10
-5.71226e-10
-5.71225e-10
-5.71225e-10
-5.71225e-10
-5.71225e-10
-5.71225e-10
-5.71225e-10
-5.71225e-10
-5.71224e-10
-5.71224e-10
-5.71224e-10
-5.71224e-10
-5.71224e-10
-5.71224e-10
-5.71223e-10
-5.71223e-10
-5.71223e-10
-5.71223e-10
-5.71223e-10
-5.71223e-10
-5.71222e-10
-5.71222e-10
-5.71222e-10
-5.71222e-10
-5.71222e-10
-5.71222e-10
-5.71222e-10
-5.71221e-10
-5.71221e-10
-5.71221e-10
-5.71221e-10
-5.71221e-10
-5.71221e-10
-5.7122e-10
-5.7122e-10
-5.7122e-10
-5.7122e-10
-5.7122e-10
-5.7122e-10
-5.71219e-10
-5.71219e-10
-5.71219e-10
-5.71219e-10
-5.71219e-10
-5.71219e-10
-5.71219e-10
-5.71218e-10
-5.71218e-10
-5.71218e-10
-5.71218e-10
-5.71218e-10
-5.71218e-10
-5.71217e-10
-5.71217e-10
-5.71217e-10
-5.71217e-10
-5.71217e-10
-5.71217e-10
-5.71216e-10
-5.71216e-10
-5.71216e-10
-5.71216e-10
-5.71216e-10
-5.71216e-10
-5.71215e-10
-5.71215e-10
-5.71215e-10
-5.71215e-10
-5.71215e-10
-5.71215e-10
-5.71215e-10
-5.71214e-10
-5.71214e-10
-5.71214e-10
-5.71214e-10
-5.71214e-10
-5.71214e-10
-5.71213e-10
-5.71213e-10
-5.71213e-10
-5.71213e-10
-5.71213e-10
-5.71213e-10
-5.71212e-10
-5.71212e-10
-5.71212e-10
-5.71212e-10
-5.71212e-10
-5.71212e-10
-5.71212e-10
-5.71211e-10
-5.71211e-10
-5.71211e-10
-5.71211e-10
-5.71211e-10
-5.71211e-10
-5.7121e-10
-5.7121e-10
-5.7121e-10
-5.7121e-10
-5.7121e-10
-5.7121e-10
-5.71209e-10
-5.71209e-10
-5.71209e-10
-5.71209e-10
-5.71209e-10
-5.71209e-10
-5.71209e-10
-5.71208e-10
-5.71208e-10
-5.71208e-10
-5.71208e-10
-5.71208e-10
-5.71208e-10
-5.71207e-10
-5.71207e-10
-5.71207e-10
-5.71207e-10
-5.71207e-10
-5.71207e-10
-5.71206e-10
-5.71206e-10
-5.71206e-10
-5.71206e-10
-5.71206e-10
-5.71206e-10
-5.71205e-10
-5.71205e-10
-5.71205e-10
-5.71205e-10
-5.71205e-10
-5.71205e-10
-5.71205e-10
-5.71204e-10
-5.71204e-10
-5.71204e-10
-5.71204e-10
-5.71204e-10
-5.71204e-10
-5.71203e-10
-5.71203e-10
-5.71203e-10
-5.71203e-10
-5.71203e-10
-5.71203e-10
-5.71202e-10
-5.71202e-10
-5.71202e-10
-5.71202e-10
-5.71202e-10
-5.71202e-10
-5.71202e-10
-5.71201e-10
-5.71201e-10
-5.71201e-10
-5.71201e-10
-5.71201e-10
-5.71201e-10
-5.712e-10
-5.712e-10
-5.712e-10
-5.712e-10
-5.712e-10
-5.712e-10
-5.71199e-10
-5.71199e-10
-5.71199e-10
-5.71199e-10
-5.71199e-10
-5.71199e-10
-5.71199e-10
-5.71198e-10
-5.71198e-10
-5.71198e-10
-5.71198e-10
-5.71198e-10
-5.71198e-10
-5.71197e-10
-5.71197e-10
-5.71197e-10
-5.71197e-10
-5.71197e-10
-5.71197e-10
-5.71196e-10
-5.71196e-10
-5.71196e-10
-5.71196e-10
-5.71196e-10
-5.71196e-10
-5.71196e-10
-5.71195e-10
-5.71195e-10
-5.71195e-10
-5.71195e-10
-5.71195e-10
-5.71195e-10
-5.71194e-10
-5.71194e-10
-5.71194e-10
-5.71194e-10
-5.71194e-10
-5.71194e-10
-5.71193e-10
-5.71193e-10
-5.71193e-10
-5.71193e-10
-5.71193e-10
-5.71193e-10
-5.71192e-10
-5.71192e-10
-5.71192e-10
-5.71192e-10
-5.71192e-10
-5.71192e-10
-5.71192e-10
-5.71191e-10
-5.71191e-10
-5.71191e-10
-5.71191e-10
-5.71191e-10
-5.71191e-10
-5.7119e-10
-5.7119e-10
-5.7119e-10
-5.7119e-10
-5.7119e-10
-5.7119e-10
-5.71189e-10
-5.71189e-10
-5.71189e-10
-5.71189e-10
-5.71189e-10
-5.71189e-10
-5.71189e-10
-5.71188e-10
-5.71188e-10
-5.71188e-10
-5.71188e-10
-5.71188e-10
-5.71188e-10
-5.71187e-10
-5.71187e-10
-5.71187e-10
-5.71187e-10
-5.71187e-10
-5.71187e-10
-5.71186e-10
-5.71186e-10
-5.71186e-10
-5.71186e-10
-5.71186e-10
-5.71186e-10
-5.71186e-10
-5.71185e-10
-5.71185e-10
-5.71185e-10
-5.71185e-10
-5.71185e-10
-5.71185e-10
-5.71184e-10
-5.71184e-10
-5.71184e-10
-5.71184e-10
-5.71184e-10
-5.71184e-10
-5.71183e-10
-5.71183e-10
-5.71183e-10
-5.71183e-10
-5.71183e-10
-5.71183e-10
-5.71182e-10
-5.71182e-10
-5.71182e-10
-5.71182e-10
-5.71182e-10
-5.71182e-10
-5.71182e-10
-5.71181e-10
-5.71181e-10
-5.71181e-10
-5.71181e-10
-5.71181e-10
-5.71181e-10
-5.7118e-10
-5.7118e-10
-5.7118e-10
-5.7118e-10
-5.7118e-10
-5.7118e-10
-5.71179e-10
-5.71179e-10
-5.71179e-10
-5.71179e-10
-5.71179e-10
-5.71179e-10
-5.71179e-10
-5.71178e-10
-5.71178e-10
-5.71178e-10
-5.71178e-10
-5.71178e-10
-5.71178e-10
-5.71177e-10
-5.71177e-10
-5.71177e-10
-5.71177e-10
-5.71177e-10
-5.71177e-10
-5.71176e-10
-5.71176e-10
-5.71176e-10
-5.71176e-10
-5.71176e-10
-5.71176e-10
-5.71176e-10
-5.71175e-10
-5.71175e-10
-5.71175e-10
-5.71175e-10
-5.71175e-10
-5.71175e-10
-5.71174e-10
-5.71174e-10
-5.71174e-10
-5.71174e-10
-5.71174e-10
-5.71174e-10
-5.71173e-10
-5.71173e-10
-5.71173e-10
-5.71173e-10
-5.71173e-10
-5.71173e-10
-5.71172e-10
-5.71172e-10
-5.71172e-10
-5.71172e-10
-5.71172e-10
-5.71172e-10
-5.71172e-10
-5.71171e-10
-5.71171e-10
-5.71171e-10
-5.71171e-10
-5.71171e-10
-5.71171e-10
-5.7117e-10
-5.7117e-10
-5.7117e-10
-5.7117e-10
-5.7117e-10
-5.7117e-10
-5.71169e-10
-5.71169e-10
-5.71169e-10
-5.71169e-10
-5.71169e-10
-5.71169e-10
-5.71169e-10
-5.71168e-10
-5.71168e-10
-5.71168e-10
-5.71168e-10
-5.71168e-10
-5.71168e-10
-5.71167e-10
-5.71167e-10
-5.71167e-10
-5.71167e-10
-5.71167e-10
-5.71167e-10
-5.71166e-10
-5.71166e-10
-5.71166e-10
-5.71166e-10
-5.71166e-10
-5.71166e-10
-5.71166e-10
-5.71165e-10
-5.71165e-10
-5.71165e-10
-5.71165e-10
-5.71165e-10
-5.71165e-10
-5.71164e-10
-5.71164e-10
-5.71164e-10
-5.71164e-10
-5.71164e-10
-5.71164e-10
-5.71163e-10
-5.71163e-10
-5.71163e-10
-5.71163e-10
-5.71163e-10
-5.71163e-10
-5.71162e-10
-5.71162e-10
-5.71162e-10
-5.71162e-10
-5.71162e-10
-5.71162e-10
-5.71162e-10
-5.71161e-10
-5.71161e-10
-5.71161e-10
-5.71161e-10
-5.71161e-10
-5.71161e-10
-5.7116e-10
-5.7116e-10
-5.7116e-10
-5.7116e-10
-5.7116e-10
-5.7116e-10
-5.71159e-10
-5.71159e-10
-5.71159e-10
-5.71159e-10
-5.71159e-10
-5.71159e-10
-5.71159e-10
-5.71158e-10
-5.71158e-10
-5.71158e-10
-5.71158e-10
-5.71158e-10
-5.71158e-10
-5.71157e-10
-5.71157e-10
-5.71157e-10
-5.71157e-10
-5.71157e-10
-5.71157e-10
-5.71156e-10
-5.71156e-10
-5.71156e-10
-5.71156e-10
-5.71156e-10
-5.71156e-10
-5.71156e-10
-5.71155e-10
-5.71155e-10
-5.71155e-10
-5.71155e-10
-5.71155e-10
-5.71155e-10
-5.71154e-10
-5.71154e-10
-5.71154e-10
-5.71154e-10
-5.71154e-10
-5.71154e-10
-5.71153e-10
-5.71153e-10
-5.71153e-10
-5.71153e-10
-5.71153e-10
-5.71153e-10
-5.71153e-10
-5.71152e-10
-5.71152e-10
-5.71152e-10
-5.71152e-10
-5.71152e-10
-5.71152e-10
-5.71151e-10
-5.71151e-10
-5.71151e-10
-5.71151e-10
-5.71151e-10
-5.71151e-10
-5.7115e-10
-5.7115e-10
-5.7115e-10
-5.7115e-10
-5.7115e-10
-5.7115e-10
-5.71149e-10
-5.71149e-10
-5.71149e-10
-5.71149e-10
-5.71149e-10
-5.71149e-10
-5.71149e-10
-5.71148e-10
-5.71148e-10
-5.71148e-10
-5.71148e-10
-5.71148e-10
-5.71148e-10
-5.71147e-10
-5.71147e-10
-5.71147e-10
-5.71147e-10
-5.71147e-10
-5.71147e-10
-5.71146e-10
-5.71146e-10
-5.71146e-10
-5.71146e-10
-5.71146e-10
-5.71146e-10
-5.71146e-10
-5.71145e-10
-5.71145e-10
-5.71145e-10
-5.71145e-10
-5.71145e-10
-5.71145e-10
-5.71144e-10
-5.71144e-10
-5.71144e-10
-5.71144e-10
-5.71144e-10
-5.71144e-10
-5.71143e-10
-5.71143e-10
-5.71143e-10
-5.71143e-10
-5.71143e-10
-5.71143e-10
-5.71143e-10
-5.71142e-10
-5.71142e-10
-5.71142e-10
-5.71142e-10
-5.71142e-10
-5.71142e-10
-5.71141e-10
-5.71141e-10
-5.71141e-10
-5.71141e-10
-5.71141e-10
-5.71141e-10
-5.7114e-10
-5.7114e-10
-5.7114e-10
-5.7114e-10
-5.7114e-10
-5.7114e-10
-5.71139e-10
-5.71139e-10
-5.71139e-10
-5.71139e-10
-5.71139e-10
-5.71139e-10
-5.71139e-10
-5.71138e-10
-5.71138e-10
-5.71138e-10
-5.71138e-10
-5.71138e-10
-5.71138e-10
-5.71137e-10
-5.71137e-10
-5.71137e-10
-5.71137e-10
-5.71137e-10
-5.71137e-10
-5.71136e-10
-5.71136e-10
-5.71136e-10
-5.71136e-10
-5.71136e-10
-5.71136e-10
-5.71136e-10
-5.71135e-10
-5.71135e-10
-5.71135e-10
-5.71135e-10
-5.71135e-10
-5.71135e-10
-5.71134e-10
-5.71134e-10
-5.71134e-10
-5.71134e-10
-5.71134e-10
-5.71134e-10
-5.71133e-10
-5.71133e-10
-5.71133e-10
-5.71133e-10
-5.71133e-10
-5.71133e-10
-5.71133e-10
-5.71132e-10
-5.71132e-10
-5.71132e-10
-5.71132e-10
-5.71132e-10
-5.71132e-10
-5.71131e-10
-5.71131e-10
-5.71131e-10
-5.71131e-10
-5.71131e-10
-5.71131e-10
-5.7113e-10
-5.7113e-10
-5.7113e-10
-5.7113e-10
-5.7113e-10
-5.7113e-10
-5.71129e-10
-5.71129e-10
-5.71129e-10
-5.71129e-10
-5.71129e-10
-5.71129e-10
-5.71129e-10
-5.71128e-10
-5.71128e-10
-5.71128e-10
-5.71128e-10
-5.71128e-10
-5.71128e-10
-5.71127e-10
-5.71127e-10
-5.71127e-10
-5.71127e-10
-5.71127e-10
-5.71127e-10
-5.71126e-10
-5.71126e-10
-5.71126e-10
-5.71126e-10
-5.71126e-10
-5.71126e-10
-5.71126e-10
-5.71125e-10
-5.71125e-10
-5.71125e-10
-5.71125e-10
-5.71125e-10
-5.71125e-10
-5.71124e-10
-5.71124e-10
-5.71124e-10
-5.71124e-10
-5.71124e-10
-5.71124e-10
-5.71123e-10
-5.71123e-10
-5.71123e-10
-5.71123e-10
-5.71123e-10
-5.71123e-10
-5.71123e-10
-5.71122e-10
-5.71122e-10
-5.71122e-10
-5.71122e-10
-5.71122e-10
-5.71122e-10
-5.71121e-10
-5.71121e-10
-5.71121e-10
-5.71121e-10
-5.71121e-10
-5.71121e-10
-5.7112e-10
-5.7112e-10
-5.7112e-10
-5.7112e-10
-5.7112e-10
-5.7112e-10
-5.71119e-10
-5.71119e-10
-5.71119e-10
-5.71119e-10
-5.71119e-10
-5.71119e-10
-5.71119e-10
-5.71118e-10
-5.71118e-10
-5.71118e-10
-5.71118e-10
-5.71118e-10
-5.71118e-10
-5.71117e-10
-5.71117e-10
-5.71117e-10
-5.71117e-10
-5.71117e-10
-5.71117e-10
-5.71116e-10
-5.71116e-10
-5.71116e-10
-5.71116e-10
-5.71116e-10
-5.71116e-10
-5.71116e-10
-5.71115e-10
-5.71115e-10
-5.71115e-10
-5.71115e-10
-5.71115e-10
-5.71115e-10
-5.71114e-10
-5.71114e-10
-5.71114e-10
-5.71114e-10
-5.71114e-10
-5.71114e-10
-5.71113e-10
-5.71113e-10
-5.71113e-10
-5.71113e-10
-5.71113e-10
-5.71113e-10
-5.71113e-10
-5.71112e-10
-5.71112e-10
-5.71112e-10
-5.71112e-10
-5.71112e-10
-5.71112e-10
-5.71111e-10
-5.71111e-10
-5.71111e-10
-5.71111e-10
-5.71111e-10
-5.71111e-10
-5.7111e-10
-5.7111e-10
-5.7111e-10
-5.7111e-10
-5.7111e-10
-5.7111e-10
-5.71109e-10
-5.71109e-10
-5.71109e-10
-5.71109e-10
-5.71109e-10
-5.71109e-10
-5.71109e-10
-5.71108e-10
-5.71108e-10
-5.71108e-10
-5.71108e-10
-5.71108e-10
-5.71108e-10
-5.71107e-10
-5.71107e-10
-5.71107e-10
-5.71107e-10
-5.71107e-10
-5.71107e-10
-5.71106e-10
-5.71106e-10
-5.71106e-10
-5.71106e-10
-5.71106e-10
-5.71106e-10
-5.71106e-10
-5.71105e-10
-5.71105e-10
-5.71105e-10
-5.71105e-10
-5.71105e-10
-5.71105e-10
-5.71104e-10
-5.71104e-10
-5.71104e-10
-5.71104e-10
-5.71104e-10
-5.71104e-10
-5.71103e-10
-5.71103e-10
-5.71103e-10
-5.71103e-10
-5.71103e-10
-5.71103e-10
-5.71102e-10
-5.71102e-10
-5.71102e-10
-5.71102e-10
-5.71102e-10
-5.71102e-10
-5.71102e-10
-5.71101e-10
-5.71101e-10
-5.71101e-10
-5.71101e-10
-5.71101e-10
-5.71101e-10
-5.711e-10
-5.711e-10
-5.711e-10
-5.711e-10
-5.711e-10
-5.711e-10
-5.71099e-10
-5.71099e-10
-5.71099e-10
-5.71099e-10
-5.71099e-10
-5.71099e-10
-5.71099e-10
-5.71098e-10
-5.71098e-10
-5.71098e-10
-5.71098e-10
-5.71098e-10
-5.71098e-10
-5.71097e-10
-5.71097e-10
-5.71097e-10
-5.71097e-10
-5.71097e-10
-5.71097e-10
-5.71096e-10
-5.71096e-10
-5.71096e-10
-5.71096e-10
-5.71096e-10
-5.71096e-10
-5.71096e-10
-5.71095e-10
-5.71095e-10
-5.71095e-10
-5.71095e-10
-5.71095e-10
-5.71095e-10
-5.71094e-10
-5.71094e-10
-5.71094e-10
-5.71094e-10
-5.71094e-10
-5.71094e-10
-5.71093e-10
-5.71093e-10
-5.71093e-10
-5.71093e-10
-5.71093e-10
-5.71093e-10
-5.71092e-10
-5.71092e-10
-5.71092e-10
-5.71092e-10
-5.71092e-10
-5.71092e-10
-5.71092e-10
-5.71091e-10
-5.71091e-10
-5.71091e-10
-5.71091e-10
-5.71091e-10
-5.71091e-10
-5.7109e-10
-5.7109e-10
-5.7109e-10
-5.7109e-10
-5.7109e-10
-5.7109e-10
-5.71089e-10
-5.71089e-10
-5.71089e-10
-5.71089e-10
-5.71089e-10
-5.71089e-10
-5.71089e-10
-5.71088e-10
-5.71088e-10
-5.71088e-10
-5.71088e-10
-5.71088e-10
-5.71088e-10
-5.71087e-10
-5.71087e-10
-5.71087e-10
-5.71087e-10
-5.71087e-10
-5.71087e-10
-5.71086e-10
-5.71086e-10
-5.71086e-10
-5.71086e-10
-5.71086e-10
-5.71086e-10
-5.71086e-10
-5.71085e-10
-5.71085e-10
-5.71085e-10
-5.71085e-10
-5.71085e-10
-5.71085e-10
-5.71084e-10
-5.71084e-10
-5.71084e-10
-5.71084e-10
-5.71084e-10
-5.71084e-10
-5.71083e-10
-5.71083e-10
-5.71083e-10
-5.71083e-10
-5.71083e-10
-5.71083e-10
-5.71082e-10
-5.71082e-10
-5.71082e-10
-5.71082e-10
-5.71082e-10
-5.71082e-10
-5.71082e-10
-5.71081e-10
-5.71081e-10
-5.71081e-10
-5.71081e-10
-5.71081e-10
-5.71081e-10
-5.7108e-10
-5.7108e-10
-5.7108e-10
-5.7108e-10
-5.7108e-10
-5.7108e-10
-5.71079e-10
-5.71079e-10
-5.71079e-10
-5.71079e-10
-5.71079e-10
-5.71079e-10
-5.71079e-10
-5.71078e-10
-5.71078e-10
-5.71078e-10
-5.71078e-10
-5.71078e-10
-5.71078e-10
-5.71077e-10
-5.71077e-10
-5.71077e-10
-5.71077e-10
-5.71077e-10
-5.71077e-10
-5.71076e-10
-5.71076e-10
-5.71076e-10
-5.71076e-10
-5.71076e-10
-5.71076e-10
-5.71076e-10
-5.71075e-10
-5.71075e-10
-5.71075e-10
-5.71075e-10
-5.71075e-10
-5.71075e-10
-5.71074e-10
-5.71074e-10
-5.71074e-10
-5.71074e-10
-5.71074e-10
-5.71074e-10
-5.71073e-10
-5.71073e-10
-5.71073e-10
-5.71073e-10
-5.71073e-10
-5.71073e-10
-5.71072e-10
-5.71072e-10
-5.71072e-10
-5.71072e-10
-5.71072e-10
-5.71072e-10
-5.71072e-10
-5.71071e-10
-5.71071e-10
-5.71071e-10
-5.71071e-10
-5.71071e-10
-5.71071e-10
-5.7107e-10
-5.7107e-10
-5.7107e-10
-5.7107e-10
-5.7107e-10
-5.7107e-10
-5.71069e-10
-5.71069e-10
-5.71069e-10
-5.71069e-10
-5.71069e-10
-5.71069e-10
-5.71069e-10
-5.71068e-10
-5.71068e-10
-5.71068e-10
-5.71068e-10
-5.71068e-10
-5.71068e-10
-5.71067e-10
-5.71067e-10
-5.71067e-10
-5.71067e-10
-5.71067e-10
-5.71067e-10
-5.71066e-10
-5.71066e-10
-5.71066e-10
-5.71066e-10
-5.71066e-10
-5.71066e-10
-5.71066e-10
-5.71065e-10
-5.71065e-10
-5.71065e-10
-5.71065e-10
-5.71065e-10
-5.71065e-10
-5.71064e-10
-5.71064e-10
-5.71064e-10
-5.71064e-10
-5.71064e-10
-5.71064e-10
-5.71063e-10
-5.71063e-10
-5.71063e-10
-5.71063e-10
-5.71063e-10
-5.71063e-10
-5.71062e-10
-5.71062e-10
-5.71062e-10
-5.71062e-10
-5.71062e-10
-5.71062e-10
-5.71062e-10
-5.71061e-10
-5.71061e-10
-5.71061e-10
-5.71061e-10
-5.71061e-10
-5.71061e-10
-5.7106e-10
-5.7106e-10
-5.7106e-10
-5.7106e-10
-5.7106e-10
-5.7106e-10
-5.71059e-10
-5.71059e-10
-5.71059e-10
-5.71059e-10
-5.71059e-10
-5.71059e-10
-5.71059e-10
-5.71058e-10
-5.71058e-10
-5.71058e-10
-5.71058e-10
-5.71058e-10
-5.71058e-10
-5.71057e-10
-5.71057e-10
-5.71057e-10
-5.71057e-10
-5.71057e-10
-5.71057e-10
-5.71056e-10
-5.71056e-10
-5.71056e-10
-5.71056e-10
-5.71056e-10
-5.71056e-10
-5.71055e-10
-5.71055e-10
-5.71055e-10
-5.71055e-10
-5.71055e-10
-5.71055e-10
-5.71055e-10
-5.71054e-10
-5.71054e-10
-5.71054e-10
-5.71054e-10
-5.71054e-10
-5.71054e-10
-5.71053e-10
-5.71053e-10
-5.71053e-10
-5.71053e-10
-5.71053e-10
-5.71053e-10
-5.71052e-10
-5.71052e-10
-5.71052e-10
-5.71052e-10
-5.71052e-10
-5.71052e-10
-5.71052e-10
-5.71051e-10
-5.71051e-10
-5.71051e-10
-5.71051e-10
-5.71051e-10
-5.71051e-10
-5.7105e-10
-5.7105e-10
-5.7105e-10
-5.7105e-10
-5.7105e-10
-5.7105e-10
-5.71049e-10
-5.71049e-10
-5.71049e-10
-5.71049e-10
-5.71049e-10
-5.71049e-10
-5.71049e-10
-5.71048e-10
-5.71048e-10
-5.71048e-10
-5.71048e-10
-5.71048e-10
-5.71048e-10
-5.71047e-10
-5.71047e-10
-5.71047e-10
-5.71047e-10
-5.71047e-10
-5.71047e-10
-5.71046e-10
-5.71046e-10
-5.71046e-10
-5.71046e-10
-5.71046e-10
-5.71046e-10
-5.71045e-10
-5.71045e-10
-5.71045e-10
-5.71045e-10
-5.71045e-10
-5.71045e-10
-5.71045e-10
-5.71044e-10
-5.71044e-10
-5.71044e-10
-5.71044e-10
-5.71044e-10
-5.71044e-10
-5.71043e-10
-5.71043e-10
-5.71043e-10
-5.71043e-10
-5.71043e-10
-5.71043e-10
-5.71042e-10
-5.71042e-10
-5.71042e-10
-5.71042e-10
-5.71042e-10
-5.71042e-10
-5.71042e-10
-5.71041e-10
-5.71041e-10
-5.71041e-10
-5.71041e-10
-5.71041e-10
-5.71041e-10
-5.7104e-10
-5.7104e-10
-5.7104e-10
-5.7104e-10
-5.7104e-10
-5.7104e-10
-5.71039e-10
-5.71039e-10
-5.71039e-10
-5.71039e-10
-5.71039e-10
-5.71039e-10
-5.71039e-10
-5.71038e-10
-5.71038e-10
-5.71038e-10
-5.71038e-10
-5.71038e-10
-5.71038e-10
-5.71037e-10
-5.71037e-10
-5.71037e-10
-5.71037e-10
-5.71037e-10
-5.71037e-10
-5.71036e-10
-5.71036e-10
-5.71036e-10
-5.71036e-10
-5.71036e-10
-5.71036e-10
-5.71035e-10
-5.71035e-10
-5.71035e-10
-5.71035e-10
-5.71035e-10
-5.71035e-10
-5.71035e-10
-5.71034e-10
-5.71034e-10
-5.71034e-10
-5.71034e-10
-5.71034e-10
-5.71034e-10
-5.71033e-10
-5.71033e-10
-5.71033e-10
-5.71033e-10
-5.71033e-10
-5.71033e-10
-5.71032e-10
-5.71032e-10
-5.71032e-10
-5.71032e-10
-5.71032e-10
-5.71032e-10
-5.71032e-10
-5.71031e-10
-5.71031e-10
-5.71031e-10
-5.71031e-10
-5.71031e-10
-5.71031e-10
-5.7103e-10
-5.7103e-10
-5.7103e-10
-5.7103e-10
-5.7103e-10
-5.7103e-10
-5.71029e-10
-5.71029e-10
-5.71029e-10
-5.71029e-10
-5.71029e-10
-5.71029e-10
-5.71028e-10
-5.71028e-10
-5.71028e-10
-5.71028e-10
-5.71028e-10
-5.71028e-10
-5.71028e-10
-5.71027e-10
-5.71027e-10
-5.71027e-10
-5.71027e-10
-5.71027e-10
-5.71027e-10
-5.71026e-10
-5.71026e-10
-5.71026e-10
-5.71026e-10
-5.71026e-10
-5.71026e-10
-5.71025e-10
-5.71025e-10
-5.71025e-10
-5.71025e-10
-5.71025e-10
-5.71025e-10
-5.71025e-10
-5.71024e-10
-5.71024e-10
-5.71024e-10
-5.71024e-10
-5.71024e-10
-5.71024e-10
-5.71023e-10
-5.71023e-10
-5.71023e-10
-5.71023e-10
-5.71023e-10
-5.71023e-10
-5.71022e-10
-5.71022e-10
-5.71022e-10
-5.71022e-10
-5.71022e-10
-5.71022e-10
-5.71022e-10
-5.71021e-10
-5.71021e-10
-5.71021e-10
-5.71021e-10
-5.71021e-10
-5.71021e-10
-5.7102e-10
-5.7102e-10
-5.7102e-10
