0.0571429
0.0571429
0.0571432
0.0571435
0.0571441
0.0571448
0.0571456
0.0571466
0.0571478
0.0571491
0.0571505
0.0571522
0.0571539
0.0571558
0.0571579
0.0571601
0.0571625
0.057165
0.0571677
0.0571706
0.0571736
0.0571767
0.05718
0.0571835
0.0571871
0.0571908
0.0571947
0.0571988
0.057203
0.0572074
0.0572119
0.0572166
0.0572214
0.0572264
0.0572315
0.0572368
0.0572422
0.0572478
0.0572535
0.0572594
0.0572654
0.0572716
0.057278
0.0572845
0.0572911
0.0572979
0.0573049
0.057312
0.0573192
-0.0569591
-0.0569665
-0.0569737
-0.0569808
-0.0569877
-0.0569944
-0.0570011
-0.0570075
-0.0570138
-0.05702
-0.057026
-0.0570319
-0.0570376
-0.0570432
-0.0570486
-0.0570539
-0.057059
-0.0570639
-0.0570687
-0.0570734
-0.0570779
-0.0570823
-0.0570865
-0.0570906
-0.0570945
-0.0570982
-0.0571018
-0.0571053
-0.0571086
-0.0571118
-0.0571148
-0.0571176
-0.0571204
-0.0571229
-0.0571253
-0.0571276
-0.0571297
-0.0571316
-0.0571334
-0.0571351
-0.0571366
-0.057138
-0.0571392
-0.0571402
-0.0571411
-0.0571419
-0.0571425
-0.0571429
-0.0571432
-0.0571433
-4.87846e-07
-4.87846e-07
-4.87846e-07
-4.87846e-07
-4.87846e-07
-4.87846e-07
-4.87846e-07
-4.87846e-07
-4.87846e-07
-4.87846e-07
-4.87846e-07
-4.87846e-07
-4.87846e-07
-4.87846e-07
-4.87845e-07
-4.87845e-07
-4.87845e-07
-4.87845e-07
-4.87845e-07
-4.87845e-07
-4.87845e-07
-4.87845e-07
-4.87845e-07
-4.87845e-07
-4.87845e-07
-4.87845e-07
-4.87845e-07
-4.87845e-07
-4.87845e-07
-4.87845e-07
-4.87845e-07
-4.87845e-07
-4.87845e-07
-4.87845e-07
-4.87844e-07
-4.87844e-07
-4.87844e-07
-4.87844e-07
-4.87844e-07
-4.87844e-07
-4.87844e-07
-4.87844e-07
-4.87844e-07
-4.87844e-07
-4.87844e-07
-4.87844e-07
-4.87844e-07
-4.87844e-07
-4.87844e-07
-4.87844e-07
-4.87844e-07
