0
-7.14285e-07
-2.14285e-06
-4.28571e-06
-7.14285e-06
-1.07143e-05
-1.5e-05
-2.00001e-05
-2.57144e-05
-3.21431e-05
-3.92861e-05
-4.71435e-05
-5.57153e-05
-6.50015e-05
-7.50021e-05
-8.57171e-05
-9.71466e-05
-0.000109291
-0.000122149
-0.000135722
-0.00015001
-0.000165012
-0.000180729
-0.000197161
-0.000214307
-0.000232169
-0.000250745
-0.000270036
-0.000290041
-0.000310762
-0.000332198
-0.000354349
-0.000377215
-0.000400796
-0.000425093
-0.000450105
-0.000475832
-0.000502275
-0.000529433
-0.000557307
-0.000585896
-0.000615202
-0.000645223
-0.00067596
-0.000707412
-0.000739581
-0.000772466
-0.000806068
-0.000840385
-0.000875419
-0.000909741
-0.000943351
-0.000976249
-0.00100843
-0.00103991
-0.00107067
-0.00110072
-0.00113005
-0.00115868
-0.00118659
-0.00121379
-0.00124027
-0.00126604
-0.0012911
-0.00131545
-0.00133908
-0.001362
-0.00138421
-0.0014057
-0.00142648
-0.00144655
-0.0014659
-0.00148454
-0.00150247
-0.00151968
-0.00153618
-0.00155197
-0.00156704
-0.0015814
-0.00159504
-0.00160797
-0.00162019
-0.00163169
-0.00164248
-0.00165255
-0.00166191
-0.00167055
-0.00167849
-0.0016857
-0.00169221
-0.001698
-0.00170307
-0.00170743
-0.00171108
-0.00171401
-0.00171623
-0.00171773
-0.00171852
-0.0017186
-0.00171796
-0.00171732
-0.00171668
-0.00171604
-0.0017154
-0.00171476
-0.00171413
-0.00171349
-0.00171285
-0.00171221
-0.00171157
-0.00171093
-0.00171029
-0.00170965
-0.00170901
-0.00170838
-0.00170774
-0.0017071
-0.00170646
-0.00170582
-0.00170518
-0.00170454
-0.0017039
-0.00170326
-0.00170263
-0.00170199
-0.00170135
-0.00170071
-0.00170007
-0.00169943
-0.00169879
-0.00169815
-0.00169752
-0.00169688
-0.00169624
-0.0016956
-0.00169496
-0.00169432
-0.00169368
-0.00169304
-0.0016924
-0.00169177
-0.00169113
-0.00169049
-0.00168985
-0.00168921
-0.00168857
-0.00168793
-0.00168729
-0.00168665
-0.00168602
-0.00168538
-0.00168474
-0.0016841
-0.00168346
-0.00168282
-0.00168218
-0.00168154
-0.0016809
-0.00168027
-0.00167963
-0.00167899
-0.00167835
-0.00167771
-0.00167707
-0.00167643
-0.00167579
-0.00167516
-0.00167452
-0.00167388
-0.00167324
-0.0016726
-0.00167196
-0.00167132
-0.00167068
-0.00167004
-0.00166941
-0.00166877
-0.00166813
-0.00166749
-0.00166685
-0.00166621
-0.00166557
-0.00166493
-0.0016643
-0.00166366
-0.00166302
-0.00166238
-0.00166174
-0.0016611
-0.00166046
-0.00165982
-0.00165918
-0.00165855
-0.00165791
-0.00165727
-0.00165663
-0.00165599
-0.00165535
-0.00165471
-0.00165407
