0.01
0.01
0.01
0.01
0.01
0.01
0.01
0.00999999
0.00999999
0.00999999
0.00999999
0.00999998
0.00999998
0.00999998
0.00999998
0.00999997
0.00999997
0.00999996
0.00999996
0.00999995
0.00999995
0.00999994
0.00999993
0.00999993
0.00999992
0.00999991
0.00999991
0.0099999
0.00999989
0.00999988
0.00999987
0.00999986
0.00999985
0.00999984
0.00999983
0.00999981
0.0099998
0.00999979
0.00999977
0.00999976
0.00999974
0.00999973
0.00999971
0.00999969
0.00999968
0.00999966
0.00999964
0.00999962
0.0099996
0.00999958
0.00999956
0.00999953
0.00999951
0.00999949
0.00999946
0.00999943
0.00999941
0.00999938
0.00999935
0.00999932
0.00999929
0.00999925
0.00999922
0.00999919
0.00999915
0.00999912
0.00999908
0.00999904
0.00999901
0.00999897
0.00999893
0.00999889
0.00999884
0.0099988
0.00999876
0.00999871
0.00999867
0.00999862
0.00999857
0.00999852
0.00999848
0.00999842
0.00999837
0.00999832
0.00999827
0.00999821
0.00999816
0.0099981
0.00999805
0.00999799
0.00999793
0.00999787
0.00999781
0.00999775
0.00999768
0.00999762
0.00999756
0.00999749
0.00999742
0.00999736
0.00999729
0.00999722
0.00999715
0.00999708
0.00999702
0.00999695
0.00999688
0.00999681
0.00999675
0.00999668
0.00999661
0.00999654
0.00999647
0.00999641
0.00999634
0.00999627
0.0099962
0.00999613
0.00999607
0.009996
0.00999593
0.00999586
0.0099958
0.00999573
0.00999566
0.00999559
0.00999552
0.00999546
0.00999539
0.00999532
0.00999525
0.00999519
0.00999512
0.00999505
0.00999498
0.00999491
0.00999485
0.00999478
0.00999471
0.00999464
0.00999457
0.00999451
0.00999444
0.00999437
0.0099943
0.00999424
0.00999417
0.0099941
0.00999403
0.00999396
