0.01
0.01
0.0100001
0.0100001
0.0100002
0.0100003
0.0100004
0.0100006
0.0100007
0.0100009
0.0100011
0.0100013
0.0100015
0.0100018
0.0100021
0.0100024
0.0100027
0.010003
0.0100034
0.0100038
0.0100042
0.0100046
0.010005
0.0100055
0.0100059
0.0100064
0.0100069
0.0100075
0.010008
0.0100086
0.0100092
0.0100098
0.0100104
0.0100111
0.0100118
0.0100124
0.0100132
0.0100139
0.0100146
0.0100154
0.0100162
0.010017
0.0100178
0.0100187
0.0100196
0.0100204
0.0100213
0.0100223
0.0100232
0.0100242
0.0100251
0.0100261
0.010027
0.0100279
0.0100287
0.0100296
0.0100304
0.0100312
0.010032
0.0100328
0.0100335
0.0100343
0.010035
0.0100357
0.0100363
0.010037
0.0100376
0.0100383
0.0100389
0.0100394
0.01004
0.0100405
0.0100411
0.0100416
0.010042
0.0100425
0.010043
0.0100434
0.0100438
0.0100442
0.0100445
0.0100449
0.0100452
0.0100455
0.0100458
0.0100461
0.0100464
0.0100466
0.0100468
0.010047
0.0100472
0.0100473
0.0100475
0.0100476
0.0100477
0.0100478
0.0100478
0.0100479
0.0100479
0.0100479
0.0100479
0.0100479
0.0100479
0.0100479
0.0100479
0.0100479
0.0100479
0.0100479
0.0100479
0.0100479
0.0100479
0.0100479
0.0100479
0.010048
0.010048
0.010048
0.010048
0.010048
0.010048
0.010048
0.010048
0.010048
0.010048
0.010048
0.010048
0.010048
0.010048
0.010048
0.010048
0.010048
0.010048
0.010048
0.010048
0.010048
0.010048
0.010048
0.010048
0.010048
0.010048
0.010048
0.0100481
0.0100481
0.0100481
0.0100481
0.0100481
0.0100481
0.0100481
0.0100481
0.0100481
0.0100481
