1
1
1
1
1
0.999999
0.999998
0.999997
0.999994
0.999991
0.999986
0.999979
0.999971
0.99996
0.999946
0.999929
0.999909
0.999884
0.999854
0.99982
0.999779
0.999731
0.999677
0.999614
0.999543
0.999462
0.999372
0.99927
0.999156
0.999029
0.998889
0.998734
0.998563
0.998376
0.998171
0.997947
0.997703
0.997437
0.99715
0.996839
0.996503
0.996141
0.995752
0.995334
0.994885
0.994406
0.993893
0.993346
0.992762
0.992142
0.991482
0.990782
0.990039
0.989252
0.98842
0.98754
0.986611
0.985632
0.984599
0.983512
0.982369
0.981168
0.979906
0.978582
0.977194
0.97574
0.974218
0.972626
0.970961
0.969222
0.967407
0.965513
0.963539
0.961481
0.959339
0.957109
0.95479
0.952379
0.949874
0.947273
0.944573
0.941772
0.938868
0.935859
0.932742
0.929515
0.926175
0.922721
0.919149
0.915458
0.911646
0.907709
0.903645
0.899453
0.89513
0.890674
0.886081
0.881351
0.876481
0.871468
0.866311
0.861006
0.855553
0.849949
0.844191
0.838278
0.832208
0.825978
0.819587
0.813033
0.806314
0.799428
0.792374
0.785149
0.777752
0.770182
0.762437
0.754515
0.746416
0.738138
0.729679
0.721039
0.712216
0.70321
0.69402
0.684645
0.675084
0.665337
0.655403
0.645283
0.634975
0.62448
0.613797
0.602928
0.591871
0.580628
0.569199
0.557584
0.545786
0.533803
0.521638
0.509292
0.496766
0.484061
0.47118
0.458125
0.444896
0.431497
0.41793
0.404197
0.390301
0.376244
0.362031
0.347663
0.333145
0.318479
0.30367
0.288722
0.273637
0.258422
0.243079
0.227615
0.212032
0.196336
0.180533
0.164628
0.148625
0.13253
0.11635
0.100089
0.0837548
0.0673524
0.0508885
0.0343694
0.0178019
0.0011925
-0.0154518
-0.0321241
-0.0488173
-0.0655242
-0.0822374
-0.0989495
-0.115653
-0.13234
-0.149004
-0.165635
-0.182227
-0.198772
-0.215261
-0.231686
-0.24804
-0.264314
-0.2805
-0.29659
-0.312576
-0.328449
-0.344201
-0.359825
-0.37531
-0.390651
-0.405837
-0.420862
-0.435717
-0.450393
-0.464884
-0.47918
-0.493274
-0.507158
-0.520825
-0.534265
-0.547473
-0.56044
-0.573159
-0.585623
-0.597824
-0.609755
-0.62141
-0.63278
-0.643861
-0.654644
-0.665123
-0.675293
-0.685147
-0.694678
-0.703881
-0.71275
-0.72128
-0.729464
-0.737299
-0.744778
-0.751896
-0.758649
-0.765032
-0.771041
-0.776672
-0.781919
-0.78678
-0.79125
-0.795326
-0.799004
-0.802282
-0.805156
-0.807623
-0.80968
-0.811326
-0.812557
-0.813371
-0.813768
-0.813743
-0.813297
-0.812428
-0.811134
-0.809414
-0.807268
-0.804694
-0.801693
-0.798263
-0.794406
-0.79012
-0.785406
-0.780265
-0.774696
-0.768701
-0.762282
-0.755438
-0.748171
-0.740483
-0.732376
-0.723851
-0.71491
-0.705557
-0.695793
-0.685621
-0.675044
-0.664065
-0.652688
-0.640915
-0.628751
-0.6162
-0.603265
-0.589951
-0.576263
-0.562205
-0.547782
-0.533
-0.517864
-0.502379
-0.486552
-0.470388
-0.453895
-0.437078
-0.419944
-0.402501
-0.384755
-0.366715
-0.348388
-0.329783
-0.310906
-0.291769
-0.272378
-0.252743
-0.232874
-0.21278
-0.192472
-0.171959
-0.151252
-0.130361
-0.109299
-0.0880755
-0.066703
-0.0451933
-0.0235585
-0.00181121
0.0200358
0.0419694
0.0639763
0.0860429
0.108155
0.130299
0.152459
0.174622
0.196772
0.218894
0.240972
0.26299
0.284932
0.306783
0.328525
0.350141
0.371616
0.39293
0.414068
0.43501
0.455741
0.476241
0.496492
0.516477
0.536177
0.555573
0.574648
0.593382
0.611757
0.629755
0.647356
0.664542
0.681295
0.697596
0.713427
0.728769
0.743604
0.757915
0.771684
0.784893
0.797524
0.809561
0.820988
0.831787
0.841943
0.85144
0.860262
0.868396
0.875827
0.882541
0.888524
0.893764
0.89825
0.901968
0.904909
0.907062
0.908418
0.908967
0.908702
0.907615
0.905699
0.902948
0.899358
0.894923
0.889642
0.883509
0.876525
0.868689
0.859999
0.850457
0.840064
0.828824
0.816739
0.803814
0.790055
0.775467
0.760059
0.743837
0.726811
0.70899
0.690387
0.671012
0.650877
0.629998
0.608387
0.586061
0.563035
0.539327
0.514956
0.489938
0.464296
0.438049
0.411218
0.383826
0.355897
0.327454
0.298522
0.269127
0.239295
0.209054
0.178431
0.147456
0.116158
0.084567
0.0527148
0.0206328
-0.0116463
-0.0440894
-0.0766625
-0.109331
-0.14206
-0.174814
-0.207555
-0.240248
-0.272855
-0.305337
-0.337656
-0.369774
-0.40165
-0.433246
-0.464521
-0.495435
-0.525947
-0.556017
-0.585604
-0.614666
-0.643164
-0.671055
-0.6983
-0.724857
-0.750687
-0.775749
-0.800003
-0.823412
-0.845935
-0.867535
-0.888176
-0.90782
-0.926433
-0.943979
-0.960426
-0.975742
-0.989894
-1.00286
-1.0146
-1.02509
-1.03431
-1.04224
-1.04885
-1.05413
-1.05805
-1.0606
-1.06177
-1.06154
-1.05991
-1.05687
-1.05241
-1.04653
-1.03923
-1.03051
-1.02038
-1.00884
-0.995897
-0.98157
-0.965869
-0.948809
-0.930409
-0.910688
-0.88967
-0.867379
-0.843841
-0.819087
-0.793146
-0.766052
-0.737841
-0.708548
-0.678213
-0.646875
-0.614579
-0.581366
-0.547283
-0.512376
-0.476694
-0.440287
-0.403206
-0.365503
-0.327232
-0.288448
-0.249205
-0.209562
-0.169576
-0.129306
-0.0888104
-0.0481507
-0.00738747
0.0334175
0.0742018
0.114903
0.155457
0.1958
0.235868
0.275597
0.314921
0.353777
0.392098
0.42982
0.466877
0.503205
0.538738
0.573414
0.607166
0.639932
0.671649
0.702254
0.731687
0.759886
0.786792
0.812346
0.836493
0.859175
0.88034
0.899936
0.917912
0.93422
0.948814
0.96165
0.972689
0.981891
0.989222
0.994649
0.998142
0.999677
0.999231
0.996786
0.992326
0.985842
0.977325
0.966773
0.954189
0.939577
0.922949
0.904318
0.883705
0.861132
0.836629
0.810228
0.781968
0.751889
0.720039
0.686469
0.651233
0.614392
0.57601
0.536154
0.494895
0.45231
0.408478
0.363481
0.317405
0.270339
0.222375
0.173608
0.124134
0.0740542
0.0234692
-0.0275172
-0.0787997
-0.130271
-0.181824
-0.233349
-0.284736
-0.335873
-0.386651
-0.436957
-0.486681
-0.53571
-0.583934
-0.631242
-0.677526
-0.722676
-0.766586
-0.80915
-0.850263
-0.889823
-0.927731
-0.963889
-0.998202
-1.0305
-1.06071
-1.08876
-1.11458
-1.13811
-1.15929
-1.17807
-1.1944
-1.20824
-1.21955
-1.22831
-1.23449
-1.23806
-1.23901
-1.23735
-1.23306
-1.22614
-1.21662
-1.20451
-1.18983
-1.17261
-1.15288
-1.13069
-1.10609
-1.07912
-1.04985
-1.01834
-0.984665
-0.948892
-0.911104
-0.871385
-0.829826
-0.786519
-0.741562
-0.695056
-0.647104
-0.597816
-0.547301
-0.495672
-0.443044
-0.389534
-0.335262
-0.280347
-0.224911
-0.169075
-0.112962
-0.0566954
-0.000397098
0.05581
0.111804
0.167462
0.222666
0.277294
0.33123
0.384356
0.436557
0.48772
0.537734
0.58649
0.63388
0.679802
0.724152
0.766833
0.807748
0.846805
0.883914
0.918988
0.951945
0.982707
1.0112
1.03735
1.06109
1.08235
1.1011
1.11725
1.13078
1.14164
1.14978
1.15519
1.15782
1.15767
1.15471
1.14894
1.14035
1.12896
1.11476
1.09779
1.07805
1.05559
1.03044
1.00264
0.972256
0.939334
0.903943
0.866154
0.826046
0.783704
0.739217
0.692683
0.644204
0.593889
0.54185
0.488206
0.43308
0.376598
0.318892
0.260095
0.200346
0.139783
0.0785497
0.0167897
-0.0453515
-0.107727
-0.170191
-0.232594
-0.294791
-0.356636
-0.417981
-0.478685
-0.538605
-0.5976
-0.655533
-0.712269
-0.767676
-0.821626
-0.873994
-0.924658
-0.973501
-1.02041
-1.06528
-1.108
-1.14848
-1.18661
-1.22233
-1.25552
-1.28613
-1.31408
-1.3393
-1.36173
-1.38131
-1.398
-1.41176
-1.42254
-1.43031
-1.43506
-1.43676
-1.4354
-1.43099
-1.42351
-1.41299
-1.39944
-1.38287
-1.36333
-1.34085
-1.31546
-1.28723
-1.25621
-1.22247
-1.18607
-1.1471
-1.10564
-1.06177
-1.01561
-0.967241
-0.916782
-0.864346
-0.810051
-0.754022
-0.696387
-0.637279
-0.576835
-0.515194
-0.452501
-0.3889
-0.32454
-0.25957
-0.194142
-0.128406
-0.0625163
0.00337584
0.0691181
0.134559
0.199549
0.26394
0.327584
0.390337
0.452059
0.512609
0.571852
0.629657
0.685893
0.740438
0.793169
0.843971
0.892732
0.939343
0.983704
1.02571
1.06528
1.10232
1.13675
1.16848
1.19745
1.22359
1.24683
1.26713
1.28443
1.29868
1.30985
1.3179
1.3228
1.32454
1.32309
1.31845
1.31061
1.29958
1.28537
1.26798
1.24745
1.2238
1.19706
1.16729
1.13453
1.09884
1.06028
1.01893
0.974856
0.928151
0.878906
0.827221
0.773203
0.716964
0.658625
0.598312
0.536158
0.472302
0.406888
0.340066
0.271992
0.202823
0.132724
0.0618622
-0.00959194
-0.0814651
-0.153582
-0.225765
-0.297837
-0.369618
-0.44093
-0.511595
-0.581436
-0.650279
-0.71795
-0.78428
-0.849102
-0.912255
-0.973579
-1.03292
-1.09014
-1.14508
-1.19762
-1.24762
-1.29495
-1.33952
-1.38119
-1.41988
-1.45549
-1.48793
-1.51712
-1.543
-1.56549
-1.58455
-1.60013
-1.61218
-1.62068
-1.62561
-1.62694
-1.62468
-1.61882
-1.60937
-1.59636
-1.57979
-1.5597
-1.53614
-1.50916
-1.47879
-1.44511
-1.40819
-1.3681
-1.32493
-1.27876
-1.2297
-1.17785
-1.12332
-1.06623
-1.0067
-0.944865
-0.880862
-0.814832
-0.746925
-0.677293
-0.606096
-0.533496
-0.459663
-0.384767
-0.308983
-0.232492
-0.155472
-0.0781085
-0.000585497
0.0769109
0.154194
0.231078
0.307375
0.382903
0.457476
0.530916
0.603043
0.673683
0.742666
0.809826
0.875002
0.938038
0.998784
1.0571
1.11284
1.16588
1.2161
1.26339
1.30762
1.34871
1.38656
1.42109
1.45222
1.47989
1.50403
1.52459
1.54154
1.55482
1.56442
1.57031
1.57249
1.57094
1.56568
1.5567
1.54403
1.52769
1.50771
1.48413
1.457
1.42636
1.39227
1.35481
1.31404
1.27003
1.22288
1.17268
1.11951
1.0635
1.00474
0.943354
0.879467
0.813208
0.744711
0.674121
0.601583
0.527254
0.451292
0.373864
0.295141
0.215299
0.134519
0.0529871
-0.0291056
-0.111565
-0.194194
-0.276791
-0.359154
-0.441077
-0.522353
-0.602775
-0.682135
-0.760227
-0.836845
-0.911786
-0.984848
-1.05583
-1.12455
-1.19081
-1.25443
-1.31523
-1.37305
-1.42772
-1.47908
-1.52701
-1.57135
-1.61198
-1.6488
-1.68168
-1.71055
-1.73532
-1.75592
-1.77228
-1.78437
-1.79214
-1.79557
-1.79465
-1.78938
-1.77976
-1.76581
-1.74758
-1.7251
-1.69841
-1.6676
-1.63272
-1.59386
-1.5511
-1.50456
-1.45433
-1.40054
-1.3433
-1.28275
-1.21902
-1.15225
-1.08261
-1.01025
-0.935322
-0.858006
-0.778473
-0.696903
-0.61348
-0.528391
-0.441831
-0.353996
-0.265087
-0.175308
-0.0848655
0.00603048
0.0971677
0.188332
0.279308
0.369879
0.459828
0.548937
0.636989
0.723768
0.80906
0.892651
0.974333
1.0539
1.13115
1.20588
1.27791
1.34704
1.4131
1.47592
1.53534
1.59119
1.64334
1.69164
1.73598
1.77625
1.81233
1.84413
1.87158
1.89462
1.91318
1.92722
1.93671
1.94164
1.942
1.93779
1.92904
1.91577
1.89802
1.87584
1.8493
1.81846
1.78342
1.74426
1.70107
1.65397
1.60307
1.5485
1.49038
1.42885
1.36405
1.29613
1.22525
1.15156
1.07522
0.996415
0.915303
0.832065
0.746881
0.659936
0.571418
0.481517
0.39043
0.298352
0.205486
0.112034
0.0182028
-0.0757988
-0.16976
-0.263467
-0.356705
-0.449258
-0.540907
-0.631434
-0.720618
-0.80824
-0.89408
-0.977919
-1.05954
-1.13872
-1.21526
-1.28894
-1.35955
-1.42689
-1.49077
-1.55099
-1.60738
-1.65974
-1.70793
-1.75177
-1.79112
-1.82584
-1.85582
-1.88092
-1.90106
-1.91615
-1.92611
-1.9309
-1.93046
-1.92477
-1.91383
-1.89763
-1.8762
-1.84957
-1.81781
-1.78097
-1.73915
-1.69244
-1.64095
-1.58482
-1.52418
-1.4592
-1.39002
-1.31684
-1.23984
-1.15921
-1.07517
-0.987924
-0.897696
-0.804715
-0.709214
-0.611433
-0.511616
-0.410008
-0.30686
-0.202425
-0.0969555
0.00929226
0.116062
0.223099
0.330146
0.436948
0.54325
0.6488
0.753348
0.856643
0.958441
1.0585
1.15657
1.25243
1.34583
1.43655
1.52438
1.60908
1.69044
1.76826
1.84234
1.91249
1.97851
2.04023
2.09748
2.15011
2.19795
2.24088
2.27876
2.31149
2.33895
2.36105
2.37772
2.3889
2.39454
2.39461
2.38908
2.37797
2.36132
2.33919
2.31166
2.27884
2.24084
2.19777
2.14979
2.09704
2.0397
1.97793
1.91193
1.8419
1.76804
1.69056
1.60969
1.52565
1.43867
1.34899
1.25684
1.16247
1.06611
0.968005
0.868397
0.767524
0.665623
0.562929
0.459676
0.356092
0.252405
0.148836
0.0456043
-0.057075
-0.158992
-0.259939
-0.359716
-0.458123
-0.554968
-0.650062
-0.74322
-0.83426
-0.923007
-1.00929
-1.09293
-1.17378
-1.25167
-1.32645
-1.39796
-1.46606
-1.5306
-1.59145
-1.64847
-1.70154
-1.75053
-1.79533
-1.83582
-1.87191
-1.90348
-1.93047
-1.95277
-1.97031
-1.98304
-1.99089
-1.99381
-1.99178
-1.98476
-1.97274
-1.95571
-1.93369
-1.9067
-1.87477
-1.83795
-1.7963
-1.7499
-1.69883
-1.6432
-1.58312
-1.51872
-1.45014
-1.37754
-1.30109
-1.22096
-1.13734
-1.05044
-0.960465
-0.867635
-0.772178
-0.674328
-0.574324
-0.472414
-0.368846
-0.263873
-0.157748
-0.0507274
0.0569344
0.164984
0.273169
0.381242
0.488957
0.596076
0.702363
0.807591
0.911537
1.01399
1.11474
1.21359
1.31034
1.40483
1.49687
1.58631
1.67298
1.75674
1.83747
1.91503
1.9893
2.06017
2.12756
2.19135
2.25148
2.30788
2.36046
2.40918
2.45398
2.49483
2.53168
2.5645
2.59328
2.61801
2.63866
2.65523
2.66774
2.67618
2.68058
2.68095
2.67731
2.6697
2.65815
2.64269
2.62339
2.60028
2.57341
2.54285
2.50866
2.47091
2.42966
2.385
2.337
2.28575
2.23134
2.17385
2.1134
2.05007
1.98397
1.91521
1.84391
1.77018
1.69414
1.61592
1.53563
1.45342
1.36941
1.28375
1.19657
1.10801
1.01821
0.927333
0.835513
0.742905
0.649656
0.55592
0.461847
0.367589
0.273298
0.179124
0.0852176
-0.00827377
-0.101203
-0.193427
-0.284803
-0.375194
-0.464462
-0.552478
-0.639113
-0.724245
-0.807754
-0.889528
-0.969456
-1.04744
-1.12337
-1.19717
-1.26874
-1.338
-1.40489
-1.46932
-1.53124
-1.59059
-1.64732
-1.70137
-1.75272
-1.80133
-1.84716
-1.89019
-1.9304
-1.96777
-2.0023
-2.03397
-2.06279
-2.08875
-2.11187
-2.13214
-2.14958
-2.1642
-2.17603
-2.18507
-2.19136
-2.1949
-2.19574
-2.1939
-2.1894
-2.18228
-2.17257
-2.1603
-2.14551
-2.12823
-2.1085
-2.08635
-2.06183
-2.03497
-2.00581
-1.97439
-1.94075
-1.90494
-1.86699
-1.82695
-1.78486
-1.74076
-1.69471
-1.64674
-1.5969
-1.54523
-1.4918
-1.43663
-1.37979
-1.32133
-1.26129
-1.19974
-1.13671
-1.07228
-1.0065
-0.939419
-0.871108
-0.801625
-0.731034
-0.659401
-0.586791
-0.513276
-0.438924
-0.36381
-0.288009
-0.211596
-0.134652
-0.0572567
0.0205059
0.0985508
0.176791
0.255137
0.333497
0.411779
0.489887
0.567724
0.645193
0.722193
0.798624
0.874381
0.949363
1.02346
1.09658
1.1686
1.23943
1.30895
1.37707
1.44367
1.50865
1.57191
1.63335
1.69287
1.75036
1.80574
1.85891
1.90978
1.95826
2.00427
2.04774
2.08858
2.12673
2.16212
2.19469
2.22438
2.25115
2.27495
2.29574
2.31348
2.32816
2.33975
2.34824
2.35362
2.35588
2.35503
2.35108
2.34405
2.33396
2.32084
2.30471
2.28563
2.26363
2.23876
2.21108
2.18065
2.14753
2.11178
2.07348
2.03271
1.98953
1.94404
1.89631
1.84643
1.79449
1.74058
1.68479
1.62721
1.56794
1.50707
1.4447
1.38092
1.31583
1.24953
1.18211
1.11366
1.04428
0.974066
0.903109
0.831501
0.759333
0.686693
0.61367
0.540351
0.466821
0.393162
0.319457
0.245785
0.172225
0.098853
0.0257427
-0.0470331
-0.119404
-0.191302
-0.26266
-0.333414
-0.403502
-0.472863
-0.541438
-0.609172
-0.67601
-0.7419
-0.80679
-0.870634
-0.933384
-0.994996
-1.05543
-1.11464
-1.17259
-1.22924
-1.28456
-1.33851
-1.39106
-1.44219
-1.49186
-1.54006
-1.58674
-1.63189
-1.6755
-1.71753
-1.75797
-1.79681
-1.83403
-1.86962
-1.90356
-1.93584
-1.96646
-1.99541
-2.02268
-2.04827
-2.07217
-2.09438
-2.11491
-2.13376
-2.15092
-2.1664
-2.18021
-2.19236
-2.20285
-2.21169
-2.2189
-2.22448
-2.22845
-2.23083
-2.23163
-2.23088
-2.22859
-2.22478
-2.21947
-2.2127
-2.20448
-2.19484
-2.18382
-2.17144
-2.15773
-2.14272
-2.12646
-2.10897
-2.0903
-2.07048
-2.04956
-2.02757
-2.00456
-1.98058
-1.95567
-1.92987
-1.90325
-1.87584
-1.8477
-1.81889
-1.78946
-1.75945
-1.72894
-1.69798
-1.66662
-1.63492
-1.60295
-1.57077
-1.53843
-1.50599
-1.47353
-1.4411
-1.40875
-1.37657
-1.34459
-1.31289
-1.28153
-1.25055
-1.22003
-1.19002
-1.16057
-1.13173
-1.10356
-1.07611
-1.04942
-1.02354
-0.998507
-0.974369
-0.95116
-0.928912
-0.907658
-0.887424
-0.868235
-0.850112
-0.833071
-0.817126
-0.802288
-0.788561
-0.77595
-0.764451
-0.754061
-0.74477
-0.736565
-0.729431
-0.723347
-0.71829
-0.714234
-0.711147
-0.708996
-0.707746
-0.707356
-0.707785
-0.708987
-0.710915
-0.713519
-0.716748
-0.720547
-0.724861
-0.729632
-0.734801
-0.740309
-0.746095
-0.752096
-0.75825
-0.764493
-0.770762
-0.776993
-0.783123
-0.789087
-0.794824
-0.800269
-0.80536
-0.810038
-0.81424
-0.817909
-0.820985
-0.823413
-0.825137
-0.826104
-0.826261
-0.825559
-0.823949
-0.821386
-0.817825
-0.813226
-0.807547
-0.800753
-0.792809
-0.783682
-0.773343
-0.761765
-0.748923
-0.734797
-0.719367
-0.702618
-0.684536
-0.665112
-0.644338
-0.622209
-0.598725
-0.573887
-0.5477
-0.520171
-0.491312
-0.461136
-0.429659
-0.396902
-0.362888
-0.327643
-0.291195
-0.253576
-0.214822
-0.17497
-0.134062
-0.0921403
-0.0492529
-0.00544932
0.0392181
0.0846938
0.13092
0.177835
0.225375
0.273475
0.322064
0.371072
0.420425
0.470044
0.519853
0.569768
0.619706
0.669581
0.719304
0.768786
0.817934
0.866653
0.914847
0.962419
1.00927
1.05529
1.10039
1.14445
1.18738
1.22907
1.2694
1.30827
1.34558
1.3812
1.41504
1.44698
1.4769
1.50471
1.53028
1.55351
1.5743
1.59252
1.60809
1.62088
1.63081
1.63776
1.64165
1.64237
1.63984
1.63396
1.62466
1.61185
1.59546
1.57542
1.55167
1.52414
1.49271
1.45732
1.41793
1.37451
1.32704
1.27552
1.21994
1.16032
1.09669
1.02909
0.957565
0.88219
0.803044
0.720225
0.633845
0.544032
0.45093
0.3547
0.25552
0.153582
0.0490952
-0.0577139
-0.166604
-0.27732
-0.389589
-0.503127
-0.617638
-0.73281
-0.848324
-0.963852
-1.07906
-1.19359
-1.30712
-1.41927
-1.52972
-1.6381
-1.74407
-1.8473
-1.94744
-2.04417
-2.13718
-2.22617
-2.31085
-2.39096
-2.46624
-2.53645
-2.60139
-2.66086
-2.71468
-2.76271
-2.80482
-2.8409
-2.87087
-2.89466
-2.91224
-2.92358
-2.92868
-2.92758
-2.9203
-2.9069
-2.88746
-2.86208
-2.83084
-2.79389
-2.75134
-2.70335
-2.65008
-2.59168
-2.52834
-2.46024
-2.38757
-2.31053
-2.22932
-2.14415
-2.05524
-1.9628
-1.86705
-1.76822
-1.66652
-1.56219
-1.45544
-1.34651
-1.23563
-1.12301
-1.00888
-0.893471
-0.777004
-0.659699
-0.541777
-0.423455
-0.304947
-0.186467
-0.0682244
0.0495751
0.166728
0.283035
0.398299
0.512328
0.624935
0.735936
0.845152
0.952407
1.05753
1.16036
1.26074
1.35851
1.45352
1.54563
1.63471
1.72061
1.80323
1.88244
1.95813
2.0302
2.09855
2.16309
2.22374
2.28043
2.33309
2.38166
2.4261
2.46636
2.50241
2.53423
2.56181
2.58515
2.60424
2.61911
2.62979
2.63629
2.63869
2.63702
2.63136
2.62179
2.60839
2.59127
2.57053
2.5463
2.5187
2.48788
2.454
2.4172
2.37767
2.33559
2.29114
2.24453
2.19595
2.14563
2.09379
2.04064
1.98642
1.93136
1.8757
1.81967
1.76351
1.70745
1.65173
1.59658
1.54221
1.48885
1.43669
1.38595
1.33681
1.28945
1.24402
1.20067
1.15954
1.12075
1.08438
1.05054
1.01927
0.990633
0.964648
0.941328
0.920665
0.902632
0.887189
0.874274
0.863814
0.855719
0.849884
0.846193
0.844518
0.844718
0.846645
0.85014
0.855039
0.86117
0.868357
0.87642
0.885175
0.894439
0.904026
0.913751
0.923429
0.932879
0.941922
0.950381
0.958087
0.964873
0.970577
0.975045
0.978128
0.979685
0.979581
0.97769
0.973892
0.968078
0.960144
0.949996
0.937549
0.922726
0.90546
0.885691
0.863369
0.838454
0.810914
0.780724
0.747872
0.712351
0.674165
0.633326
0.589855
0.543782
0.495144
0.443989
0.39037
0.334352
0.276004
0.215407
0.152648
0.0878205
0.0210281
-0.0476192
-0.118004
-0.190002
-0.26348
-0.3383
-0.414315
-0.491374
-0.569316
-0.647977
-0.727183
-0.806758
-0.886516
-0.966268
-1.04582
-1.12497
-1.20351
-1.28122
-1.35791
-1.43334
-1.50729
-1.57953
-1.64983
-1.71796
-1.78368
-1.84675
-1.90692
-1.96397
-2.01763
-2.06768
-2.11386
-2.15595
-2.19369
-2.22685
-2.2552
-2.27852
-2.29659
-2.30918
-2.3161
-2.31715
-2.31215
-2.30091
-2.2833
-2.25915
-2.22834
-2.19078
-2.14636
-2.09502
-2.03671
-1.97142
-1.89916
-1.81995
-1.73385
-1.64097
-1.54141
-1.43535
-1.32295
-1.20443
-1.08006
-0.950104
-0.814882
-0.674735
-0.53004
-0.381196
-0.228633
-0.0728017
0.0858226
0.246747
0.409462
0.573444
0.73816
0.903071
1.06763
1.2313
1.39354
1.55382
1.71161
1.8664
2.0177
2.16503
2.30794
2.44599
2.57878
2.70592
2.82706
2.94187
3.05006
3.15135
3.2455
3.33231
3.41158
3.48318
3.54696
3.60284
3.65073
3.6906
3.72241
3.74616
3.76188
3.76961
3.76942
3.76137
3.74557
3.72214
3.69121
3.65291
3.60742
3.55489
3.49552
3.42951
3.35704
3.27835
3.19364
3.10316
3.00715
2.90585
2.79951
2.68839
2.57275
2.45288
2.32903
2.20148
2.07052
1.93643
1.7995
1.66001
1.51825
1.37452
1.22911
1.08232
0.934423
0.785728
0.636523
0.4871
0.337749
0.188758
0.0404119
-0.107006
-0.253215
-0.397939
-0.540906
-0.681848
-0.820501
-0.956608
-1.08992
-1.22018
-1.34716
-1.47063
-1.59036
-1.70613
-1.81774
-1.92499
-2.02769
-2.12567
-2.21875
-2.30678
-2.38962
-2.46714
-2.53921
-2.60574
-2.66664
-2.72183
-2.77125
-2.81485
-2.85262
-2.88454
-2.91062
-2.93089
-2.94539
-2.95419
-2.95737
-2.95503
-2.9473
-2.93432
-2.91625
-2.89328
-2.86561
-2.83346
-2.79707
-2.75671
-2.71264
-2.66516
-2.61458
-2.56122
-2.5054
-2.44748
-2.38781
-2.32674
-2.26463
-2.20185
-2.13875
-2.07571
-2.01307
-1.95117
-1.89035
-1.83092
-1.7732
-1.71747
-1.66399
-1.61301
-1.56474
-1.51939
-1.47711
-1.43805
-1.40233
-1.37003
-1.3412
-1.31587
-1.29405
-1.27572
-1.26081
-1.24926
-1.24096
-1.23579
-1.23362
-1.23428
-1.23759
-1.24335
-1.25137
-1.26141
-1.27326
-1.28667
-1.30139
-1.31717
-1.33377
-1.35092
-1.36836
-1.38584
-1.4031
-1.41989
-1.43597
-1.45107
-1.46498
-1.47746
-1.48828
-1.49723
-1.50411
-1.50871
-1.51086
-1.51038
-1.50709
-1.50086
-1.49152
-1.47897
-1.46307
-1.44373
-1.42084
-1.39433
-1.36413
-1.33018
-1.29245
-1.25089
-1.20549
-1.15625
-1.10318
-1.04629
-0.985617
-0.921209
-0.853121
-0.781424
-0.706201
-0.627545
-0.545563
-0.460374
-0.372107
-0.280905
-0.186919
-0.0903154
0.00873102
0.110033
0.213394
0.318604
0.425445
0.533688
0.643093
0.75341
0.86438
0.975734
1.08719
1.19847
1.30927
1.41929
1.52822
1.63573
1.74149
1.84518
1.94644
2.04494
2.14031
2.23221
2.32027
2.40412
2.4834
2.55773
2.62676
2.69011
2.74741
2.7983
2.84243
2.87943
2.90898
2.93073
2.94436
2.94957
2.94607
2.93358
2.91186
2.88067
2.83982
2.78914
2.7285
2.65778
2.57692
2.4859
2.38473
2.27349
2.15227
2.02124
1.88062
1.73066
1.57168
1.40406
1.22821
1.04462
0.853807
0.656351
0.452877
0.244051
0.0305806
-0.186791
-0.40729
-0.630116
-0.854451
-1.07946
-1.3043
-1.52812
-1.75009
-1.96937
-2.18515
-2.39662
-2.60303
-2.80362
-2.99769
-3.18458
-3.36365
-3.53433
-3.69608
-3.8484
-3.99085
-4.12304
-4.24461
-4.35528
-4.45479
-4.54293
-4.61954
-4.68451
-4.73774
-4.77922
-4.80894
-4.82693
-4.83326
-4.82804
-4.8114
-4.7835
-4.74452
-4.69468
-4.63421
-4.56337
-4.48243
-4.39168
-4.29144
-4.18204
-4.0638
-3.9371
-3.80229
-3.65976
-3.50989
-3.35308
-3.18973
-3.02027
-2.8451
-2.66467
-2.4794
-2.28972
-2.09608
-1.89892
-1.6987
-1.49584
-1.29082
-1.08406
-0.87603
-0.667169
-0.457925
-0.248741
-0.0400574
0.167688
0.374064
0.578643
0.781003
0.980731
1.17742
1.37067
1.56008
1.74529
1.92592
2.1016
2.272
2.43677
2.5956
2.74818
2.8942
3.03341
3.16553
3.29032
3.40755
3.51703
3.61856
3.71198
3.79713
3.87391
3.9422
4.00194
4.05306
4.09555
4.12939
4.15463
4.1713
4.1795
4.17933
4.17092
4.15446
4.13013
4.09816
4.05881
4.01237
3.95915
3.8995
3.83379
3.76243
3.68584
3.60448
3.51881
3.42935
3.33659
3.24107
3.14334
3.04395
2.94345
2.84241
2.74138
2.64092
2.54157
2.44386
2.34829
2.25536
2.16551
2.07917
1.99674
1.91857
1.84495
1.77618
1.71245
1.65395
1.6008
1.55308
1.51081
1.47398
1.44253
1.41633
1.39525
1.37908
1.36761
1.36055
1.35763
1.35852
1.36286
1.37031
1.38046
1.39293
1.40732
1.42319
1.44015
1.45776
1.47562
1.49331
1.51042
1.52658
1.54138
1.55446
1.56546
1.57405
1.57991
1.58272
1.58221
1.57811
1.57018
1.5582
1.54197
1.52132
1.49609
1.46614
1.43138
1.39171
1.34708
1.29743
1.24275
1.18305
1.11834
1.04867
0.974111
0.894746
0.810679
0.722037
0.628964
0.531623
0.430194
0.324874
0.215878
0.103436
-0.0122044
-0.130783
-0.252024
-0.375637
-0.501321
-0.628759
-0.757623
-0.887576
-1.01827
-1.14934
-1.28041
-1.41112
-1.54107
-1.66987
-1.79712
-1.9224
-2.04531
-2.16543
-2.28233
-2.39559
-2.50478
-2.60947
-2.70922
-2.80361
-2.8922
-2.97456
-3.05027
-3.11889
-3.18003
-3.23325
-3.27816
-3.31435
-3.34146
-3.35909
-3.36689
-3.36451
-3.35163
-3.32794
-3.29314
-3.24698
-3.18922
-3.11965
-3.03809
-2.94439
-2.83846
-2.72022
-2.58965
-2.44678
-2.29167
-2.12446
-1.94533
-1.7545
-1.5523
-1.33908
-1.11529
-0.881414
-0.63804
-0.38581
-0.125446
0.142261
0.416448
0.696179
0.980455
1.26821
1.55832
1.8496
2.14084
2.43076
2.71807
3.00146
3.2796
3.55115
3.8148
4.06925
4.31323
4.54554
4.765
4.97051
5.16105
5.33568
5.49354
5.63388
5.75604
5.85946
5.94371
6.00844
6.05341
6.0785
6.08367
6.06899
6.03462
5.98081
5.90788
5.81624
5.70637
5.57879
5.4341
5.27296
5.09604
4.90408
4.69784
4.47811
4.24571
4.00147
3.74624
3.4809
3.2063
2.92333
2.63287
2.33579
2.03298
1.7253
1.41363
1.09883
0.781746
0.463217
0.144073
-0.174872
-0.492817
-0.808978
-1.12259
-1.43289
-1.73916
-2.04068
-2.33676
-2.62672
-2.90992
-3.18572
-3.45353
-3.71276
-3.96286
-4.2033
-4.43357
-4.65321
-4.86176
-5.0588
-5.24395
-5.41685
-5.57716
-5.7246
-5.85889
-5.97981
-6.08715
-6.18075
-6.26048
-6.32624
-6.37797
-6.41565
-6.43928
-6.4489
-6.44462
-6.42653
-6.39479
-6.34961
-6.2912
-6.21984
-6.13582
-6.03948
-5.93121
-5.81141
-5.68053
-5.53905
-5.38749
-5.2264
-5.05637
-4.878
-4.69196
-4.49891
-4.29957
-4.09466
-3.88494
-3.6712
-3.45423
-3.23486
-3.01391
-2.79224
-2.57071
-2.35017
-2.13148
-1.91551
-1.70309
-1.49508
-1.29228
-1.09548
-0.905457
-0.722922
-0.548559
-0.383001
-0.226823
-0.0805401
0.0554006
0.180625
0.294837
0.397821
0.489447
0.569674
0.638549
0.696207
0.742875
0.778865
0.804574
0.820477
0.827126
0.82514
0.815201
0.798044
0.774449
0.745233
0.711242
0.673338
0.632395
0.589286
0.544878
0.50002
0.45554
0.412234
0.370863
0.332147
0.296758
0.265319
0.238399
0.216514
0.200118
0.18961
0.185328
0.187552
0.196502
0.212341
0.235176
0.265056
0.301981
0.345896
0.396698
0.45424
0.518327
0.588725
0.66516
0.747321
0.834866
0.92742
1.02458
1.12592
1.23098
1.3393
1.45037
1.56371
1.67878
1.79506
1.91201
2.02908
2.14573
2.26139
2.37551
2.48755
2.59695
2.70316
2.80566
2.9039
2.99737
3.08556
3.16797
3.24412
3.31354
3.37577
3.43039
3.47698
3.51514
3.5445
3.56471
3.57544
3.57638
3.56726
3.54782
3.51783
3.47711
3.42547
3.36278
3.28893
3.20384
3.10747
2.9998
2.88085
2.75068
2.60938
2.45709
2.29395
2.12019
1.93603
1.74177
1.53772
1.32425
1.10176
0.870716
0.631601
0.384957
0.131371
-0.128526
-0.394054
-0.664486
-0.939046
-1.21691
-1.4972
-1.779
-2.06133
-2.34318
-2.62347
-2.9011
-3.1749
-3.44367
-3.70616
-3.9611
-4.20717
-4.44303
-4.66731
-4.87862
-5.07556
-5.25675
-5.42078
-5.56628
-5.69189
-5.79632
-5.87829
-5.93662
-5.97018
-5.97797
-5.95907
-5.9127
-5.83821
-5.7351
-5.60306
-5.44193
-5.25176
-5.03278
-4.78544
-4.51038
-4.20847
-3.88075
-3.52849
-3.15312
-2.75627
-2.33973
-1.90541
-1.45538
-0.991795
-0.516894
-0.0329846
0.457592
0.952475
1.44931
1.94577
2.43956
2.92845
3.41029
3.88301
4.34464
4.7933
5.22725
5.64485
6.04457
6.42502
6.78493
7.12314
7.43861
7.73043
7.9978
8.24002
8.45651
8.6468
8.81051
8.94735
9.05713
9.13977
9.19523
9.22359
9.225
9.19967
9.1479
9.07005
8.96654
8.83788
8.68462
8.50735
8.30676
8.08356
7.83852
7.57246
7.28625
6.9808
6.65706
6.31601
5.95869
5.58617
5.19952
4.79989
4.38841
3.96626
3.53465
3.09479
2.6479
2.19525
1.73809
1.27767
0.815287
0.352201
-0.110313
-0.570983
-1.02855
-1.48175
-1.92936
-2.37015
-2.80291
-3.22646
-3.63965
-4.04135
-4.43046
-4.80594
-5.16675
-5.51193
-5.84055
-6.15171
-6.44461
-6.71845
-6.97254
-7.20622
-7.41891
-7.61009
-7.77932
-7.92625
-8.05058
-8.15211
-8.23074
-8.28642
-8.31924
-8.32935
-8.31702
-8.2826
-8.22656
-8.14946
-8.05199
-7.93491
-7.79911
-7.64559
-7.47544
-7.28985
-7.09011
-6.87761
-6.65382
-6.42029
-6.17862
-5.93049
-5.67762
-5.42175
-5.16465
-4.90807
-4.65375
-4.40341
-4.15869
-3.92117
-3.69234
-3.47356
-3.26609
-3.07104
-2.88936
-2.72187
-2.56917
-2.43172
-2.3098
-2.2035
-2.11275
-2.03729
-1.97673
-1.9305
-1.89791
-1.87814
-1.87027
-1.87325
-1.88598
-1.90728
-1.93593
-1.97067
-2.0102
-2.05324
-2.09851
-2.14472
-2.19063
-2.23504
-2.27677
-2.31473
-2.34785
-2.37516
-2.39572
-2.4087
-2.41332
-2.4089
-2.39481
-2.37053
-2.33561
-2.28968
-2.23244
-2.16369
-2.08329
-1.9912
-1.88742
-1.77206
-1.64526
-1.50727
-1.35838
-1.19895
-1.02939
-0.850177
-0.661843
-0.464964
-0.260167
-0.0481224
0.170459
0.394829
0.624202
0.857764
1.09467
1.33405
1.57502
1.81667
2.05807
2.29828
2.53636
2.77136
3.00232
3.22829
3.4483
3.66141
3.86668
4.06318
4.24999
4.42621
4.59096
4.74338
4.88263
5.0079
5.11842
5.21343
5.29222
5.35411
5.39846
5.42467
5.43218
5.4205
5.38914
5.33772
5.26587
5.17329
5.05974
4.92505
4.76909
4.59183
4.39327
4.17352
3.93274
3.67119
3.38919
3.08715
2.76559
2.42509
2.06634
1.69014
1.29738
0.889035
0.466228
0.0301676
-0.417815
-0.876272
-1.34364
-1.81822
-2.2982
-2.78166
-3.26653
-3.75062
-4.23164
-4.70716
-5.17466
-5.6315
-6.07495
-6.5022
-6.91038
-7.29654
-7.65771
-7.99093
-8.29323
-8.56168
-8.79344
-8.98577
-9.13606
-9.2419
-9.30108
-9.31165
-9.27196
-9.18067
-9.03683
-8.83985
-8.58956
-8.28624
-7.93059
-7.52377
-7.06736
-6.5634
-6.01432
-5.42294
-4.79242
-4.12623
-3.42811
-2.70203
-1.95211
-1.1826
-0.397826
0.397857
1.20011
2.00466
2.80729
3.60395
4.3907
5.16377
5.91959
6.65479
7.36619
8.05083
8.70598
9.32911
9.91791
10.4703
10.9844
11.4585
11.8912
12.2812
12.6274
12.929
13.1851
13.3953
13.5592
13.6766
13.7474
13.7717
13.7498
13.682
13.5689
13.4112
13.2096
12.9651
12.6787
12.3516
11.985
11.5803
11.139
10.6628
10.1532
9.61202
9.04117
8.44257
7.81821
7.1702
6.50067
5.81184
5.10595
4.38531
3.65228
2.90923
2.15856
1.4027
0.644103
-0.114798
-0.871551
-1.62372
-2.36887
-3.10461
-3.82857
-4.53841
-5.23183
-5.90661
-6.56056
-7.19158
-7.79762
-8.37675
-8.92709
-9.44689
-9.93449
-10.3883
-10.807
-11.1893
-11.5339
-11.8399
-12.1064
-12.3327
-12.5182
-12.6627
-12.7659
-12.8278
-12.8485
-12.8286
-12.7686
-12.6692
-12.5315
-12.3567
-12.1464
-11.902
-11.6256
-11.3191
-10.985
-10.6257
-10.244
-9.84269
-9.42483
-8.99362
-8.55235
-8.10442
-7.65328
-7.2024
-6.75524
-6.31519
-5.88556
-5.46952
-5.07004
-4.68989
-4.33155
-3.99723
-3.68878
-3.40772
-3.15519
-2.93194
-2.73835
-2.5744
-2.43967
-2.33342
-2.25455
-2.20165
-2.17303
-2.16674
-2.18064
-2.2124
-2.25957
-2.3196
-2.38986
-2.46772
-2.55054
-2.63572
-2.72072
-2.80309
-2.88048
-2.95069
-3.01164
-3.06139
-3.09821
-3.12051
-3.12687
-3.11608
-3.08709
-3.03905
-2.97128
-2.88329
-2.77475
-2.64553
-2.49563
-2.32525
-2.13471
-1.92451
-1.69526
-1.44772
-1.18277
-0.901409
-0.604737
-0.293957
0.029636
0.364668
0.709689
1.06319
1.42359
1.78929
2.15861
2.52988
2.90139
3.27141
3.6382
4.00004
4.3552
4.70198
5.03868
5.36365
5.67526
5.97194
6.25216
6.51444
6.75735
6.97955
7.17975
7.35674
7.50939
7.63666
7.73759
7.81131
7.85704
7.87412
7.86196
7.8201
7.74818
7.64593
7.51322
7.35001
7.15639
6.93254
6.67878
6.39555
6.08338
5.74295
5.37504
4.98055
4.56051
4.11606
3.64845
3.15907
2.64941
2.12108
1.57581
1.01544
0.441922
-0.14268
-0.736192
-1.33633
-1.94071
-2.54684
-3.15213
-3.7539
-4.34938
-4.93568
-5.50987
-6.06892
-6.60973
-7.12912
-7.62389
-8.09075
-8.5264
-8.92751
-9.29072
-9.61269
-9.89009
-10.1196
-10.2981
-10.4222
-10.4891
-10.4958
-10.4396
-10.3178
-10.1283
-9.86908
-9.53836
-9.13488
-8.65776
-8.10658
-7.48146
-6.78307
-6.01272
-5.17239
-4.26473
-3.29316
-2.26184
-1.17572
-0.0405127
1.13732
2.35057
3.59139
4.85129
6.12129
7.39196
8.6536
9.89631
11.1102
12.2854
13.4124
14.4819
15.4854
16.4148
17.2627
18.0227
18.6891
19.2572
19.7232
20.0843
20.3383
20.4844
20.5221
20.452
20.2755
19.9944
19.6112
19.1292
18.5517
17.8828
17.1268
16.2885
15.3728
14.3848
13.33
12.2139
11.042
9.82033
8.55455
7.25058
5.91433
4.55174
3.16871
1.77114
0.364864
-1.04432
-2.45069
-3.84862
-5.23258
-6.59716
-7.93706
-9.24714
-10.5224
-11.7581
-12.9494
-14.0921
-15.1818
-16.2145
-17.1864
-18.0941
-18.9341
-19.7034
-20.3994
-21.0194
-21.5614
-22.0235
-22.4039
-22.7016
-22.9155
-23.0451
-23.09
-23.0502
-22.9262
-22.7186
-22.4285
-22.0572
-21.6065
-21.0783
-20.4751
-19.7995
-19.0545
-18.2434
-17.3698
-16.4376
-15.4508
-14.4141
-13.3319
-12.2093
-11.0513
-9.86339
-8.65099
-7.41981
-6.1757
-4.92462
-3.67264
-2.42588
-1.19053
0.0272312
1.22123
2.38537
3.51363
4.60014
5.63922
6.62542
7.55357
8.41885
9.21683
9.94352
10.5955
11.1698
11.6643
12.0774
12.4082
12.6567
12.8238
12.911
12.9209
12.8567
12.7226
12.5236
12.2653
11.954
11.5965
11.2002
10.7726
10.3216
9.85488
9.38034
8.90552
8.43764
7.98349
7.54935
7.14085
6.76296
6.41993
6.11525
5.85162
5.631
5.4546
5.3229
5.23568
5.1921
5.19073
5.2296
5.30627
5.41788
5.56121
5.73276
5.92877
6.14529
6.37828
6.62356
6.87695
7.13425
7.39134
7.64414
7.8887
8.12121
8.33804
8.53572
8.71103
8.86095
8.98271
9.07382
9.13201
9.15534
9.1421
9.09091
9.00063
8.87046
8.69984
8.48852
8.23652
7.94413
7.61192
7.24071
6.83157
6.38581
5.90497
5.3908
4.84526
4.2705
3.66884
3.04278
2.39494
1.72808
