0
7.8125e-08
1.5625e-07
3.125e-07
4.6875e-07
7.03125e-07
9.375e-07
1.25e-06
1.5625e-06
1.95312e-06
2.34375e-06
2.81249e-06
3.28124e-06
3.82812e-06
4.37499e-06
4.99998e-06
5.62498e-06
6.3281e-06
7.03122e-06
7.81246e-06
8.5937e-06
9.45307e-06
1.03124e-05
1.12499e-05
1.21874e-05
1.3203e-05
1.42186e-05
1.53123e-05
1.64061e-05
1.75779e-05
1.87498e-05
1.99997e-05
2.12497e-05
2.25778e-05
2.39059e-05
2.53121e-05
2.67183e-05
2.82026e-05
2.9687e-05
3.12494e-05
3.28118e-05
3.44524e-05
3.60929e-05
3.78116e-05
3.95303e-05
4.1327e-05
4.31238e-05
4.49987e-05
4.68736e-05
4.88266e-05
5.07796e-05
5.28107e-05
5.48419e-05
5.69511e-05
5.90603e-05
6.12476e-05
6.3435e-05
6.57004e-05
6.79659e-05
7.03093e-05
7.26529e-05
7.50745e-05
7.74962e-05
7.99959e-05
8.24957e-05
8.50735e-05
8.76514e-05
9.03073e-05
9.29633e-05
9.56973e-05
9.84314e-05
0.000101243
0.000104056
0.000106946
0.000109836
0.000112804
0.000115773
0.000118819
0.000121866
0.00012499
0.000128115
0.000131317
0.00013452
0.0001378
0.000141081
0.00014444
0.000147799
0.000151235
0.000154672
0.000158187
0.000161702
0.000165295
0.000168888
0.000172559
0.00017623
0.000179979
0.000183729
0.000187556
0.000191383
0.000195288
0.000199194
0.000203177
0.00020716
0.000211222
0.000215283
0.000219422
0.000223562
0.000227779
0.000231997
0.000236293
0.000240589
0.000244962
0.000249336
0.000253787
0.000258239
0.000262768
0.000267299
0.000271906
0.000276514
0.0002812
0.000285886
0.000290649
0.000295414
0.000300255
0.000305098
0.000310017
0.000314937
0.000319935
0.000324933
0.000330009
0.000335085
0.000340239
0.000345393
0.000350625
0.000355858
0.000361167
0.000366478
0.000371865
0.000377254
0.000382719
0.000388186
0.000393729
0.000399274
0.000404896
0.000410519
0.000416218
0.000421919
0.000427696
0.000433475
0.00043933
0.000445187
0.00045112
0.000457056
0.000463067
0.00046908
0.000475169
0.00048126
0.000487427
0.000493596
0.000499841
0.000506088
0.000512411
0.000518736
0.000525137
0.00053154
0.000538019
0.0005445
0.000551057
0.000557616
0.00056425
0.000570888
0.0005776
0.000584315
0.000591106
0.000597899
0.000604767
0.000611639
0.000618585
0.000625534
0.000632558
0.000639585
0.000646687
0.000653792
0.000660972
0.000668155
0.000675413
0.000682674
0.000690009
0.000697349
0.000704762
0.000712179
0.00071967
0.000727166
0.000734735
0.000742308
0.000749955
0.000757606
0.00076533
0.00077306
0.000780862
0.000788669
0.000796549
0.000804435
0.000812393
0.000820356
0.000828391
0.000836433
0.000844546
0.000852665
0.000860857
0.000869054
0.000877323
0.000885598
0.000893945
0.000902298
0.000910722
0.000919153
0.000927656
0.000936164
0.000944745
0.000953331
0.000961989
0.000970654
0.00097939
0.000988132
0.000996946
0.00100577
0.00101466
0.00102356
0.00103252
0.0010415
0.00105055
0.0010596
0.00106873
0.00107786
0.00108706
0.00109627
0.00110555
0.00111484
0.0011242
0.00113356
0.001143
0.00115244
0.00116195
0.00117148
0.00118107
0.00119067
0.00120033
0.00121001
0.00121976
0.00122951
0.00123934
0.00124917
0.00125907
0.00126898
0.00127896
0.00128895
0.001299
0.00130907
0.00131921
0.00132935
0.00133956
0.00134978
0.00136007
0.00137037
0.00138074
0.00139112
0.00140156
0.00141202
0.00142254
0.00143307
0.00144367
0.00145429
0.00146496
0.00147565
0.00148641
0.00149717
0.00150801
0.00151885
0.00152976
0.00154068
0.00155167
0.00156267
0.00157374
0.00158482
0.00159596
0.00160711
0.00161833
0.00162957
0.00164087
0.00165218
0.00166355
0.00167494
0.00168639
0.00169786
0.00170939
0.00172094
0.00173254
0.00174417
0.00175585
0.00176755
0.00177931
0.00179109
0.00180293
0.00181479
0.00182671
0.00183864
0.00185063
0.00186265
0.00187472
0.00188681
0.00189896
0.00191112
0.00192335
0.0019356
0.0019479
0.00196022
0.0019726
0.001985
0.00199746
0.00200994
0.00202248
0.00203503
0.00204765
0.00206028
0.00207297
0.00208568
0.00209845
0.00211124
0.00212408
0.00213695
0.00214987
0.00216282
0.00217582
0.00218884
0.00220192
0.00221502
0.00222817
0.00224135
0.00225458
0.00226784
0.00228114
0.00229448
0.00230786
0.00232127
0.00233474
0.00234823
0.00236177
0.00237533
0.00238895
0.00240259
0.00241629
0.00243001
0.00244378
0.00245758
0.00247143
0.00248531
0.00249923
0.00251319
0.00252719
0.00254122
0.0025553
0.00256941
0.00258357
0.00259776
0.00261199
0.00262626
0.00264057
0.00265491
0.0026693
0.00268372
0.00269818
0.00271268
0.00272722
0.0027418
0.00275642
0.00277107
0.00278577
0.0028005
0.00281527
0.00283008
0.00284493
0.00285982
0.00287474
0.00288971
0.00290471
0.00291975
0.00293484
0.00294995
0.00296511
0.00298031
0.00299554
0.00301082
0.00302613
0.00304148
0.00305687
0.0030723
0.00308777
0.00310327
0.00311881
0.0031344
0.00315002
0.00316568
0.00318138
0.00319712
0.00321289
0.00322871
0.00324456
0.00326045
0.00327638
0.00329235
0.00330835
0.0033244
0.00334048
0.00335661
0.00337277
0.00338897
0.0034052
0.00342149
0.0034378
0.00345416
0.00347054
0.00348698
0.00350344
0.00351996
0.0035365
0.00355309
0.00356971
0.00358638
0.00360307
0.00361982
0.00363659
0.00365342
0.00367026
0.00368716
0.00370409
0.00372107
0.00373807
0.00375512
0.0037722
0.00378934
0.00380649
0.0038237
0.00384093
0.00385822
0.00387553
0.00389289
0.00391028
0.00392772
0.00394518
0.0039627
0.00398024
0.00399784
0.00401545
0.00403313
0.00405082
0.00406857
0.00408634
0.00410417
0.00412201
0.00413992
0.00415784
0.00417582
0.00419382
0.00421188
0.00422995
0.00424809
0.00426624
0.00428446
0.00430268
0.00432098
0.00433928
0.00435765
0.00437603
0.00439448
0.00441293
0.00443146
0.00444999
0.00446859
0.0044872
0.00450588
0.00452456
0.00454332
0.00456208
0.00458091
0.00459975
0.00461866
0.00463757
0.00465656
0.00467555
0.00469462
0.00471368
0.00473283
0.00475197
0.00477119
0.00479041
0.00480971
0.004829
0.00484838
0.00486775
0.0048872
0.00490664
0.00492617
0.0049457
0.0049653
0.0049849
0.00500459
0.00502426
0.00504402
0.00506377
0.00508361
0.00510344
0.00512335
0.00514326
0.00516325
0.00518323
0.0052033
0.00522336
0.0052435
0.00526363
0.00528386
0.00530407
0.00532437
0.00534465
0.00536503
0.00538539
0.00540584
0.00542628
0.00544681
0.00546732
0.00548793
0.00550852
0.0055292
0.00554987
0.00557063
0.00559137
0.00561221
0.00563303
0.00565394
0.00567484
0.00569583
0.0057168
0.00573787
0.00575891
0.00578006
0.00580118
0.0058224
0.0058436
0.0058649
0.00588617
0.00590755
0.0059289
0.00595035
0.00597178
0.00599331
0.00601481
0.00603642
0.006058
0.00607968
0.00610133
0.00612309
0.00614482
0.00616666
0.00618846
0.00621038
0.00623226
0.00625425
0.00627621
0.00629827
0.00632031
0.00634245
0.00636456
0.00638678
0.00640896
0.00643126
0.00645352
0.00647589
0.00649823
0.00652068
0.00654309
0.00656562
0.00658811
0.00661071
0.00663328
0.00665595
0.0066786
0.00670135
0.00672407
0.0067469
0.00676969
0.0067926
0.00681547
0.00683845
0.0068614
0.00688446
0.00690748
0.00693062
0.00695371
0.00697692
0.0070001
0.00702331
0.00704648
0.00706969
0.00709286
0.00711607
0.00713923
0.00716244
0.0071856
0.00720881
0.00723197
0.00725517
0.00727833
0.00730153
0.00732468
0.00734788
0.00737104
0.00739424
0.00741739
0.00744058
0.00746373
0.00748693
0.00751007
0.00753327
0.00755641
0.0075796
0.00760274
0.00762593
0.00764907
0.00767226
0.00769539
0.00771858
0.00774171
0.0077649
0.00778803
0.00781122
0.00783434
0.00785753
0.00788065
0.00790383
0.00792695
0.00795014
0.00797325
0.00799644
0.00801955
0.00804273
0.00806584
0.00808902
0.00811213
0.00813531
0.00815841
0.00818159
0.00820469
0.00822787
0.00825097
0.00827414
0.00829724
0.00832041
0.00834351
0.00836668
0.00838977
0.00841294
0.00843603
0.0084592
0.00848229
0.00850545
0.00852854
0.0085517
0.00857479
0.00859795
0.00862103
0.00864419
0.00866727
0.00869043
0.0087135
0.00873666
0.00875973
0.00878289
0.00880596
0.00882911
0.00885218
0.00887533
0.0088984
0.00892155
0.00894462
0.00896776
0.00899083
0.00901397
0.00903704
0.00906018
0.00908324
0.00910638
0.00912944
0.00915258
0.00917563
0.00919877
0.00922182
0.00924496
0.00926801
0.00929114
0.00931419
0.00933732
0.00936037
0.0093835
0.00940655
0.00942967
0.00945272
0.00947584
0.00949888
0.009522
0.00954505
0.00956816
0.0095912
0.00961432
0.00963736
0.00966047
0.00968351
0.00970662
0.00972965
0.00975276
0.0097758
0.0097989
0.00982194
0.00984504
0.00986807
0.00989117
0.0099142
0.0099373
0.00996033
0.00998342
0.0100064
0.0100295
0.0100526
0.0100757
0.0100987
0.0101218
0.0101448
0.0101679
0.0101909
0.010214
0.010237
0.0102601
0.0102831
0.0103062
0.0103292
0.0103523
0.0103753
0.0103984
0.0104214
0.0104444
0.0104674
0.0104905
0.0105135
0.0105366
0.0105596
0.0105827
0.0106057
0.0106287
0.0106517
0.0106748
0.0106978
0.0107209
0.0107439
0.0107669
0.0107899
0.010813
0.010836
0.010859
0.010882
0.010905
0.010928
0.0109511
0.0109741
0.0109971
0.0110201
0.0110432
0.0110662
0.0110892
0.0111122
0.0111352
0.0111582
0.0111812
0.0112042
0.0112272
0.0112502
0.0112732
0.0112962
0.0113193
0.0113422
0.0113653
0.0113882
0.0114113
0.0114342
0.0114572
0.0114802
0.0115032
0.0115262
0.0115492
0.0115722
0.0115952
0.0116182
0.0116412
0.0116642
0.0116872
0.0117101
0.0117331
0.0117561
0.0117791
0.0118021
0.0118251
0.011848
0.011871
0.011894
0.011917
0.01194
0.0119629
0.0119859
0.0120089
0.0120319
0.0120548
0.0120778
0.0121007
0.0121237
0.0121467
0.0121697
0.0121926
0.0122156
0.0122385
0.0122615
0.0122845
0.0123074
0.0123304
0.0123534
0.0123763
0.0123993
0.0124222
0.0124452
0.0124681
0.0124911
0.012514
0.012537
0.0125599
0.0125829
0.0126058
0.0126288
0.0126517
0.0126747
0.0126976
0.0127206
0.0127435
0.0127664
0.0127893
0.0128123
0.0128352
0.0128582
0.0128811
0.0129041
0.012927
0.0129499
0.0129728
0.0129958
0.0130187
0.0130416
0.0130645
0.0130875
0.0131104
0.0131333
0.0131562
0.0131792
0.0132021
0.013225
0.0132479
0.0132709
0.0132937
0.0133167
0.0133396
0.0133625
0.0133854
0.0134084
0.0134312
0.0134542
0.013477
0.0135
0.0135229
0.0135458
0.0135687
0.0135916
0.0136145
0.0136374
0.0136603
0.0136832
0.0137061
0.013729
0.0137519
0.0137748
0.0137977
0.0138206
0.0138435
0.0138664
0.0138892
0.0139122
0.013935
0.0139579
0.0139808
0.0140037
0.0140266
0.0140495
0.0140723
0.0140953
0.0141181
0.014141
0.0141639
0.0141868
0.0142096
0.0142325
0.0142554
0.0142783
0.0143011
0.014324
0.0143469
0.0143698
0.0143926
0.0144155
0.0144383
0.0144612
0.0144841
0.014507
0.0145298
0.0145527
0.0145755
0.0145984
0.0146212
0.0146441
0.014667
0.0146898
0.0147127
0.0147355
0.0147584
0.0147812
0.0148041
0.0148269
0.0148498
0.0148726
0.0148955
0.0149183
0.0149412
0.014964
0.0149869
0.0150097
0.0150325
0.0150554
0.0150782
0.0151011
0.0151239
0.0151467
0.0151696
0.0151924
0.0152152
0.0152381
0.0152609
0.0152837
0.0153066
0.0153294
0.0153522
0.015375
0.0153979
0.0154207
0.0154435
0.0154663
0.0154892
0.015512
0.0155348
0.0155576
0.0155805
0.0156033
0.0156261
0.0156489
0.0156717
0.0156945
0.0157173
0.0157401
0.015763
0.0157858
0.0158086
0.0158314
0.0158542
0.015877
0.0158998
0.0159226
0.0159454
0.0159682
0.015991
0.0160138
0.0160366
0.0160594
0.0160822
0.016105
0.0161278
0.0161506
0.0161734
0.0161961
0.016219
0.0162417
0.0162645
0.0162873
0.0163101
0.0163329
0.0163557
0.0163784
0.0164012
0.016424
0.0164468
0.0164695
0.0164924
0.0165151
0.0165379
0.0165607
0.0165835
0.0166062
0.016629
0.0166517
0.0166746
0.0166973
0.0167201
0.0167428
0.0167656
0.0167884
0.0168112
0.0168339
0.0168567
0.0168794
0.0169022
0.0169249
0.0169477
0.0169704
0.0169932
0.017016
0.0170388
0.0170615
0.0170843
0.017107
0.0171298
0.0171525
0.0171753
0.017198
0.0172208
0.0172435
0.0172662
0.0172889
0.0173117
0.0173344
0.0173572
0.0173799
0.0174027
0.0174254
0.0174482
0.0174709
0.0174936
0.0175163
0.0175391
0.0175618
0.0175846
0.0176073
0.01763
0.0176527
0.0176755
0.0176982
0.0177209
0.0177436
0.0177664
0.0177891
0.0178118
0.0178345
0.0178573
0.01788
0.0179027
0.0179254
0.0179481
0.0179708
0.0179935
0.0180162
0.018039
0.0180617
0.0180844
0.0181071
0.0181298
0.0181525
0.0181752
0.0181979
0.0182206
0.0182433
0.018266
0.0182887
0.0183114
0.0183341
0.0183568
0.0183795
0.0184022
0.0184249
0.0184476
0.0184703
0.018493
0.0185157
0.0185384
0.0185611
0.0185837
0.0186064
0.0186291
0.0186518
0.0186745
0.0186972
0.0187198
0.0187425
0.0187652
0.0187879
0.0188106
0.0188333
0.0188559
0.0188786
0.0189013
0.018924
0.0189466
0.0189693
0.0189919
0.0190147
0.0190373
0.01906
0.0190826
0.0191053
0.0191279
0.0191506
0.0191733
0.019196
0.0192186
0.0192413
0.0192639
0.0192866
0.0193092
0.0193319
0.0193545
0.0193772
0.0193998
0.0194225
0.0194451
0.0194678
0.0194904
0.0195131
0.0195357
0.0195584
0.019581
0.0196037
0.0196263
0.019649
0.0196716
0.0196943
0.0197169
0.0197396
0.0197622
0.0197848
0.0198074
0.0198301
0.0198527
0.0198754
0.019898
0.0199206
0.0199432
0.0199659
0.0199885
0.0200111
0.0200337
0.0200564
0.020079
0.0201016
0.0201242
0.0201469
0.0201695
0.0201921
0.0202147
0.0202373
0.0202599
0.0202826
0.0203052
0.0203278
0.0203504
0.020373
0.0203956
0.0204182
0.0204408
0.0204635
0.0204861
0.0205087
0.0205313
0.0205539
0.0205765
0.0205991
0.0206217
0.0206443
0.0206669
0.0206895
0.0207121
0.0207347
0.0207572
0.0207797
0.0208021
0.0208246
0.0208469
0.0208693
0.0208916
0.0209138
0.020936
0.0209582
0.0209804
0.0210024
0.0210245
0.0210465
0.0210685
0.0210904
0.0211123
0.0211342
0.021156
0.0211778
0.0211995
0.0212212
0.0212429
0.0212645
0.0212861
0.0213076
0.0213291
0.0213505
0.021372
0.0213933
0.0214147
0.021436
0.0214573
0.0214784
0.0214997
0.0215207
0.0215419
0.0215629
0.021584
0.0216049
0.0216259
0.0216467
0.0216677
0.0216884
0.0217093
0.0217299
0.0217507
0.0217713
0.021792
0.0218125
0.0218331
0.0218535
0.021874
0.0218944
0.0219148
0.0219351
0.0219555
0.0219757
0.021996
0.0220161
0.0220363
0.0220563
0.0220765
0.0220964
0.0221165
0.0221363
0.0221563
0.0221761
0.022196
0.0222157
0.0222355
0.0222551
0.0222749
0.0222944
0.0223141
0.0223336
0.0223531
0.0223725
0.022392
0.0224113
0.0224307
0.02245
0.0224693
0.0224885
0.0225077
0.0225268
0.022546
0.022565
0.0225841
0.022603
0.022622
0.0226409
0.0226598
0.0226786
0.0226974
0.0227161
0.0227348
0.0227535
0.0227721
0.0227907
0.0228093
0.0228278
0.0228462
0.0228647
0.0228831
0.0229014
0.0229197
0.022938
0.0229562
0.0229744
0.0229926
0.0230107
0.0230287
0.0230468
0.0230648
0.0230827
0.0231006
0.0231185
0.0231363
0.0231542
0.0231719
0.0231896
0.0232073
0.023225
0.0232425
0.0232601
0.0232776
0.0232951
0.0233125
0.02333
0.0233473
0.0233646
0.0233819
0.0233992
0.0234163
0.0234335
0.0234506
0.0234677
0.0234847
0.0235018
0.0235187
0.0235357
0.0235525
0.0235694
0.0235861
0.023603
0.0236196
0.0236364
0.0236529
0.0236696
0.0236861
0.0237027
0.0237191
0.0237356
0.023752
0.0237684
0.0237847
0.023801
0.0238172
0.0238335
0.0238496
0.0238658
0.0238818
0.023898
0.0239139
0.0239299
0.0239458
0.0239618
0.0239776
0.0239934
0.0240091
0.0240249
0.0240406
0.0240563
0.0240719
0.0240875
0.024103
0.0241185
0.0241339
0.0241494
0.0241647
0.0241801
0.0241954
0.0242107
0.0242259
0.0242411
0.0242562
0.0242713
0.0242864
0.0243014
0.0243164
0.0243313
0.0243462
0.0243611
0.0243759
0.0243907
0.0244055
0.0244202
0.0244349
0.0244495
0.0244641
0.0244786
0.0244931
0.0245076
0.0245221
0.0245364
0.0245508
0.0245651
0.0245794
0.0245936
0.0246078
0.0246219
0.0246361
0.0246501
0.0246642
0.0246782
0.0246922
0.024706
0.02472
0.0247338
0.0247476
0.0247613
0.0247751
0.0247887
0.0248024
0.024816
0.0248296
0.0248431
0.0248566
0.02487
0.0248835
0.0248968
0.0249102
0.0249234
0.0249367
0.0249498
0.0249631
0.0249761
0.0249893
0.0250023
0.0250154
0.0250283
0.0250413
0.0250541
0.025067
0.0250798
0.0250926
0.0251053
0.0251181
0.0251307
0.0251433
0.0251559
0.0251685
0.0251809
0.0251934
0.0252058
0.0252182
0.0252305
0.0252429
0.0252551
0.0252674
0.0252795
0.0252917
0.0253038
0.0253159
0.0253278
0.0253399
0.0253518
0.0253637
0.0253756
0.0253874
0.0253992
0.025411
0.0254227
0.0254344
0.025446
0.0254576
0.0254691
0.0254807
0.0254921
0.0255036
0.025515
0.0255263
0.0255377
0.0255489
0.0255602
0.0255714
0.0255826
0.0255937
0.0256048
0.0256158
0.0256268
0.0256378
0.0256487
0.0256596
0.0256705
0.0256812
0.025692
0.0257027
0.0257135
0.0257241
0.0257347
0.0257453
0.0257558
0.0257663
0.0257768
0.0257872
0.0257976
0.0258079
0.0258182
0.0258284
0.0258387
0.0258488
0.025859
0.0258691
0.0258792
0.0258892
0.0258992
0.0259091
0.0259191
0.0259289
0.0259388
0.0259485
0.0259583
0.0259679
0.0259777
0.0259872
0.0259969
0.0260064
0.026016
0.0260254
0.0260349
0.0260442
0.0260536
0.0260629
0.0260722
0.0260814
0.0260907
0.0260998
0.0261089
0.026118
0.0261271
0.026136
0.026145
0.0261539
0.0261628
0.0261716
0.0261805
0.0261892
0.026198
0.0262066
0.0262153
0.0262239
0.0262325
0.026241
0.0262495
0.026258
0.0262664
0.0262748
0.0262831
0.0262914
0.0262997
0.0263079
0.0263161
0.0263242
0.0263323
0.0263404
0.0263484
0.0263564
0.0263643
0.0263722
0.0263801
0.0263879
0.0263957
0.0264035
0.0264111
0.0264189
0.0264264
0.0264341
0.0264416
0.0264492
0.0264566
0.0264641
0.0264714
0.0264788
0.0264861
0.0264934
0.0265006
0.0265079
0.026515
0.0265221
0.0265292
0.0265363
0.0265432
0.0265502
0.0265571
0.0265641
0.0265708
0.0265777
0.0265844
0.0265912
0.0265978
0.0266046
0.0266111
0.0266177
0.0266242
0.0266308
0.0266372
0.0266436
0.0266499
0.0266564
0.0266626
0.0266689
0.0266751
0.0266813
0.0266874
0.0266936
0.0266996
0.0267056
0.0267116
0.0267176
0.0267234
0.0267294
0.0267351
0.026741
0.0267467
0.0267524
0.0267581
0.0267637
0.0267693
0.0267749
0.0267804
0.0267859
0.0267913
0.0267967
0.0268021
0.0268074
0.0268127
0.0268179
0.0268231
0.0268283
0.0268334
0.0268385
0.0268435
0.0268485
0.0268535
0.0268584
0.0268633
0.0268682
0.026873
0.0268778
0.0268825
0.0268872
0.0268919
0.0268964
0.0269011
0.0269056
0.0269101
0.0269145
0.026919
0.0269233
0.0269277
0.026932
0.0269363
0.0269405
0.0269447
0.0269488
0.026953
0.026957
0.0269611
0.026965
0.026969
0.0269728
0.0269768
0.0269805
0.0269844
0.0269881
0.0269919
0.0269955
0.0269992
0.0270027
0.0270064
0.0270098
0.0270134
0.0270167
0.0270202
0.0270235
0.0270269
0.0270301
0.0270334
0.0270366
0.0270398
0.0270429
0.027046
0.027049
0.0270521
0.027055
0.027058
0.0270608
0.0270638
0.0270665
0.0270694
0.027072
0.0270748
0.0270774
0.0270801
0.0270826
0.0270852
0.0270877
0.0270902
0.0270926
0.027095
0.0270973
0.0270996
0.0271019
0.0271041
0.0271063
0.0271085
0.0271106
0.0271127
0.0271147
0.0271167
0.0271187
0.0271206
0.0271225
0.0271243
0.0271261
0.0271278
0.0271296
0.0271312
0.0271329
0.0271345
0.0271361
0.0271376
0.0271391
0.0271405
0.027142
0.0271433
0.0271447
0.0271459
0.0271472
0.0271484
0.0271496
0.0271507
0.0271519
0.0271528
0.0271539
0.0271548
0.0271559
0.0271567
0.0271576
0.0271584
0.0271592
0.0271599
0.0271607
0.0271613
0.027162
0.0271625
0.0271631
0.0271636
0.0271641
0.0271645
0.0271649
0.0271652
0.0271656
0.0271658
0.0271661
0.0271662
0.0271665
0.0271665
0.0271667
0.0271667
0.0271667
0.0271666
0.0271666
0.0271664
0.0271663
0.0271661
0.0271659
0.0271656
0.0271653
0.0271649
0.0271646
0.0271641
0.0271637
0.0271632
0.0271626
0.027162
0.0271614
0.0271608
0.0271601
0.0271593
0.0271585
0.0271577
0.0271569
0.027156
0.027155
0.0271541
0.027153
0.027152
0.027151
0.0271499
0.0271489
0.0271479
0.0271468
0.0271458
0.0271448
0.0271438
0.0271427
0.0271417
0.0271406
0.0271396
0.0271385
0.0271376
0.0271365
0.0271355
0.0271344
0.0271334
0.0271323
0.0271314
0.0271303
0.0271293
0.0271282
0.0271273
0.0271261
0.0271252
0.0271241
0.0271231
0.027122
0.0271211
0.0271199
0.027119
0.0271179
0.0271169
0.0271158
0.0271149
0.0271137
0.0271128
0.0271117
0.0271107
0.0271096
0.0271087
0.0271075
0.0271066
0.0271055
0.0271045
0.0271034
0.0271025
0.0271013
0.0271004
0.0270993
0.0270983
0.0270972
0.0270962
0.0270951
0.0270942
0.0270931
0.0270921
0.027091
0.02709
0.0270889
0.027088
0.0270869
0.0270859
0.0270848
0.0270838
0.0270827
0.0270818
0.0270807
0.0270797
0.0270786
0.0270776
0.0270766
0.0270755
0.0270745
0.0270735
0.0270724
0.0270714
0.0270704
0.0270693
0.0270683
0.0270673
0.0270662
0.0270652
0.0270642
0.0270631
0.0270621
0.027061
0.0270601
0.027059
0.027058
0.0270569
0.0270559
0.0270548
0.0270539
0.0270528
0.0270518
0.0270507
0.0270497
0.0270486
0.0270477
0.0270465
0.0270456
0.0270445
0.0270435
0.0270424
0.0270415
0.0270403
0.0270394
0.0270383
0.0270373
0.0270362
0.0270353
0.0270341
0.0270332
0.0270321
0.0270311
0.02703
0.0270291
0.0270279
0.027027
0.0270259
0.0270249
0.0270238
0.0270229
0.0270217
0.0270208
0.0270197
0.0270187
0.0270176
0.0270167
0.0270155
0.0270146
0.0270135
0.0270125
0.0270114
0.0270104
0.0270093
0.0270084
0.0270073
0.0270063
0.0270052
0.0270042
0.0270031
0.0270022
0.0270011
0.0270001
0.026999
0.026998
0.026997
0.0269959
0.0269949
0.0269939
0.0269928
0.0269918
0.0269908
0.0269897
0.0269887
0.0269876
0.0269866
0.0269856
0.0269846
0.0269835
0.0269825
0.0269814
0.0269804
0.0269794
0.0269784
0.0269773
0.0269763
0.0269752
0.0269743
0.0269731
0.0269722
0.0269711
0.0269701
0.026969
0.0269681
0.0269669
0.026966
0.0269649
0.0269639
0.0269628
0.0269619
0.0269607
0.0269598
0.0269586
0.0269577
0.0269566
0.0269557
0.0269545
0.0269536
0.0269524
0.0269515
0.0269504
0.0269494
0.0269483
0.0269474
0.0269462
0.0269453
0.0269442
0.0269432
0.0269421
0.0269412
0.02694
0.0269391
0.026938
0.026937
0.0269359
0.026935
0.0269338
0.0269329
0.0269318
0.0269308
0.0269297
0.0269287
0.0269276
0.0269267
0.0269256
0.0269246
0.0269235
0.0269225
0.0269215
0.0269204
0.0269194
0.0269184
0.0269173
0.0269163
0.0269153
0.0269142
0.0269132
0.0269121
0.0269111
0.0269101
0.0269091
0.026908
0.026907
0.0269059
0.0269049
0.0269039
0.0269029
0.0269018
0.0269008
0.0268997
0.0268987
0.0268976
0.0268967
0.0268956
0.0268946
0.0268935
0.0268925
0.0268914
0.0268905
0.0268894
0.0268884
0.0268873
0.0268863
0.0268852
0.0268843
0.0268831
0.0268822
0.0268811
0.0268801
0.026879
0.0268781
0.0268769
0.026876
0.0268749
0.0268739
0.0268728
0.0268719
0.0268707
0.0268698
0.0268687
0.0268677
0.0268666
0.0268656
0.0268645
0.0268636
0.0268624
0.0268615
0.0268604
0.0268594
0.0268583
0.0268574
0.0268562
0.0268553
0.0268542
0.0268532
0.0268521
0.0268511
0.0268501
0.0268491
0.026848
0.026847
0.0268459
0.0268449
0.0268439
0.0268428
0.0268418
0.0268408
0.0268397
0.0268387
0.0268377
0.0268366
0.0268356
0.0268346
0.0268335
0.0268325
0.0268315
0.0268304
0.0268294
0.0268283
0.0268273
0.0268263
0.0268253
0.0268242
0.0268232
0.0268221
0.0268211
0.02682
0.0268191
0.026818
0.026817
0.0268159
0.0268149
0.0268138
0.0268129
0.0268117
0.0268108
0.0268097
0.0268087
0.0268076
0.0268067
0.0268055
0.0268046
0.0268035
0.0268025
0.0268014
0.0268005
0.0267993
0.0267984
0.0267972
0.0267963
0.0267952
0.0267942
0.0267931
0.0267922
0.026791
0.0267901
0.026789
0.026788
0.0267869
0.026786
0.0267848
0.0267839
0.0267828
0.0267818
0.0267807
0.0267797
0.0267786
0.0267777
0.0267766
0.0267756
0.0267745
0.0267735
0.0267724
0.0267714
0.0267704
0.0267694
0.0267683
0.0267673
0.0267662
0.0267652
0.0267642
0.0267632
0.0267621
0.0267611
0.02676
0.026759
0.026758
0.0267569
0.0267559
0.0267549
0.0267538
0.0267528
0.0267518
0.0267507
0.0267497
0.0267486
0.0267476
0.0267466
0.0267456
0.0267445
0.0267435
0.0267424
0.0267414
0.0267403
0.0267394
0.0267383
0.0267373
0.0267362
0.0267352
0.0267341
0.0267332
0.026732
0.0267311
0.02673
0.026729
0.0267279
0.026727
0.0267258
0.0267249
0.0267237
0.0267228
0.0267217
0.0267207
0.0267196
0.0267187
0.0267175
0.0267166
0.0267155
0.0267145
0.0267134
0.0267125
0.0267113
0.0267104
0.0267093
0.0267083
0.0267072
0.0267062
0.0267051
0.0267042
0.026703
0.0267021
0.026701
0.0267
0.0266989
0.0266979
0.0266968
0.0266959
0.0266948
0.0266938
0.0266927
0.0266917
0.0266906
0.0266896
0.0266886
0.0266876
0.0266865
0.0266855
0.0266844
0.0266834
0.0266824
0.0266813
0.0266803
0.0266793
0.0266782
0.0266772
0.0266762
0.0266751
0.0266741
0.026673
0.026672
0.026671
0.02667
0.0266689
0.0266679
0.0266668
0.0266658
0.0266647
0.0266638
0.0266627
0.0266617
0.0266606
0.0266596
0.0266585
0.0266576
0.0266564
0.0266555
0.0266544
0.0266534
0.0266523
0.0266514
0.0266502
0.0266493
0.0266481
0.0266472
0.0266461
0.0266451
0.026644
0.0266431
0.0266419
0.026641
0.0266399
0.0266389
0.0266378
0.0266369
0.0266357
0.0266348
0.0266336
0.0266327
0.0266316
0.0266306
0.0266295
0.0266286
0.0266274
0.0266265
0.0266254
0.0266244
0.0266233
0.0266223
0.0266212
0.0266203
0.0266192
0.0266182
0.0266171
0.0266161
0.026615
0.026614
0.026613
0.026612
0.0266109
0.0266099
0.0266088
0.0266078
0.0266068
0.0266057
0.0266047
0.0266037
0.0266026
0.0266016
0.0266005
0.0265995
0.0265985
0.0265974
0.0265964
0.0265954
0.0265943
0.0265933
0.0265923
0.0265912
0.0265902
0.0265891
0.0265881
0.026587
0.0265861
0.026585
0.026584
0.0265829
0.0265819
0.0265808
0.0265799
0.0265787
0.0265778
0.0265767
0.0265757
0.0265746
0.0265737
0.0265725
0.0265716
0.0265704
0.0265695
0.0265684
0.0265674
0.0265663
0.0265654
0.0265642
0.0265633
0.0265622
0.0265612
0.0265601
0.0265592
0.026558
0.0265571
0.0265559
0.026555
0.0265539
0.0265529
0.0265518
0.0265509
0.0265497
0.0265488
0.0265477
0.0265467
0.0265456
0.0265446
0.0265435
0.0265426
0.0265414
0.0265405
0.0265394
0.0265384
0.0265373
0.0265363
0.0265352
0.0265343
0.0265332
0.0265322
0.0265311
0.0265301
0.026529
0.026528
0.026527
0.0265259
0.0265249
0.0265239
0.0265228
0.0265218
0.0265208
0.0265197
0.0265187
0.0265176
0.0265166
0.0265156
0.0265146
0.0265135
0.0265125
0.0265114
0.0265104
0.0265093
0.0265083
0.0265072
0.0265063
0.0265052
0.0265042
0.0265031
0.0265021
0.026501
0.0265001
0.0264989
0.026498
0.0264969
0.0264959
0.0264948
0.0264939
0.0264927
0.0264918
0.0264906
0.0264897
0.0264886
0.0264876
0.0264865
0.0264856
0.0264844
0.0264835
0.0264824
0.0264814
0.0264803
0.0264793
0.0264782
0.0264773
0.0264761
0.0264752
0.0264741
0.0264731
0.026472
0.026471
0.0264699
0.026469
0.0264678
0.0264669
0.0264658
0.0264648
0.0264637
0.0264627
0.0264616
0.0264607
0.0264596
0.0264586
0.0264575
0.0264565
0.0264554
0.0264544
0.0264534
0.0264524
0.0264513
0.0264503
0.0264492
0.0264482
0.0264472
0.0264461
0.0264451
0.026444
0.026443
0.026442
0.0264409
0.0264399
0.0264389
0.0264378
0.0264368
0.0264357
0.0264347
0.0264337
0.0264327
0.0264316
0.0264306
0.0264295
0.0264285
0.0264274
0.0264265
0.0264253
0.0264244
0.0264233
0.0264223
0.0264212
0.0264202
0.0264191
0.0264182
0.026417
0.0264161
0.026415
0.026414
0.0264129
0.026412
0.0264108
0.0264099
0.0264087
0.0264078
0.0264067
0.0264057
0.0264046
0.0264037
0.0264025
0.0264016
0.0264004
0.0263995
0.0263984
0.0263974
0.0263963
0.0263954
0.0263942
0.0263933
0.0263922
0.0263912
0.0263901
0.0263891
0.026388
0.026387
0.0263859
0.026385
0.0263839
0.0263829
0.0263818
0.0263808
0.0263797
0.0263787
0.0263777
0.0263767
0.0263756
0.0263746
0.0263735
0.0263725
0.0263714
0.0263704
0.0263694
0.0263683
0.0263673
0.0263663
0.0263652
0.0263642
0.0263632
0.0263621
0.0263611
0.02636
0.026359
0.0263579
0.026357
0.0263559
0.0263549
0.0263538
0.0263528
0.0263517
0.0263507
0.0263496
0.0263487
0.0263476
0.0263466
0.0263455
0.0263445
0.0263434
0.0263425
0.0263413
0.0263404
0.0263392
0.0263383
0.0263372
0.0263362
0.0263351
0.0263342
0.026333
0.0263321
0.0263309
0.02633
0.0263289
0.0263279
0.0263268
0.0263259
0.0263247
0.0263238
0.0263226
0.0263217
0.0263206
0.0263196
0.0263185
0.0263176
0.0263164
0.0263155
0.0263144
0.0263134
0.0263123
0.0263113
0.0263102
0.0263092
0.0263081
0.0263072
0.0263061
0.0263051
0.026304
0.026303
0.0263019
0.0263009
0.0262999
0.0262989
0.0262978
0.0262968
0.0262957
0.0262947
0.0262936
0.0262926
0.0262916
0.0262905
0.0262895
0.0262885
0.0262874
0.0262864
0.0262854
0.0262843
0.0262833
0.0262822
0.0262812
0.0262801
0.0262791
0.0262781
0.0262771
0.026276
0.026275
0.0262739
0.0262729
0.0262718
0.0262709
0.0262697
0.0262688
0.0262677
0.0262667
0.0262656
0.0262646
0.0262635
0.0262626
0.0262614
0.0262605
0.0262594
0.0262584
0.0262573
0.0262563
0.0262552
0.0262543
0.0262531
0.0262522
0.026251
0.0262501
0.026249
0.026248
0.0262469
0.026246
0.0262448
0.0262439
0.0262427
0.0262418
0.0262407
0.0262397
0.0262386
0.0262377
0.0262365
0.0262356
0.0262345
0.0262335
0.0262324
0.0262314
0.0262303
0.0262293
0.0262282
0.0262273
0.0262262
0.0262252
0.0262241
0.0262231
0.026222
0.026221
0.0262199
0.0262189
0.0262179
0.0262169
0.0262158
0.0262148
0.0262137
0.0262127
0.0262117
0.0262106
0.0262096
0.0262085
0.0262075
0.0262065
0.0262054
0.0262044
0.0262034
0.0262023
0.0262013
0.0262002
0.0261992
0.0261981
0.0261972
0.0261961
0.0261951
0.026194
0.026193
0.0261919
0.0261909
0.0261898
0.0261889
0.0261877
0.0261868
0.0261857
0.0261847
0.0261836
0.0261826
0.0261815
0.0261806
0.0261794
0.0261785
0.0261773
0.0261764
0.0261753
0.0261743
0.0261732
0.0261723
0.0261711
0.0261702
0.026169
0.0261681
0.026167
0.026166
0.0261649
0.026164
0.0261628
0.0261619
0.0261607
0.0261598
0.0261587
0.0261577
0.0261566
0.0261556
0.0261545
0.0261536
0.0261524
0.0261515
0.0261504
0.0261494
0.0261483
0.0261473
0.0261462
0.0261452
0.0261442
0.0261432
0.0261421
0.0261411
0.02614
0.026139
0.0261379
0.0261369
0.0261359
0.0261348
0.0261338
0.0261328
0.0261317
0.0261307
0.0261297
0.0261286
0.0261276
0.0261265
0.0261255
0.0261244
0.0261234
0.0261223
0.0261214
0.0261203
0.0261193
0.0261182
0.0261172
0.0261161
0.0261151
0.026114
0.0261131
0.0261119
0.026111
0.0261099
0.0261089
0.0261078
0.0261068
0.0261057
0.0261048
0.0261036
0.0261027
0.0261015
0.0261006
0.0260995
0.0260985
0.0260974
0.0260965
0.0260953
0.0260944
0.0260932
0.0260923
0.0260912
0.0260902
0.0260891
0.0260881
0.026087
0.0260861
0.0260849
0.026084
0.0260829
0.0260819
0.0260808
0.0260798
0.0260787
0.0260778
0.0260766
0.0260757
0.0260746
0.0260736
0.0260725
0.0260715
0.0260704
0.0260694
0.0260683
0.0260673
0.0260663
0.0260653
0.0260642
0.0260632
0.0260621
0.0260611
0.02606
0.026059
0.026058
0.0260569
0.0260559
0.0260549
0.0260538
0.0260528
0.0260518
0.0260507
0.0260497
0.0260486
0.0260476
0.0260465
0.0260455
0.0260444
0.0260435
0.0260424
0.0260414
0.0260403
0.0260393
0.0260382
0.0260372
0.0260361
0.0260352
0.026034
0.0260331
0.026032
0.026031
0.0260299
0.0260289
0.0260278
0.0260269
0.0260257
0.0260248
0.0260236
0.0260227
0.0260216
0.0260206
0.0260195
0.0260186
0.0260174
0.0260165
0.0260153
0.0260144
0.0260132
0.0260123
0.0260112
0.0260102
0.0260091
0.0260082
0.026007
0.0260061
0.0260049
0.026004
0.0260029
0.0260019
0.0260008
0.0259998
0.0259987
0.0259978
0.0259966
0.0259957
0.0259946
0.0259936
0.0259925
0.0259915
0.0259904
0.0259894
0.0259883
0.0259873
0.0259863
0.0259853
0.0259842
0.0259832
0.0259821
0.0259811
0.02598
0.025979
0.025978
0.0259769
0.0259759
0.0259748
0.0259738
0.0259728
0.0259718
0.0259707
0.0259697
0.0259686
0.0259676
0.0259665
0.0259655
0.0259644
0.0259635
0.0259623
0.0259614
0.0259603
0.0259593
0.0259582
0.0259572
0.0259561
0.0259552
0.025954
0.0259531
0.0259519
0.025951
0.0259499
0.0259489
0.0259478
0.0259468
0.0259457
0.0259448
0.0259436
0.0259427
0.0259415
0.0259406
0.0259395
0.0259385
0.0259374
0.0259365
0.0259353
0.0259344
0.0259332
0.0259323
0.0259312
0.0259302
0.0259291
0.0259281
0.025927
0.025926
0.0259249
0.025924
0.0259228
0.0259219
0.0259208
0.0259198
0.0259187
0.0259177
0.0259166
0.0259156
0.0259145
0.0259136
0.0259125
0.0259115
0.0259104
0.0259094
0.0259083
0.0259073
0.0259062
0.0259052
0.0259042
0.0259031
0.0259021
0.0259011
0.0259
0.025899
0.0258979
0.0258969
0.0258959
0.0258948
0.0258938
0.0258927
0.0258917
0.0258906
0.0258896
0.0258885
0.0258876
0.0258865
0.0258855
0.0258844
0.0258834
0.0258823
0.0258813
0.0258802
0.0258793
0.0258781
0.0258772
0.0258761
0.0258751
0.025874
0.025873
0.0258719
0.025871
0.0258698
0.0258689
0.0258677
0.0258668
0.0258657
0.0258647
0.0258636
0.0258626
0.0258615
0.0258606
0.0258594
0.0258585
0.0258573
0.0258564
0.0258553
0.0258543
0.0258532
0.0258522
0.0258511
0.0258502
0.025849
0.0258481
0.0258469
0.025846
0.0258449
0.0258439
0.0258428
0.0258418
0.0258407
0.0258397
0.0258386
0.0258377
0.0258366
0.0258356
0.0258345
0.0258335
0.0258324
0.0258314
0.0258303
0.0258293
0.0258283
0.0258272
0.0258262
0.0258251
0.0258241
0.0258231
0.025822
0.025821
0.02582
0.0258189
0.0258179
0.0258168
0.0258158
0.0258147
0.0258137
0.0258126
0.0258117
0.0258106
0.0258096
0.0258085
0.0258075
0.0258064
0.0258054
0.0258043
0.0258034
0.0258022
0.0258013
0.0258001
0.0257992
0.0257981
0.0257971
0.025796
0.025795
0.0257939
0.025793
0.0257918
0.0257909
0.0257897
0.0257888
0.0257877
0.0257867
0.0257856
0.0257846
0.0257835
0.0257826
0.0257814
0.0257805
0.0257793
0.0257784
0.0257773
0.0257763
0.0257752
0.0257742
0.0257731
0.0257721
0.025771
0.0257701
0.0257689
0.025768
0.0257669
0.0257659
0.0257648
0.0257638
0.0257627
0.0257617
0.0257606
0.0257596
0.0257586
0.0257576
0.0257565
0.0257555
0.0257544
0.0257534
0.0257523
0.0257513
0.0257503
0.0257492
0.0257482
0.0257471
0.0257461
0.025745
0.025744
0.025743
0.0257419
0.0257409
0.0257399
0.0257388
0.0257378
0.0257367
0.0257357
0.0257346
0.0257336
0.0257325
0.0257316
0.0257305
0.0257295
0.0257284
0.0257274
0.0257263
0.0257253
0.0257242
0.0257233
0.0257221
0.0257212
0.02572
0.0257191
0.025718
0.025717
0.0257159
0.0257149
0.0257138
0.0257129
0.0257117
0.0257108
0.0257096
0.0257087
0.0257075
0.0257066
0.0257055
0.0257045
0.0257034
0.0257024
0.0257013
0.0257004
0.0256992
0.0256983
0.0256971
0.0256962
0.0256951
0.0256941
0.025693
0.025692
0.0256909
0.0256899
0.0256888
0.0256879
0.0256868
0.0256858
0.0256847
0.0256837
0.0256826
0.0256816
0.0256805
0.0256795
0.0256784
0.0256774
0.0256764
0.0256753
0.0256743
0.0256733
0.0256722
0.0256712
0.0256701
0.0256691
0.0256681
0.025667
0.025666
0.0256649
0.0256639
0.0256628
0.0256618
0.0256607
0.0256597
0.0256587
0.0256577
0.0256566
0.0256556
0.0256545
0.0256535
0.0256524
0.0256514
0.0256503
0.0256494
0.0256482
0.0256473
0.0256461
0.0256452
0.0256441
0.0256431
0.025642
0.025641
0.0256399
0.025639
0.0256378
0.0256369
0.0256357
0.0256348
0.0256336
0.0256327
0.0256316
0.0256306
0.0256295
0.0256285
0.0256274
0.0256265
0.0256253
0.0256244
0.0256232
0.0256223
0.0256212
0.0256202
0.0256191
0.0256181
0.025617
0.025616
0.0256149
0.025614
0.0256128
0.0256119
0.0256108
0.0256098
0.0256087
0.0256077
0.0256066
0.0256056
0.0256045
0.0256035
0.0256025
0.0256014
0.0256004
0.0255994
0.0255983
0.0255973
0.0255962
0.0255952
0.0255941
0.0255931
0.0255921
0.025591
0.02559
0.0255889
0.0255879
0.0255868
0.0255858
0.0255847
0.0255838
0.0255827
0.0255817
0.0255806
0.0255796
0.0255785
0.0255775
0.0255764
0.0255754
0.0255743
0.0255734
0.0255722
0.0255713
0.0255701
0.0255692
0.0255681
0.0255671
0.025566
0.025565
0.0255639
0.025563
0.0255618
0.0255609
0.0255597
0.0255588
0.0255576
0.0255567
0.0255556
0.0255546
0.0255535
0.0255525
0.0255514
0.0255505
0.0255493
0.0255484
0.0255472
0.0255463
0.0255452
0.0255442
0.0255431
0.0255421
0.025541
0.02554
0.0255389
0.0255379
0.0255368
0.0255359
0.0255348
0.0255338
0.0255327
0.0255317
0.0255306
0.0255296
0.0255285
0.0255275
0.0255264
0.0255254
0.0255244
0.0255233
0.0255223
0.0255213
0.0255202
0.0255192
0.0255181
0.0255171
0.025516
0.025515
0.025514
0.0255129
0.0255119
0.0255108
0.0255098
0.0255087
0.0255077
0.0255066
0.0255056
0.0255046
0.0255036
0.0255025
0.0255015
0.0255004
0.0254994
0.0254983
0.0254973
0.0254962
0.0254952
0.0254941
0.0254932
0.025492
0.0254911
0.0254899
0.025489
0.0254879
0.0254869
0.0254858
0.0254848
0.0254837
0.0254828
0.0254816
0.0254807
0.0254795
0.0254786
0.0254774
0.0254765
0.0254754
0.0254744
0.0254733
0.0254723
0.0254712
0.0254703
0.0254691
0.0254682
0.025467
0.0254661
0.025465
0.025464
0.0254629
0.0254619
0.0254608
0.0254598
0.0254587
0.0254577
0.0254566
0.0254556
0.0254545
0.0254536
0.0254525
0.0254515
0.0254504
0.0254494
0.0254483
0.0254473
0.0254462
0.0254452
0.0254442
0.0254431
0.0254421
0.025441
0.02544
0.0254389
0.0254379
0.0254369
0.0254358
0.0254348
0.0254338
0.0254327
0.0254317
0.0254306
0.0254296
0.0254285
0.0254275
0.0254264
0.0254254
0.0254243
0.0254234
0.0254222
0.0254213
0.0254201
0.0254192
0.0254181
0.0254171
0.025416
0.025415
0.0254139
0.0254129
0.0254118
0.0254109
0.0254097
0.0254088
0.0254076
0.0254067
0.0254055
0.0254046
0.0254035
0.0254025
0.0254014
0.0254004
0.0253993
0.0253984
0.0253972
0.0253963
0.0253951
0.0253942
0.025393
0.0253921
0.025391
0.02539
0.0253889
0.0253879
0.0253868
0.0253858
0.0253847
0.0253838
0.0253826
0.0253817
0.0253806
0.0253796
0.0253785
0.0253775
0.0253764
0.0253754
0.0253743
0.0253733
0.0253722
0.0253712
0.0253702
0.0253691
0.0253681
0.025367
0.025366
0.025365
0.0253639
0.0253629
0.0253618
0.0253608
0.0253598
0.0253587
0.0253577
0.0253566
0.0253556
0.0253545
0.0253535
0.0253524
0.0253514
0.0253503
0.0253494
0.0253482
0.0253473
0.0253462
0.0253452
0.0253441
0.0253431
0.025342
0.025341
0.0253399
0.0253389
0.0253378
0.0253369
0.0253357
0.0253348
0.0253336
0.0253327
0.0253315
0.0253306
0.0253295
0.0253285
0.0253274
0.0253264
0.0253253
0.0253244
0.0253232
0.0253223
0.0253211
0.0253202
0.025319
0.0253181
0.025317
0.025316
0.0253149
0.0253139
0.0253128
0.0253118
0.0253107
0.0253097
0.0253086
0.0253077
0.0253065
0.0253056
0.0253045
0.0253035
0.0253024
0.0253014
0.0253003
0.0252993
0.0252982
0.0252972
0.0252961
0.0252951
0.0252941
0.025293
0.025292
0.0252909
0.0252899
0.0252888
0.0252878
0.0252868
0.0252857
0.0252847
0.0252836
