0
-1.30208e-07
-2.60417e-07
-5.20833e-07
-7.8125e-07
-1.17188e-06
-1.5625e-06
-2.08333e-06
-2.60417e-06
-3.25521e-06
-3.90625e-06
-4.6875e-06
-5.46875e-06
-6.38021e-06
-7.29167e-06
-8.33334e-06
-9.37501e-06
-1.05469e-05
-1.17188e-05
-1.30209e-05
-1.43229e-05
-1.57552e-05
-1.71875e-05
-1.875e-05
-2.03126e-05
-2.20053e-05
-2.3698e-05
-2.55209e-05
-2.73438e-05
-2.9297e-05
-3.12501e-05
-3.33335e-05
-3.54168e-05
-3.76304e-05
-3.9844e-05
-4.21877e-05
-4.45315e-05
-4.70055e-05
-4.94795e-05
-5.20837e-05
-5.46879e-05
-5.74223e-05
-6.01567e-05
-6.30213e-05
-6.5886e-05
-6.88808e-05
-7.18756e-05
-7.50007e-05
-7.81258e-05
-8.1381e-05
-8.46363e-05
-8.80218e-05
-9.14073e-05
-9.4923e-05
-9.84387e-05
-0.000102085
-0.000105731
-0.000109507
-0.000113283
-0.000117189
-0.000121096
-0.000125132
-0.000129169
-0.000133336
-0.000137502
-0.000141799
-0.000146096
-0.000150524
-0.000154951
-0.000159508
-0.000164066
-0.000168753
-0.000173441
-0.000178259
-0.000183077
-0.000188025
-0.000192973
-0.000198052
-0.00020313
-0.000208339
-0.000213547
-0.000218886
-0.000224225
-0.000229694
-0.000235163
-0.000240762
-0.000246361
-0.000252091
-0.00025782
-0.00026368
-0.00026954
-0.00027553
-0.00028152
-0.00028764
-0.00029376
-0.000300011
-0.000306261
-0.000312642
-0.000319022
-0.000325534
-0.000332044
-0.000338686
-0.000345327
-0.000352098
-0.000358869
-0.000365771
-0.000372673
-0.000379705
-0.000386736
-0.000393899
-0.000401061
-0.000408353
-0.000415645
-0.000423068
-0.000430491
-0.000438044
-0.000445596
-0.00045328
-0.000460963
-0.000468776
-0.000476589
-0.000484533
-0.000492476
-0.000500551
-0.000508624
-0.000516829
-0.000525032
-0.000533367
-0.000541701
-0.000550166
-0.00055863
-0.000567226
-0.00057582
-0.000584546
-0.000593271
-0.000602126
-0.000610981
-0.000619968
-0.000628953
-0.000638069
-0.000647185
-0.000656431
-0.000665677
-0.000675054
-0.00068443
-0.000693937
-0.000703443
-0.000713081
-0.000722718
-0.000732485
-0.000742252
-0.00075215
-0.000762047
-0.000772076
-0.000782103
-0.000792262
-0.000802419
-0.000812708
-0.000822996
-0.000833415
-0.000843833
-0.000854383
-0.000864931
-0.000875611
-0.00088629
-0.0008971
-0.000907909
-0.00091885
-0.000929789
-0.00094086
-0.000951929
-0.00096313
-0.00097433
-0.000985661
-0.000996991
-0.00100845
-0.00101991
-0.00103151
-0.0010431
-0.00105482
-0.00106654
-0.00107839
-0.00109024
-0.00110223
-0.00111421
-0.00112632
-0.00113843
-0.00115068
-0.00116292
-0.00117529
-0.00118766
-0.00120017
-0.00121267
-0.00122531
-0.00123794
-0.0012507
-0.00126347
-0.00127636
-0.00128926
-0.00130228
-0.00131531
-0.00132846
-0.00134162
-0.0013549
-0.00136819
-0.0013816
-0.00139502
-0.00140857
-0.00142211
-0.00143579
-0.00144946
-0.00146327
-0.00147708
-0.00149102
-0.00150495
-0.00151902
-0.00153309
-0.00154729
-0.00156148
-0.00157581
-0.00159014
-0.0016046
-0.00161906
-0.00163365
-0.00164823
-0.00166295
-0.00167767
-0.00169252
-0.00170737
-0.00172235
-0.00173733
-0.00175244
-0.00176755
-0.00178279
-0.00179803
-0.00181341
-0.00182878
-0.00184428
-0.00185978
-0.00187541
-0.00189104
-0.00190681
-0.00192257
-0.00193846
-0.00195435
-0.00197038
-0.0019864
-0.00200255
-0.0020187
-0.00203499
-0.00205127
-0.00206769
-0.0020841
-0.00210065
-0.00211719
-0.00213387
-0.00215054
-0.00216735
-0.00218415
-0.00220109
-0.00221802
-0.00223509
-0.00225215
-0.00226935
-0.00228655
-0.00230388
-0.0023212
-0.00233866
-0.00235612
-0.00237371
-0.00239129
-0.00240901
-0.00242673
-0.00244458
-0.00246243
-0.00248041
-0.00249838
-0.0025165
-0.0025346
-0.00255285
-0.00257108
-0.00258946
-0.00260782
-0.00262633
-0.00264483
-0.00266346
-0.00268209
-0.00270085
-0.00271961
-0.00273851
-0.0027574
-0.00277642
-0.00279544
-0.0028146
-0.00283375
-0.00285304
-0.00287232
-0.00289173
-0.00291114
-0.00293069
-0.00295023
-0.00296991
-0.00298958
-0.00300939
-0.00302919
-0.00304913
-0.00306907
-0.00308914
-0.0031092
-0.0031294
-0.00314959
-0.00316992
-0.00319025
-0.00321071
-0.00323116
-0.00325176
-0.00327234
-0.00329306
-0.00331378
-0.00333463
-0.00335548
-0.00337646
-0.00339744
-0.00341855
-0.00343966
-0.00346091
-0.00348214
-0.00350352
-0.00352489
-0.00354639
-0.00356789
-0.00358953
-0.00361116
-0.00363292
-0.00365468
-0.00367658
-0.00369847
-0.0037205
-0.00374252
-0.00376468
-0.00378683
-0.00380912
-0.0038314
-0.00385382
-0.00387623
-0.00389878
-0.00392132
-0.00394401
-0.00396668
-0.00398949
-0.00401229
-0.00403524
-0.00405817
-0.00408124
-0.00410431
-0.00412751
-0.00415071
-0.00417404
-0.00419737
-0.00422083
-0.00424429
-0.00426788
-0.00429147
-0.0043152
-0.00433891
-0.00436277
-0.00438662
-0.00441061
-0.00443459
-0.0044587
-0.00448281
-0.00450706
-0.0045313
-0.00455568
-0.00458005
-0.00460456
-0.00462906
-0.0046537
-0.00467834
-0.00470311
-0.00472787
-0.00475277
-0.00477766
-0.0048027
-0.00482772
-0.00485288
-0.00487804
-0.00490333
-0.00492862
-0.00495404
-0.00497946
-0.00500501
-0.00503056
-0.00505625
-0.00508192
-0.00510774
-0.00513355
-0.00515949
-0.00518543
-0.00521151
-0.00523758
-0.00526379
-0.00528999
-0.00531633
-0.00534266
-0.00536913
-0.00539559
-0.00542219
-0.00544878
-0.00547551
-0.00550223
-0.0055291
-0.00555595
-0.00558294
-0.00560993
-0.00563705
-0.00566417
-0.00569142
-0.00571867
-0.00574605
-0.00577343
-0.00580094
-0.00582845
-0.0058561
-0.00588373
-0.00591151
-0.00593928
-0.00596719
-0.00599509
-0.00602313
-0.00605116
-0.00607933
-0.00610749
-0.00613579
-0.00616408
-0.00619251
-0.00622093
-0.00624949
-0.00627805
-0.00630674
-0.00633542
-0.00636425
-0.00639306
-0.00642202
-0.00645096
-0.00648005
-0.00650912
-0.00653834
-0.00656755
-0.00659689
-0.00662623
-0.00665571
-0.00668518
-0.00671479
-0.00674439
-0.00677413
-0.00680386
-0.00683373
-0.00686359
-0.00689359
-0.00692358
-0.00695371
-0.00698384
-0.0070141
-0.00704435
-0.00707475
-0.00710513
-0.00713565
-0.00716617
-0.00719683
-0.00722747
-0.00725826
-0.00728904
-0.00731995
-0.00735086
-0.00738191
-0.00741295
-0.00744413
-0.0074753
-0.00750661
-0.00753791
-0.00756935
-0.00760078
-0.00763235
-0.00766392
-0.00769562
-0.00772732
-0.00775914
-0.00779097
-0.00782293
-0.00785489
-0.00788698
-0.00791908
-0.0079513
-0.00798352
-0.00801587
-0.00804823
-0.00808071
-0.00811319
-0.00814581
-0.00817842
-0.00821117
-0.00824392
-0.00827679
-0.00830967
-0.00834267
-0.00837569
-0.00840882
-0.00844196
-0.00847523
-0.0085085
-0.0085419
-0.00857531
-0.00860883
-0.00864237
-0.00867603
-0.00870969
-0.00874348
-0.00877728
-0.0088112
-0.00884513
-0.00887918
-0.00891324
-0.00894743
-0.00898162
-0.00901593
-0.00905026
-0.0090847
-0.00911915
-0.00915373
-0.00918831
-0.00922302
-0.00925774
-0.00929257
-0.00932742
-0.00936239
-0.00939737
-0.00943246
-0.00946758
-0.0095028
-0.00953805
-0.00957341
-0.00960878
-0.00964427
-0.00967978
-0.0097154
-0.00975104
-0.00978679
-0.00982256
-0.00985844
-0.00989434
-0.00993035
-0.00996639
-0.0100025
-0.0100387
-0.010075
-0.0101113
-0.0101477
-0.0101841
-0.0102206
-0.0102572
-0.0102939
-0.0103305
-0.0103673
-0.0104042
-0.0104411
-0.010478
-0.0105151
-0.0105522
-0.0105894
-0.0106266
-0.0106639
-0.0107013
-0.0107387
-0.0107762
-0.0108138
-0.0108514
-0.0108891
-0.0109269
-0.0109647
-0.0110026
-0.0110405
-0.0110786
-0.0111166
-0.0111548
-0.011193
-0.0112313
-0.0112697
-0.0113081
-0.0113466
-0.0113851
-0.0114237
-0.0114624
-0.0115011
-0.01154
-0.0115788
-0.0116178
-0.0116568
-0.0116959
-0.011735
-0.0117741
-0.0118132
-0.0118523
-0.0118914
-0.0119305
-0.0119697
-0.0120087
-0.0120479
-0.0120869
-0.0121261
-0.0121652
-0.0122043
-0.0122434
-0.0122826
-0.0123216
-0.0123608
-0.0123999
-0.012439
-0.0124781
-0.0125172
-0.0125563
-0.0125955
-0.0126346
-0.0126737
-0.0127128
-0.012752
-0.0127911
-0.0128302
-0.0128693
-0.0129085
-0.0129476
-0.0129867
-0.0130258
-0.013065
-0.0131041
-0.0131432
-0.0131823
-0.0132215
-0.0132606
-0.0132997
-0.0133388
-0.013378
-0.0134171
-0.0134562
-0.0134954
-0.0135345
-0.0135736
-0.0136128
-0.0136519
-0.013691
-0.0137302
-0.0137693
-0.0138084
-0.0138476
-0.0138867
-0.0139259
-0.013965
-0.0140041
-0.0140433
-0.0140824
-0.0141215
-0.0141607
-0.0141998
-0.014239
-0.0142781
-0.0143173
-0.0143564
-0.0143956
-0.0144347
-0.0144739
-0.014513
-0.0145521
-0.0145913
-0.0146304
-0.0146696
-0.0147087
-0.0147479
-0.014787
-0.0148262
-0.0148653
-0.0149045
-0.0149436
-0.0149828
-0.015022
-0.0150611
-0.0151003
-0.0151394
-0.0151786
-0.0152177
-0.0152569
-0.015296
-0.0153352
-0.0153744
-0.0154135
-0.0154527
-0.0154918
-0.015531
-0.0155702
-0.0156093
-0.0156485
-0.0156877
-0.0157268
-0.015766
-0.0158052
-0.0158443
-0.0158835
-0.0159227
-0.0159618
-0.016001
-0.0160402
-0.0160793
-0.0161185
-0.0161577
-0.0161968
-0.016236
-0.0162752
-0.0163144
-0.0163535
-0.0163927
-0.0164319
-0.0164711
-0.0165102
-0.0165494
-0.0165886
-0.0166278
-0.0166669
-0.0167061
-0.0167453
-0.0167845
-0.0168237
-0.0168629
-0.016902
-0.0169412
-0.0169804
-0.0170196
-0.0170588
-0.017098
-0.0171371
-0.0171763
-0.0172155
-0.0172547
-0.0172939
-0.0173331
-0.0173722
-0.0174115
-0.0174506
-0.0174898
-0.017529
-0.0175682
-0.0176074
-0.0176466
-0.0176858
-0.017725
-0.0177642
-0.0178034
-0.0178426
-0.0178818
-0.0179209
-0.0179602
-0.0179993
-0.0180386
-0.0180777
-0.018117
-0.0181561
-0.0181954
-0.0182345
-0.0182738
-0.0183129
-0.0183522
-0.0183914
-0.0184306
-0.0184698
-0.018509
-0.0185482
-0.0185874
-0.0186266
-0.0186658
-0.018705
-0.0187443
-0.0187834
-0.0188227
-0.0188618
-0.0189011
-0.0189403
-0.0189795
-0.0190187
-0.019058
-0.0190971
-0.0191364
-0.0191756
-0.0192148
-0.019254
-0.0192932
-0.0193324
-0.0193717
-0.0194109
-0.0194501
-0.0194893
-0.0195286
-0.0195677
-0.019607
-0.0196462
-0.0196855
-0.0197246
-0.0197639
-0.0198031
-0.0198424
-0.0198815
-0.0199208
-0.01996
-0.0199993
-0.0200385
-0.0200777
-0.0201169
-0.0201562
-0.0201954
-0.0202346
-0.0202738
-0.0203131
-0.0203523
-0.0203916
-0.0204308
-0.0204701
-0.0205092
-0.0205485
-0.0205877
-0.020627
-0.0206662
-0.0207055
-0.0207447
-0.020784
-0.0208232
-0.0208624
-0.0209016
-0.0209409
-0.0209801
-0.0210194
-0.0210586
-0.0210979
-0.0211371
-0.0211764
-0.0212156
-0.0212549
-0.0212941
-0.0213334
-0.0213726
-0.0214119
-0.0214511
-0.0214904
-0.0215296
-0.0215689
-0.0216081
-0.0216474
-0.0216866
-0.0217259
-0.0217651
-0.0218044
-0.0218436
-0.0218829
-0.0219222
-0.0219614
-0.0220007
-0.0220399
-0.0220792
-0.0221185
-0.0221577
-0.022197
-0.0222362
-0.0222755
-0.0223148
-0.022354
-0.0223933
-0.0224326
-0.0224718
-0.0225111
-0.0225504
-0.0225896
-0.0226289
-0.0226682
-0.0227074
-0.0227467
-0.022786
-0.0228253
-0.0228645
-0.0229038
-0.0229431
-0.0229823
-0.0230216
-0.0230609
-0.0231002
-0.0231394
-0.0231787
-0.023218
-0.0232573
-0.0232966
-0.0233358
-0.0233751
-0.0234144
-0.0234537
-0.023493
-0.0235322
-0.0235715
-0.0236108
-0.0236501
-0.0236894
-0.0237287
-0.0237679
-0.0238072
-0.0238465
-0.0238858
-0.0239251
-0.0239644
-0.0240037
-0.024043
-0.0240823
-0.0241216
-0.0241608
-0.0242002
-0.0242394
-0.0242787
-0.024318
-0.0243573
-0.0243966
-0.0244359
-0.0244752
-0.0245145
-0.0245538
-0.0245931
-0.0246324
-0.0246717
-0.024711
-0.0247503
-0.0247896
-0.0248289
-0.0248682
-0.0249075
-0.0249468
-0.0249861
-0.0250254
-0.0250648
-0.025104
-0.0251434
-0.0251826
-0.025222
-0.0252613
-0.0253006
-0.0253399
-0.0253792
-0.0254185
-0.0254579
-0.0254971
-0.0255365
-0.0255758
-0.0256151
-0.0256544
-0.0256937
-0.025733
-0.0257724
-0.0258117
-0.025851
-0.0258903
-0.0259297
-0.0259689
-0.0260083
-0.0260476
-0.0260869
-0.0261262
-0.0261656
-0.0262049
-0.0262442
-0.0262835
-0.0263229
-0.0263622
-0.0264015
-0.0264408
-0.0264802
-0.0265195
-0.0265589
-0.0265982
-0.0266375
-0.0266768
-0.0267162
-0.0267555
-0.0267949
-0.0268342
-0.0268735
-0.0269128
-0.0269522
-0.0269915
-0.0270309
-0.0270702
-0.0271095
-0.0271489
-0.0271882
-0.0272275
-0.0272669
-0.0273062
-0.0273456
-0.0273849
-0.0274243
-0.0274636
-0.027503
-0.0275423
-0.0275817
-0.027621
-0.0276603
-0.0276997
-0.027739
-0.0277784
-0.0278177
-0.0278571
-0.0278964
-0.0279358
-0.0279751
-0.0280145
-0.0280539
-0.0280932
-0.0281326
-0.0281719
-0.0282113
-0.0282506
-0.02829
-0.0283293
-0.0283687
-0.0284081
-0.0284474
-0.0284868
-0.0285261
-0.0285655
-0.0286049
-0.0286442
-0.0286836
-0.028723
-0.0287623
-0.0288017
-0.0288411
-0.0288804
-0.0289198
-0.0289592
-0.0289985
-0.0290379
-0.0290773
-0.0291166
-0.029156
-0.0291954
-0.0292347
-0.0292741
-0.0293135
-0.0293529
-0.0293922
-0.0294316
-0.029471
-0.0295104
-0.0295497
-0.0295892
-0.0296285
-0.0296679
-0.0297073
-0.0297467
-0.029786
-0.0298254
-0.0298648
-0.0299042
-0.0299436
-0.029983
-0.0300223
-0.0300618
-0.0301011
-0.0301405
-0.0301799
-0.0302193
-0.0302587
-0.0302981
-0.0303374
-0.0303769
-0.0304162
-0.0304557
-0.030495
-0.0305344
-0.0305738
-0.0306132
-0.0306526
-0.030692
-0.0307314
-0.0307708
-0.0308102
-0.0308496
-0.030889
-0.0309284
-0.0309678
-0.0310072
-0.0310466
-0.031086
-0.0311254
-0.0311648
-0.0312042
-0.0312436
-0.031283
-0.0313225
-0.0313618
-0.0314013
-0.0314406
-0.0314801
-0.0315195
-0.0315589
-0.0315983
-0.0316377
-0.0316771
-0.0317166
-0.0317559
-0.0317954
-0.0318348
-0.0318742
-0.0319136
-0.031953
-0.0319924
-0.0320319
-0.0320713
-0.0321107
-0.0321501
-0.0321896
-0.032229
-0.0322684
-0.0323078
-0.0323472
-0.0323866
-0.0324261
-0.0324655
-0.0325049
-0.0325444
-0.0325838
-0.0326232
-0.0326627
-0.0327021
-0.0327415
-0.0327809
-0.0328204
-0.0328598
-0.0328992
-0.0329387
-0.0329781
-0.0330175
-0.033057
-0.0330964
-0.0331358
-0.0331753
-0.0332147
-0.0332542
-0.0332936
-0.033333
-0.0333725
-0.0334119
-0.0334514
-0.0334908
-0.0335302
-0.0335697
-0.0336091
-0.0336486
-0.033688
-0.0337275
-0.0337669
-0.0338064
-0.0338458
-0.0338853
-0.0339247
-0.0339642
-0.0340036
-0.0340431
-0.0340825
-0.034122
-0.0341614
-0.0342009
-0.0342403
-0.0342798
-0.0343192
-0.0343587
-0.0343981
-0.0344376
-0.0344771
-0.0345166
-0.034556
-0.0345955
-0.0346349
-0.0346744
-0.0347138
-0.0347533
-0.0347928
-0.0348323
-0.0348717
-0.0349112
-0.0349506
-0.0349901
-0.0350296
-0.0350691
-0.0351085
-0.035148
-0.0351874
-0.0352269
-0.0352664
-0.0353059
-0.0353452
-0.0353846
-0.0354237
-0.035463
-0.035502
-0.0355412
-0.0355801
-0.0356191
-0.0356579
-0.0356967
-0.0357354
-0.0357741
-0.0358127
-0.0358513
-0.0358897
-0.0359282
-0.0359664
-0.0360048
-0.0360429
-0.0360811
-0.0361192
-0.0361572
-0.0361951
-0.0362331
-0.0362709
-0.0363087
-0.0363463
-0.036384
-0.0364215
-0.0364591
-0.0364965
-0.0365339
-0.0365712
-0.0366085
-0.0366456
-0.0366828
-0.0367198
-0.0367568
-0.0367937
-0.0368306
-0.0368673
-0.0369041
-0.0369407
-0.0369774
-0.0370139
-0.0370504
-0.0370868
-0.0371231
-0.0371594
-0.0371956
-0.0372317
-0.0372678
-0.0373039
-0.0373398
-0.0373757
-0.0374115
-0.0374473
-0.037483
-0.0375186
-0.0375542
-0.0375897
-0.0376251
-0.0376605
-0.0376958
-0.0377311
-0.0377662
-0.0378014
-0.0378364
-0.0378714
-0.0379063
-0.0379412
-0.037976
-0.0380107
-0.0380453
-0.03808
-0.0381145
-0.038149
-0.0381834
-0.0382177
-0.038252
-0.0382862
-0.0383203
-0.0383545
-0.0383884
-0.0384224
-0.0384563
-0.0384902
-0.0385238
-0.0385576
-0.0385912
-0.0386248
-0.0386582
-0.0386917
-0.038725
-0.0387584
-0.0387916
-0.0388248
-0.0388579
-0.038891
-0.0389239
-0.0389569
-0.0389897
-0.0390226
-0.0390552
-0.0390879
-0.0391205
-0.0391531
-0.0391855
-0.0392179
-0.0392502
-0.0392825
-0.0393147
-0.0393469
-0.0393789
-0.039411
-0.0394429
-0.0394748
-0.0395066
-0.0395384
-0.03957
-0.0396017
-0.0396332
-0.0396648
-0.0396961
-0.0397276
-0.0397588
-0.0397901
-0.0398212
-0.0398524
-0.0398834
-0.0399144
-0.0399453
-0.0399762
-0.0400069
-0.0400377
-0.0400683
-0.0400989
-0.0401294
-0.0401599
-0.0401903
-0.0402206
-0.0402509
-0.0402811
-0.0403112
-0.0403413
-0.0403713
-0.0404012
-0.0404311
-0.0404609
-0.0404907
-0.0405204
-0.04055
-0.0405795
-0.040609
-0.0406384
-0.0406678
-0.0406971
-0.0407263
-0.0407555
-0.0407846
-0.0408136
-0.0408426
-0.0408715
-0.0409004
-0.0409291
-0.0409579
-0.0409865
-0.0410151
-0.0410436
-0.0410721
-0.0411004
-0.0411288
-0.041157
-0.0411853
-0.0412133
-0.0412414
-0.0412694
-0.0412974
-0.0413252
-0.0413531
-0.0413807
-0.0414085
-0.041436
-0.0414636
-0.0414911
-0.0415185
-0.0415458
-0.0415732
-0.0416003
-0.0416276
-0.0416546
-0.0416817
-0.0417086
-0.0417356
-0.0417623
-0.0417892
-0.0418158
-0.0418425
-0.041869
-0.0418956
-0.041922
-0.0419484
-0.0419747
-0.042001
-0.0420271
-0.0420533
-0.0420793
-0.0421053
-0.0421312
-0.0421571
-0.0421829
-0.0422087
-0.0422343
-0.0422599
-0.0422854
-0.0423109
-0.0423363
-0.0423617
-0.0423869
-0.0424122
-0.0424373
-0.0424624
-0.0424874
-0.0425124
-0.0425372
-0.0425621
-0.0425868
-0.0426115
-0.0426361
-0.0426607
-0.0426852
-0.0427097
-0.042734
-0.0427583
-0.0427826
-0.0428068
-0.0428309
-0.0428549
-0.0428789
-0.0429028
-0.0429267
-0.0429504
-0.0429742
-0.0429978
-0.0430214
-0.0430449
-0.0430684
-0.0430918
-0.0431152
-0.0431384
-0.0431616
-0.0431847
-0.0432078
-0.0432308
-0.0432538
-0.0432766
-0.0432995
-0.0433222
-0.0433449
-0.0433675
-0.0433901
-0.0434125
-0.043435
-0.0434573
-0.0434797
-0.0435018
-0.0435241
-0.0435461
-0.0435682
-0.0435901
-0.0436121
-0.0436339
-0.0436557
-0.0436773
-0.0436991
-0.0437206
-0.0437422
-0.0437635
-0.043785
-0.0438062
-0.0438276
-0.0438487
-0.0438699
-0.0438909
-0.0439119
-0.0439328
-0.0439537
-0.0439745
-0.0439953
-0.0440159
-0.0440366
-0.044057
-0.0440776
-0.0440979
-0.0441183
-0.0441386
-0.0441588
-0.0441789
-0.0441991
-0.044219
-0.044239
-0.0442589
-0.0442788
-0.0442985
-0.0443182
-0.0443378
-0.0443574
-0.0443769
-0.0443964
-0.0444157
-0.044435
-0.0444543
-0.0444735
-0.0444925
-0.0445116
-0.0445306
-0.0445495
-0.0445684
-0.0445871
-0.0446059
-0.0446245
-0.0446431
-0.0446616
-0.0446801
-0.0446985
-0.0447168
-0.0447351
-0.0447533
-0.0447714
-0.0447895
-0.0448075
-0.0448255
-0.0448433
-0.0448612
-0.0448789
-0.0448966
-0.0449142
-0.0449318
-0.0449492
-0.0449667
-0.044984
-0.0450014
-0.0450185
-0.0450358
-0.0450528
-0.0450699
-0.0450868
-0.0451038
-0.0451205
-0.0451374
-0.045154
-0.0451707
-0.0451872
-0.0452038
-0.0452202
-0.0452367
-0.0452529
-0.0452692
-0.0452853
-0.0453015
-0.0453175
-0.0453336
-0.0453494
-0.0453654
-0.0453811
-0.0453969
-0.0454125
-0.0454282
-0.0454436
-0.0454592
-0.0454745
-0.0454899
-0.0455051
-0.0455204
-0.0455355
-0.0455507
-0.0455656
-0.0455806
-0.0455955
-0.0456103
-0.045625
-0.0456398
-0.0456544
-0.045669
-0.0456834
-0.0456979
-0.0457122
-0.0457266
-0.0457408
-0.045755
-0.045769
-0.0457831
-0.0457971
-0.045811
-0.0458248
-0.0458386
-0.0458523
-0.045866
-0.0458796
-0.0458931
-0.0459065
-0.0459199
-0.0459333
-0.0459465
-0.0459597
-0.0459728
-0.0459859
-0.0459989
-0.0460119
-0.0460247
-0.0460375
-0.0460503
-0.046063
-0.0460755
-0.0460881
-0.0461006
-0.046113
-0.0461253
-0.0461377
-0.0461498
-0.046162
-0.0461741
-0.0461862
-0.0461981
-0.04621
-0.0462218
-0.0462336
-0.0462452
-0.0462569
-0.0462684
-0.04628
-0.0462914
-0.0463028
-0.0463141
-0.0463254
-0.0463365
-0.0463477
-0.0463586
-0.0463697
-0.0463805
-0.0463915
-0.0464022
-0.046413
-0.0464236
-0.0464342
-0.0464447
-0.0464552
-0.0464655
-0.046476
-0.0464861
-0.0464964
-0.0465065
-0.0465166
-0.0465266
-0.0465366
-0.0465464
-0.0465563
-0.0465659
-0.0465757
-0.0465852
-0.0465948
-0.0466043
-0.0466138
-0.0466231
-0.0466324
-0.0466416
-0.0466508
-0.0466598
-0.0466689
-0.0466778
-0.0466868
-0.0466956
-0.0467044
-0.046713
-0.0467217
-0.0467303
-0.0467388
-0.0467472
-0.0467556
-0.0467639
-0.0467722
-0.0467803
-0.0467885
-0.0467965
-0.0468045
-0.0468124
-0.0468203
-0.0468281
-0.0468358
-0.0468435
-0.046851
-0.0468586
-0.046866
-0.0468735
-0.0468808
-0.0468881
-0.0468952
-0.0469024
-0.0469095
-0.0469165
-0.0469234
-0.0469304
-0.0469371
-0.0469439
-0.0469505
-0.0469572
-0.0469637
-0.0469703
-0.0469766
-0.0469831
-0.0469893
-0.0469956
-0.0470017
-0.0470078
-0.0470138
-0.0470198
-0.0470257
-0.0470316
-0.0470373
-0.0470431
-0.0470486
-0.0470543
-0.0470597
-0.0470652
-0.0470705
-0.0470759
-0.0470811
-0.0470864
-0.0470914
-0.0470965
-0.0471015
-0.0471065
-0.0471113
-0.0471161
-0.0471208
-0.0471255
-0.04713
-0.0471346
-0.0471391
-0.0471435
-0.0471478
-0.0471521
-0.0471563
-0.0471605
-0.0471645
-0.0471685
-0.0471725
-0.0471764
-0.0471802
-0.0471839
-0.0471876
-0.0471912
-0.0471948
-0.0471983
-0.0472017
-0.0472051
-0.0472084
-0.0472116
-0.0472148
-0.0472179
-0.0472209
-0.0472239
-0.0472268
-0.0472296
-0.0472324
-0.0472351
-0.0472378
-0.0472403
-0.0472429
-0.0472453
-0.0472477
-0.04725
-0.0472523
-0.0472544
-0.0472566
-0.0472586
-0.0472606
-0.0472625
-0.0472644
-0.0472661
-0.0472679
-0.0472695
-0.0472712
-0.0472727
-0.0472742
-0.0472755
-0.047277
-0.0472782
-0.0472794
-0.0472805
-0.0472817
-0.0472826
-0.0472836
-0.0472844
-0.0472853
-0.047286
-0.0472868
-0.0472873
-0.0472879
-0.0472884
-0.047289
-0.0472894
-0.04729
-0.0472905
-0.0472911
-0.0472915
-0.0472921
-0.0472926
-0.0472932
-0.0472936
-0.0472942
-0.0472947
-0.0472953
-0.0472957
-0.0472963
-0.0472968
-0.0472974
-0.0472978
-0.0472984
-0.0472989
-0.0472995
-0.0472999
-0.0473005
-0.047301
-0.0473016
-0.047302
-0.0473026
-0.0473031
-0.0473037
-0.0473041
-0.0473047
-0.0473052
-0.0473057
-0.0473063
-0.0473068
-0.0473073
-0.0473078
-0.0473084
-0.0473089
-0.0473094
-0.0473099
-0.0473105
-0.047311
-0.0473115
-0.047312
-0.0473126
-0.0473131
-0.0473136
-0.0473141
-0.0473147
-0.0473152
-0.0473157
-0.0473162
-0.0473168
-0.0473172
-0.0473178
-0.0473183
-0.0473189
-0.0473193
-0.0473199
-0.0473204
-0.047321
-0.0473214
-0.0473221
-0.0473225
-0.0473231
-0.0473235
-0.0473242
-0.0473246
-0.0473252
-0.0473256
-0.0473263
-0.0473267
-0.0473273
-0.0473277
-0.0473284
-0.0473288
-0.0473294
-0.0473298
-0.0473305
-0.0473309
-0.0473315
-0.0473319
-0.0473326
-0.047333
-0.0473336
-0.047334
-0.0473347
-0.0473351
-0.0473357
-0.0473361
-0.0473367
-0.0473372
-0.0473378
-0.0473382
-0.0473388
-0.0473393
-0.0473399
-0.0473403
-0.0473409
-0.0473414
-0.047342
-0.0473425
-0.047343
-0.0473435
-0.0473441
-0.0473446
-0.0473451
-0.0473456
-0.0473462
-0.0473467
-0.0473472
-0.0473477
-0.0473483
-0.0473488
-0.0473493
-0.0473498
-0.0473503
-0.0473509
-0.0473514
-0.0473519
-0.0473524
-0.047353
-0.0473535
-0.047354
-0.0473545
-0.0473551
-0.0473556
-0.0473562
-0.0473566
-0.0473572
-0.0473577
-0.0473583
-0.0473587
-0.0473593
-0.0473598
-0.0473604
-0.0473608
-0.0473614
-0.0473619
-0.0473625
-0.0473629
-0.0473635
-0.047364
-0.0473646
-0.047365
-0.0473656
-0.0473661
-0.0473667
-0.0473671
-0.0473677
-0.0473681
-0.0473688
-0.0473692
-0.0473698
-0.0473702
-0.0473709
-0.0473713
-0.0473719
-0.0473724
-0.047373
-0.0473734
-0.047374
-0.0473745
-0.0473751
-0.0473755
-0.0473761
-0.0473766
-0.0473772
-0.0473776
-0.0473782
-0.0473787
-0.0473793
-0.0473797
-0.0473803
-0.0473808
-0.0473814
-0.0473818
-0.0473824
-0.0473829
-0.0473835
-0.0473839
-0.0473845
-0.047385
-0.0473855
-0.047386
-0.0473866
-0.0473871
-0.0473876
-0.0473882
-0.0473887
-0.0473892
-0.0473897
-0.0473903
-0.0473908
-0.0473913
-0.0473918
-0.0473924
-0.0473929
-0.0473934
-0.0473939
-0.0473945
-0.047395
-0.0473955
-0.047396
-0.0473966
-0.047397
-0.0473976
-0.0473981
-0.0473987
-0.0473991
-0.0473997
-0.0474002
-0.0474008
-0.0474012
-0.0474019
-0.0474023
-0.0474029
-0.0474033
-0.047404
-0.0474044
-0.047405
-0.0474054
-0.0474061
-0.0474065
-0.0474071
-0.0474075
-0.0474082
-0.0474086
-0.0474092
-0.0474096
-0.0474103
-0.0474107
-0.0474113
-0.0474117
-0.0474124
-0.0474128
-0.0474134
-0.0474138
-0.0474145
-0.0474149
-0.0474155
-0.0474159
-0.0474166
-0.047417
-0.0474176
-0.047418
-0.0474187
-0.0474191
-0.0474197
-0.0474202
-0.0474207
-0.0474212
-0.0474218
-0.0474223
-0.0474228
-0.0474233
-0.0474239
-0.0474244
-0.0474249
-0.0474254
-0.047426
-0.0474265
-0.047427
-0.0474275
-0.0474281
-0.0474286
-0.0474291
-0.0474296
-0.0474302
-0.0474307
-0.0474312
-0.0474318
-0.0474323
-0.0474328
-0.0474333
-0.0474339
-0.0474343
-0.0474349
-0.0474354
-0.047436
-0.0474364
-0.047437
-0.0474375
-0.0474381
-0.0474385
-0.0474391
-0.0474396
-0.0474402
-0.0474406
-0.0474412
-0.0474417
-0.0474423
-0.0474427
-0.0474433
-0.0474438
-0.0474444
-0.0474448
-0.0474454
-0.0474459
-0.0474465
-0.0474469
-0.0474476
-0.047448
-0.0474486
-0.047449
-0.0474497
-0.0474501
-0.0474507
-0.0474511
-0.0474518
-0.0474522
-0.0474528
-0.0474532
-0.0474539
-0.0474543
-0.0474549
-0.0474553
-0.0474559
-0.0474564
-0.047457
-0.0474574
-0.047458
-0.0474585
-0.0474591
-0.0474595
-0.0474601
-0.0474606
-0.0474612
-0.0474617
-0.0474622
-0.0474627
-0.0474633
-0.0474638
-0.0474643
-0.0474648
-0.0474654
-0.0474659
-0.0474664
-0.0474669
-0.0474675
-0.047468
-0.0474685
-0.047469
-0.0474696
-0.0474701
-0.0474706
-0.0474711
-0.0474716
-0.0474722
-0.0474727
-0.0474733
-0.0474737
-0.0474743
-0.0474748
-0.0474754
-0.0474758
-0.0474764
-0.0474769
-0.0474775
-0.0474779
-0.0474785
-0.047479
-0.0474796
-0.04748
-0.0474806
-0.0474811
-0.0474817
-0.0474821
-0.0474827
-0.0474832
-0.0474838
-0.0474842
-0.0474848
-0.0474853
-0.0474859
-0.0474863
-0.047487
-0.0474874
-0.047488
-0.0474884
-0.0474891
-0.0474895
-0.0474901
-0.0474905
-0.0474912
-0.0474916
-0.0474922
-0.0474926
-0.0474933
-0.0474937
-0.0474943
-0.0474947
-0.0474953
-0.0474958
-0.0474964
-0.0474968
-0.0474974
-0.0474979
-0.0474985
-0.0474989
-0.0474995
-0.0475
-0.0475006
-0.0475011
-0.0475016
-0.0475021
-0.0475027
-0.0475032
-0.0475037
-0.0475042
-0.0475048
-0.0475053
-0.0475058
-0.0475063
-0.0475069
-0.0475074
-0.0475079
-0.0475084
-0.047509
-0.0475095
-0.04751
-0.0475105
-0.0475111
-0.0475116
-0.0475121
-0.0475127
-0.0475131
-0.0475137
-0.0475142
-0.0475148
-0.0475152
-0.0475158
-0.0475163
-0.0475169
-0.0475173
-0.0475179
-0.0475184
-0.047519
-0.0475194
-0.04752
-0.0475205
-0.0475211
-0.0475215
-0.0475221
-0.0475226
-0.0475232
-0.0475236
-0.0475243
-0.0475247
-0.0475253
-0.0475257
-0.0475264
-0.0475268
-0.0475274
-0.0475278
-0.0475285
-0.0475289
-0.0475295
-0.0475299
-0.0475306
-0.047531
-0.0475316
-0.047532
-0.0475327
-0.0475331
-0.0475337
-0.0475341
-0.0475348
-0.0475352
-0.0475358
-0.0475362
-0.0475369
-0.0475373
-0.0475379
-0.0475384
-0.047539
-0.0475394
-0.04754
-0.0475405
-0.047541
-0.0475415
-0.0475421
-0.0475426
-0.0475431
-0.0475436
-0.0475442
-0.0475447
-0.0475452
-0.0475457
-0.0475463
-0.0475468
-0.0475473
-0.0475478
-0.0475484
-0.0475489
-0.0475494
-0.04755
-0.0475505
-0.047551
-0.0475515
-0.0475521
-0.0475526
-0.0475531
-0.0475536
-0.0475542
-0.0475547
-0.0475552
-0.0475557
-0.0475563
-0.0475567
-0.0475573
-0.0475578
-0.0475584
-0.0475588
-0.0475595
-0.0475599
-0.0475605
-0.0475609
-0.0475616
-0.047562
-0.0475626
-0.047563
-0.0475637
-0.0475641
-0.0475647
-0.0475651
-0.0475658
-0.0475662
-0.0475668
-0.0475672
-0.0475679
-0.0475683
-0.0475689
-0.0475693
-0.04757
-0.0475704
-0.047571
-0.0475714
-0.0475721
-0.0475725
-0.0475731
-0.0475736
-0.0475742
-0.0475746
-0.0475752
-0.0475757
-0.0475763
-0.0475767
-0.0475773
-0.0475778
-0.0475784
-0.0475788
-0.0475794
-0.0475799
-0.0475805
-0.0475809
-0.0475815
-0.047582
-0.0475826
-0.047583
-0.0475836
-0.0475841
-0.0475847
-0.0475852
-0.0475857
-0.0475862
-0.0475867
-0.0475873
-0.0475878
-0.0475883
-0.0475888
-0.0475894
-0.0475899
-0.0475904
-0.0475909
-0.0475915
-0.047592
-0.0475925
-0.047593
-0.0475936
-0.0475941
-0.0475947
-0.0475951
-0.0475957
-0.0475962
-0.0475968
-0.0475972
-0.0475978
-0.0475983
-0.0475989
-0.0475993
-0.0475999
-0.0476004
-0.047601
-0.0476014
-0.047602
-0.0476025
-0.0476031
-0.0476035
-0.0476041
-0.0476046
-0.0476052
-0.0476056
-0.0476062
-0.0476067
-0.0476073
-0.0476077
-0.0476083
-0.0476088
-0.0476094
-0.0476098
-0.0476104
-0.0476109
-0.0476115
-0.0476119
-0.0476125
-0.047613
-0.0476136
-0.047614
-0.0476146
-0.0476151
-0.0476157
-0.0476161
-0.0476167
-0.0476172
-0.0476178
-0.0476182
-0.0476188
-0.0476193
-0.0476199
-0.0476204
-0.0476209
-0.0476214
-0.047622
-0.0476225
-0.047623
-0.0476235
-0.0476241
-0.0476246
-0.0476251
-0.0476256
-0.0476262
-0.0476267
-0.0476272
-0.0476277
-0.0476283
-0.0476288
-0.0476293
-0.0476299
-0.0476304
-0.0476309
-0.0476314
-0.047632
-0.0476325
-0.047633
-0.0476335
-0.0476341
-0.0476346
-0.0476351
-0.0476356
-0.0476362
-0.0476366
-0.0476372
-0.0476377
-0.0476383
-0.0476387
-0.0476394
-0.0476398
-0.0476404
-0.0476408
-0.0476415
-0.0476419
-0.0476425
-0.0476429
-0.0476436
-0.047644
-0.0476446
-0.047645
-0.0476457
-0.0476461
-0.0476467
-0.0476471
-0.0476478
-0.0476482
-0.0476488
-0.0476493
-0.0476499
-0.0476503
-0.0476509
-0.0476514
-0.047652
-0.0476524
-0.047653
-0.0476535
-0.0476541
-0.0476545
-0.0476551
-0.0476556
-0.0476562
-0.0476566
-0.0476572
-0.0476577
-0.0476583
-0.0476587
-0.0476593
-0.0476598
-0.0476604
-0.0476608
-0.0476614
-0.0476619
-0.0476625
-0.047663
-0.0476635
-0.047664
-0.0476646
-0.0476651
-0.0476656
-0.0476661
-0.0476667
-0.0476672
-0.0476677
-0.0476682
-0.0476688
-0.0476693
-0.0476698
-0.0476704
-0.0476708
-0.0476714
-0.0476719
-0.0476725
-0.0476729
-0.0476735
-0.047674
-0.0476746
-0.047675
-0.0476756
-0.0476761
-0.0476767
-0.0476771
-0.0476777
-0.0476782
-0.0476788
-0.0476792
-0.0476798
-0.0476803
-0.0476809
-0.0476813
-0.047682
-0.0476824
-0.047683
-0.0476834
-0.0476841
-0.0476845
-0.0476851
-0.0476855
-0.0476862
-0.0476866
-0.0476872
-0.0476876
-0.0476883
-0.0476887
-0.0476893
-0.0476897
-0.0476904
-0.0476908
-0.0476914
-0.0476919
-0.0476925
-0.0476929
-0.0476935
-0.047694
-0.0476946
-0.047695
-0.0476956
-0.0476961
-0.0476967
-0.0476971
-0.0476977
-0.0476982
-0.0476988
-0.0476992
-0.0476998
-0.0477003
-0.0477009
-0.0477013
-0.0477019
-0.0477024
-0.047703
-0.0477035
-0.047704
-0.0477045
-0.0477051
-0.0477056
-0.0477061
-0.0477066
-0.0477071
-0.0477077
-0.0477082
-0.0477087
-0.0477092
-0.0477098
-0.0477103
-0.0477109
-0.0477113
-0.0477119
-0.0477124
-0.047713
-0.0477134
-0.047714
-0.0477145
-0.0477151
-0.0477155
-0.0477161
-0.0477166
-0.0477172
-0.0477176
-0.0477182
-0.0477187
-0.0477193
-0.0477197
-0.0477204
-0.0477208
-0.0477214
-0.0477218
-0.0477225
-0.0477229
-0.0477235
-0.0477239
-0.0477246
-0.047725
-0.0477256
-0.047726
-0.0477267
-0.0477271
-0.0477277
-0.0477281
-0.0477288
-0.0477292
-0.0477298
-0.0477302
-0.0477309
-0.0477313
-0.0477319
-0.0477324
-0.047733
-0.0477334
-0.047734
-0.0477345
-0.0477351
-0.0477355
-0.0477361
-0.0477366
-0.0477372
-0.0477376
-0.0477382
-0.0477387
-0.0477393
-0.0477397
-0.0477403
-0.0477408
-0.0477414
-0.0477419
-0.0477424
-0.0477429
-0.0477435
-0.047744
-0.0477445
-0.047745
-0.0477456
-0.0477461
-0.0477466
-0.0477471
-0.0477476
-0.0477482
-0.0477487
-0.0477493
-0.0477497
-0.0477503
-0.0477508
-0.0477514
-0.0477518
-0.0477524
-0.0477529
-0.0477535
-0.0477539
-0.0477545
-0.047755
-0.0477556
-0.047756
-0.0477566
-0.0477571
-0.0477577
-0.0477581
-0.0477588
-0.0477592
-0.0477598
-0.0477602
-0.0477609
-0.0477613
-0.0477619
-0.0477623
-0.047763
-0.0477634
-0.047764
-0.0477644
-0.0477651
-0.0477655
-0.0477661
-0.0477665
-0.0477672
-0.0477676
-0.0477682
-0.0477687
-0.0477693
-0.0477697
-0.0477703
-0.0477708
-0.0477714
-0.0477718
-0.0477724
-0.0477729
-0.0477735
-0.0477739
-0.0477745
-0.047775
-0.0477756
-0.047776
-0.0477766
-0.0477771
-0.0477777
-0.0477781
-0.0477787
-0.0477792
-0.0477798
-0.0477803
-0.0477808
-0.0477813
-0.0477819
-0.0477824
-0.0477829
-0.0477834
-0.047784
-0.0477845
-0.047785
-0.0477855
-0.0477861
-0.0477866
-0.0477871
-0.0477877
-0.0477882
-0.0477887
-0.0477892
-0.0477898
-0.0477903
-0.0477908
-0.0477913
-0.0477919
-0.0477924
-0.0477929
-0.0477934
-0.047794
-0.0477944
-0.047795
-0.0477955
-0.0477961
-0.0477965
-0.0477972
-0.0477976
-0.0477982
-0.0477986
-0.0477993
-0.0477997
-0.0478003
-0.0478007
-0.0478014
-0.0478018
-0.0478024
-0.0478029
-0.0478035
-0.0478039
-0.0478045
-0.047805
-0.0478056
-0.047806
-0.0478066
-0.0478071
-0.0478077
-0.0478081
-0.0478087
-0.0478092
-0.0478098
-0.0478102
-0.0478108
-0.0478113
-0.0478119
-0.0478123
-0.0478129
-0.0478134
-0.047814
-0.0478144
-0.047815
-0.0478155
-0.0478161
-0.0478166
-0.0478171
-0.0478176
-0.0478182
-0.0478187
-0.0478192
-0.0478197
-0.0478203
-0.0478208
-0.0478213
-0.0478218
-0.0478224
-0.0478229
-0.0478234
-0.047824
-0.0478245
-0.047825
-0.0478255
-0.0478261
-0.0478266
-0.0478271
-0.0478276
-0.0478282
-0.0478287
-0.0478292
-0.0478297
-0.0478303
-0.0478308
-0.0478314
-0.0478318
-0.0478324
-0.0478329
-0.0478335
-0.0478339
-0.0478345
-0.047835
-0.0478356
-0.047836
-0.0478366
-0.0478371
-0.0478377
-0.0478381
-0.0478387
-0.0478392
-0.0478398
-0.0478402
-0.0478409
-0.0478413
-0.0478419
-0.0478423
-0.047843
-0.0478434
-0.047844
-0.0478444
-0.0478451
-0.0478455
-0.0478461
-0.0478465
-0.0478472
-0.0478476
-0.0478482
-0.0478486
-0.0478493
-0.0478497
-0.0478503
-0.0478508
-0.0478514
-0.0478518
-0.0478524
-0.0478529
-0.0478535
-0.0478539
-0.0478545
-0.047855
-0.0478556
-0.047856
-0.0478566
-0.0478571
-0.0478577
-0.0478581
-0.0478587
-0.0478592
-0.0478598
-0.0478603
-0.0478608
-0.0478613
-0.0478619
-0.0478624
-0.0478629
-0.0478634
-0.047864
-0.0478645
-0.047865
-0.0478655
-0.0478661
-0.0478666
-0.0478671
-0.0478677
-0.0478682
-0.0478687
-0.0478692
-0.0478698
-0.0478702
-0.0478708
-0.0478713
-0.0478719
-0.0478723
-0.0478729
-0.0478734
-0.047874
-0.0478744
-0.0478751
-0.0478755
-0.0478761
-0.0478765
-0.0478772
-0.0478776
-0.0478782
-0.0478786
-0.0478793
-0.0478797
-0.0478803
-0.0478808
-0.0478814
-0.0478818
-0.0478824
-0.0478829
-0.0478835
-0.0478839
-0.0478845
-0.047885
-0.0478856
-0.047886
-0.0478866
-0.0478871
-0.0478877
-0.0478881
-0.0478888
-0.0478892
-0.0478898
-0.0478902
-0.0478909
-0.0478913
-0.0478919
-0.0478923
-0.047893
-0.0478934
-0.047894
-0.0478945
-0.0478951
-0.0478955
-0.0478961
-0.0478966
-0.0478972
-0.0478976
-0.0478982
-0.0478987
-0.0478992
-0.0478997
-0.0479003
-0.0479008
-0.0479013
-0.0479019
-0.0479024
-0.0479029
-0.0479034
-0.047904
-0.0479045
-0.047905
-0.0479055
-0.0479061
-0.0479066
-0.0479072
-0.0479076
-0.0479082
-0.0479087
-0.0479093
-0.0479097
-0.0479103
-0.0479108
-0.0479114
-0.0479118
-0.0479124
-0.0479129
-0.0479135
-0.0479139
-0.0479145
-0.047915
-0.0479156
-0.047916
-0.0479167
-0.0479171
-0.0479177
-0.0479181
-0.0479188
-0.0479192
-0.0479198
-0.0479202
-0.0479209
-0.0479213
-0.0479219
-0.0479223
-0.047923
-0.0479234
-0.047924
-0.0479245
-0.0479251
-0.0479255
-0.0479261
-0.0479266
-0.0479272
-0.0479276
-0.0479282
-0.0479287
-0.0479293
-0.0479297
-0.0479303
-0.0479308
-0.0479314
-0.0479318
-0.0479324
-0.0479329
-0.0479335
-0.047934
-0.0479345
-0.047935
-0.0479356
-0.0479361
-0.0479366
-0.0479371
-0.0479377
-0.0479382
-0.0479387
-0.0479392
-0.0479398
-0.0479403
-0.0479408
-0.0479414
-0.0479419
-0.0479424
-0.0479429
-0.0479435
-0.047944
-0.0479445
-0.047945
-0.0479456
-0.0479461
-0.0479466
-0.0479471
-0.0479477
-0.0479482
-0.0479488
-0.0479492
-0.0479498
-0.0479503
-0.0479509
-0.0479513
-0.0479519
-0.0479524
-0.047953
-0.0479534
-0.047954
-0.0479545
-0.0479551
-0.0479555
-0.0479562
-0.0479566
-0.0479572
-0.0479576
-0.0479583
-0.0479587
-0.0479593
-0.0479597
-0.0479604
-0.0479608
-0.0479614
-0.0479618
-0.0479625
-0.0479629
-0.0479635
-0.047964
-0.0479646
-0.047965
-0.0479656
-0.0479661
-0.0479667
-0.0479671
-0.0479677
-0.0479682
-0.0479688
-0.0479692
-0.0479698
-0.0479703
-0.0479709
-0.0479713
-0.0479719
-0.0479724
-0.047973
-0.0479735
-0.047974
-0.0479745
-0.0479751
-0.0479756
-0.0479761
-0.0479766
-0.0479772
-0.0479777
-0.0479782
-0.0479787
-0.0479793
-0.0479798
-0.0479803
-0.0479809
-0.0479814
-0.0479819
-0.0479824
-0.047983
-0.0479835
-0.047984
-0.0479845
-0.0479851
-0.0479856
-0.0479862
-0.0479866
-0.0479872
-0.0479877
-0.0479883
-0.0479887
-0.0479893
-0.0479898
-0.0479904
-0.0479908
-0.0479914
-0.0479919
-0.0479925
-0.0479929
-0.0479936
-0.047994
-0.0479946
-0.047995
-0.0479957
-0.0479961
-0.0479967
-0.0479971
-0.0479978
-0.0479982
-0.0479988
-0.0479992
-0.0479999
-0.0480003
-0.0480009
-0.0480014
-0.048002
-0.0480024
-0.048003
-0.0480035
-0.0480041
-0.0480045
-0.0480051
-0.0480056
-0.0480062
-0.0480066
-0.0480072
-0.0480077
-0.0480083
-0.0480087
-0.0480093
-0.0480098
-0.0480104
-0.0480109
-0.0480114
-0.0480119
-0.0480125
-0.048013
-0.0480135
-0.048014
-0.0480146
-0.0480151
-0.0480156
-0.0480161
-0.0480167
-0.0480172
-0.0480177
-0.0480183
-0.0480188
-0.0480193
-0.0480198
-0.0480204
-0.0480209
-0.0480214
-0.0480219
-0.0480225
-0.048023
-0.0480236
-0.048024
-0.0480246
-0.0480251
-0.0480257
-0.0480261
-0.0480267
-0.0480272
-0.0480278
-0.0480282
-0.0480288
-0.0480293
-0.0480299
-0.0480303
-0.048031
-0.0480314
-0.048032
-0.0480324
-0.0480331
-0.0480335
-0.0480341
-0.0480345
-0.0480352
-0.0480356
-0.0480362
-0.0480367
-0.0480373
-0.0480377
-0.0480383
-0.0480388
-0.0480394
-0.0480398
-0.0480404
-0.0480409
-0.0480415
-0.0480419
-0.0480426
-0.048043
-0.0480436
-0.048044
-0.0480447
-0.0480451
-0.0480457
-0.0480461
-0.0480468
-0.0480472
-0.0480478
-0.0480483
-0.0480489
-0.0480493
-0.0480499
-0.0480504
-0.048051
-0.0480514
-0.048052
-0.0480525
-0.0480531
-0.0480535
-0.0480541
-0.0480546
-0.0480552
-0.0480557
-0.0480562
-0.0480567
-0.0480573
-0.0480578
-0.0480583
-0.0480588
-0.0480594
-0.0480599
-0.0480604
-0.048061
-0.0480615
-0.048062
-0.0480625
-0.0480631
-0.0480636
-0.0480641
-0.0480646
-0.0480652
-0.0480657
-0.0480662
-0.0480667
-0.0480673
-0.0480678
-0.0480684
-0.0480688
-0.0480694
-0.0480699
-0.0480705
-0.0480709
-0.0480715
-0.048072
-0.0480726
-0.048073
-0.0480736
-0.0480741
-0.0480747
-0.0480751
-0.0480758
-0.0480762
-0.0480768
-0.0480772
-0.0480779
-0.0480783
-0.0480789
-0.0480793
-0.04808
-0.0480804
-0.048081
-0.0480814
-0.0480821
-0.0480825
-0.0480831
-0.0480836
-0.0480842
-0.0480846
-0.0480852
-0.0480857
-0.0480863
-0.0480867
-0.0480873
-0.0480878
-0.0480884
-0.0480888
-0.0480894
-0.0480899
-0.0480905
-0.048091
-0.0480915
-0.048092
-0.0480926
-0.0480931
-0.0480936
-0.0480941
-0.0480947
-0.0480952
-0.0480957
-0.0480963
-0.0480968
-0.0480973
-0.0480978
-0.0480984
-0.0480989
-0.0480994
-0.0480999
-0.0481005
-0.048101
-0.0481015
-0.048102
-0.0481026
-0.0481031
-0.0481037
-0.0481041
-0.0481047
-0.0481052
-0.0481058
-0.0481062
-0.0481068
-0.0481073
-0.0481079
-0.0481083
-0.0481089
-0.0481094
-0.04811
-0.0481104
-0.0481111
-0.0481115
-0.0481121
-0.0481125
-0.0481132
-0.0481136
-0.0481142
-0.0481147
-0.0481153
-0.0481157
-0.0481163
-0.0481168
-0.0481174
-0.0481178
-0.0481184
-0.0481189
-0.0481195
-0.0481199
-0.0481206
-0.048121
-0.0481216
-0.048122
-0.0481227
-0.0481231
-0.0481237
-0.0481241
-0.0481248
-0.0481252
-0.0481258
-0.0481263
-0.0481269
-0.0481273
-0.0481279
-0.0481284
-0.048129
-0.0481294
-0.04813
-0.0481305
-0.0481311
-0.0481316
-0.0481321
-0.0481326
-0.0481332
-0.0481337
-0.0481342
-0.0481347
-0.0481353
-0.0481358
-0.0481363
-0.0481368
-0.0481374
-0.0481379
-0.0481384
-0.048139
-0.0481395
-0.04814
-0.0481405
-0.0481411
-0.0481416
-0.0481421
-0.0481426
-0.0481432
-0.0481437
-0.0481443
-0.0481447
-0.0481453
-0.0481458
-0.0481464
-0.0481468
-0.0481474
-0.0481479
-0.0481485
-0.0481489
-0.0481495
-0.04815
-0.0481506
-0.048151
-0.0481517
-0.0481521
-0.0481527
-0.0481531
-0.0481538
-0.0481542
-0.0481548
-0.0481552
-0.0481559
-0.0481563
-0.0481569
-0.0481574
-0.048158
-0.0481584
-0.048159
-0.0481595
-0.0481601
-0.0481605
-0.0481611
-0.0481616
-0.0481622
-0.0481626
-0.0481632
-0.0481637
-0.0481643
-0.0481647
-0.0481654
-0.0481658
-0.0481664
-0.0481669
-0.0481675
-0.0481679
-0.0481685
-0.048169
-0.0481696
-0.04817
-0.0481706
-0.0481711
-0.0481717
-0.0481722
-0.0481727
-0.0481732
-0.0481738
-0.0481743
-0.0481748
-0.0481753
-0.0481759
-0.0481764
-0.0481769
-0.0481775
-0.048178
-0.0481785
-0.048179
-0.0481796
-0.0481801
-0.0481806
-0.0481811
-0.0481817
-0.0481822
-0.0481827
-0.0481832
-0.0481838
-0.0481843
-0.0481849
-0.0481853
-0.0481859
-0.0481864
-0.048187
-0.0481874
-0.048188
-0.0481885
-0.0481891
-0.0481895
-0.0481901
-0.0481906
-0.0481912
-0.0481916
-0.0481923
-0.0481927
-0.0481933
-0.0481937
-0.0481944
-0.0481948
-0.0481954
-0.0481958
-0.0481965
-0.0481969
-0.0481975
-0.048198
-0.0481986
-0.048199
-0.0481996
-0.0482001
-0.0482007
-0.0482011
-0.0482017
-0.0482022
-0.0482028
-0.0482032
-0.0482038
-0.0482043
-0.0482049
-0.0482054
-0.0482059
-0.0482064
-0.048207
-0.0482075
-0.0482081
-0.0482085
-0.0482091
-0.0482096
-0.0482102
-0.0482107
-0.0482112
-0.0482117
-0.0482123
-0.0482128
-0.0482133
-0.0482138
-0.0482144
-0.0482149
-0.0482154
-0.048216
-0.0482165
-0.048217
-0.0482175
-0.0482181
-0.0482186
-0.0482191
-0.0482196
-0.0482202
-0.0482207
-0.0482212
-0.0482217
-0.0482223
-0.0482228
-0.0482234
-0.0482238
-0.0482244
-0.0482249
-0.0482255
-0.0482259
-0.0482265
-0.048227
-0.0482276
-0.048228
-0.0482286
-0.0482291
-0.0482297
-0.0482301
-0.0482308
-0.0482312
-0.0482318
-0.0482322
-0.0482329
-0.0482333
-0.0482339
-0.0482343
-0.048235
-0.0482354
