0
0
0
2.64698e-23
-5.29396e-23
5.29396e-23
0
0
2.11758e-22
0
0
0
-4.23516e-22
-8.47033e-22
-8.47033e-22
-8.47033e-22
-4.23516e-22
0
0
8.47033e-22
0
0
-8.47033e-22
0
0
0
1.69407e-21
1.69407e-21
3.38813e-21
5.0822e-21
6.77626e-21
5.0822e-21
1.69407e-21
0
3.38813e-21
3.38813e-21
3.38813e-21
-3.38813e-21
0
3.38813e-21
3.38813e-21
3.38813e-21
3.38813e-21
0
0
-3.38813e-21
-3.38813e-21
-6.77626e-21
6.77626e-21
6.77626e-21
0
-6.77626e-21
-1.35525e-20
0
-6.77626e-21
-6.77626e-21
0
6.77626e-21
1.35525e-20
1.35525e-20
6.77626e-21
6.77626e-21
6.77626e-21
1.35525e-20
2.03288e-20
3.38813e-20
2.71051e-20
4.06576e-20
4.06576e-20
5.42101e-20
5.42101e-20
5.42101e-20
4.06576e-20
2.71051e-20
4.06576e-20
2.71051e-20
2.71051e-20
2.71051e-20
2.71051e-20
2.71051e-20
1.35525e-20
0
0
0
0
0
0
0
-1.35525e-20
-1.35525e-20
-2.71051e-20
-2.71051e-20
0
-1.35525e-20
2.71051e-20
0
0
0
-2.71051e-20
-2.71051e-20
-8.13152e-20
-8.13152e-20
-8.13152e-20
-5.42101e-20
-5.42101e-20
-8.13152e-20
-1.0842e-19
-1.0842e-19
-8.13152e-20
-5.42101e-20
-5.42101e-20
-2.71051e-20
-2.71051e-20
-5.42101e-20
-5.42101e-20
-8.13152e-20
-8.13152e-20
-1.0842e-19
-5.42101e-20
-8.13152e-20
-1.0842e-19
-8.13152e-20
-8.13152e-20
-8.13152e-20
-8.13152e-20
-2.71051e-20
-2.71051e-20
-5.42101e-20
-8.13152e-20
-8.13152e-20
-8.13152e-20
-1.0842e-19
-5.42101e-20
-1.6263e-19
-2.1684e-19
-2.1684e-19
-2.71051e-19
-3.25261e-19
-3.25261e-19
-3.79471e-19
-4.33681e-19
-3.79471e-19
-4.33681e-19
-3.79471e-19
-3.25261e-19
-3.79471e-19
-3.79471e-19
-3.79471e-19
-4.33681e-19
-4.87891e-19
-5.96311e-19
-5.42101e-19
-5.42101e-19
-6.50521e-19
-7.04731e-19
-7.04731e-19
-6.50521e-19
-5.96311e-19
-5.96311e-19
-5.96311e-19
-5.42101e-19
-5.42101e-19
-5.42101e-19
-4.87891e-19
-5.42101e-19
-5.96311e-19
-5.96311e-19
-5.96311e-19
-5.42101e-19
-5.42101e-19
-4.87891e-19
-4.33681e-19
-4.33681e-19
-3.79471e-19
-3.25261e-19
-2.71051e-19
-3.25261e-19
-3.79471e-19
-3.25261e-19
-3.25261e-19
-2.71051e-19
-3.25261e-19
-3.25261e-19
-3.25261e-19
-2.71051e-19
-2.71051e-19
-1.6263e-19
-1.0842e-19
-1.0842e-19
0
2.1684e-19
3.25261e-19
2.1684e-19
2.1684e-19
1.0842e-19
1.0842e-19
2.1684e-19
1.0842e-19
1.0842e-19
1.0842e-19
0
0
-2.1684e-19
-2.1684e-19
-2.1684e-19
-2.1684e-19
-1.0842e-19
-1.0842e-19
0
0
1.0842e-19
0
1.0842e-19
0
0
-1.0842e-19
-1.0842e-19
-2.1684e-19
-2.1684e-19
-1.0842e-19
-2.1684e-19
-3.25261e-19
-4.33681e-19
-4.33681e-19
-5.42101e-19
-5.42101e-19
-5.42101e-19
-7.58942e-19
-6.50521e-19
-7.58942e-19
-8.67362e-19
-8.67362e-19
-8.67362e-19
-9.75782e-19
-8.67362e-19
-9.75782e-19
-9.75782e-19
-9.75782e-19
-9.75782e-19
-9.75782e-19
-9.75782e-19
-9.75782e-19
-9.75782e-19
-1.0842e-18
-8.67362e-19
-7.58942e-19
-7.58942e-19
-5.42101e-19
-6.50521e-19
-6.50521e-19
-7.58942e-19
-7.58942e-19
-8.67362e-19
-8.67362e-19
-7.58942e-19
-6.50521e-19
-4.33681e-19
-4.33681e-19
-4.33681e-19
-3.25261e-19
-3.25261e-19
-3.25261e-19
-3.25261e-19
-4.33681e-19
-4.33681e-19
-2.1684e-19
-2.1684e-19
-2.1684e-19
-2.1684e-19
0
2.1684e-19
2.1684e-19
2.1684e-19
4.33681e-19
2.1684e-19
2.1684e-19
0
0
2.1684e-19
4.33681e-19
6.50521e-19
6.50521e-19
6.50521e-19
6.50521e-19
8.67362e-19
1.0842e-18
8.67362e-19
8.67362e-19
6.50521e-19
6.50521e-19
6.50521e-19
6.50521e-19
6.50521e-19
4.33681e-19
2.1684e-19
4.33681e-19
0
0
0
0
0
0
0
0
-2.1684e-19
0
0
-2.1684e-19
0
0
-2.1684e-19
-2.1684e-19
-4.33681e-19
-4.33681e-19
-4.33681e-19
-6.50521e-19
-6.50521e-19
-8.67362e-19
-6.50521e-19
-8.67362e-19
-8.67362e-19
-8.67362e-19
-8.67362e-19
-1.0842e-18
-1.30104e-18
-1.30104e-18
-1.51788e-18
-1.51788e-18
-1.73472e-18
-1.0842e-18
-1.30104e-18
-1.0842e-18
-1.0842e-18
-1.0842e-18
-1.0842e-18
-1.0842e-18
-1.51788e-18
-1.73472e-18
-1.51788e-18
-1.51788e-18
-1.73472e-18
-1.73472e-18
-1.73472e-18
-1.73472e-18
-1.73472e-18
-1.30104e-18
-1.0842e-18
-1.0842e-18
-1.51788e-18
-1.30104e-18
-1.30104e-18
-8.67362e-19
-6.50521e-19
-8.67362e-19
-8.67362e-19
-1.0842e-18
-8.67362e-19
-6.50521e-19
-6.50521e-19
-6.50521e-19
-6.50521e-19
-6.50521e-19
-8.67362e-19
-6.50521e-19
-4.33681e-19
-2.1684e-19
0
4.33681e-19
2.1684e-19
4.33681e-19
6.50521e-19
8.67362e-19
8.67362e-19
1.30104e-18
1.30104e-18
1.73472e-18
1.73472e-18
2.1684e-18
1.73472e-18
1.73472e-18
1.30104e-18
1.73472e-18
1.73472e-18
2.1684e-18
1.73472e-18
2.60209e-18
2.60209e-18
3.03577e-18
3.46945e-18
3.46945e-18
3.03577e-18
3.03577e-18
3.46945e-18
3.46945e-18
3.03577e-18
3.03577e-18
3.46945e-18
2.60209e-18
2.60209e-18
3.03577e-18
3.03577e-18
3.03577e-18
3.46945e-18
3.03577e-18
2.60209e-18
2.60209e-18
2.60209e-18
2.1684e-18
2.1684e-18
2.1684e-18
2.1684e-18
2.1684e-18
2.1684e-18
2.60209e-18
3.03577e-18
3.03577e-18
3.03577e-18
3.46945e-18
4.33681e-18
4.77049e-18
4.77049e-18
5.20417e-18
5.20417e-18
5.63785e-18
5.63785e-18
6.07153e-18
5.63785e-18
6.07153e-18
5.63785e-18
5.63785e-18
5.20417e-18
5.20417e-18
4.77049e-18
4.33681e-18
4.33681e-18
5.63785e-18
5.20417e-18
5.20417e-18
4.77049e-18
4.33681e-18
3.90313e-18
4.33681e-18
4.77049e-18
5.63785e-18
5.63785e-18
5.63785e-18
5.20417e-18
5.63785e-18
5.63785e-18
5.63785e-18
5.63785e-18
5.63785e-18
6.07153e-18
6.50521e-18
6.93889e-18
6.50521e-18
6.07153e-18
6.07153e-18
6.07153e-18
6.07153e-18
6.07153e-18
6.50521e-18
6.50521e-18
6.50521e-18
6.50521e-18
6.07153e-18
6.07153e-18
5.63785e-18
5.63785e-18
5.63785e-18
5.63785e-18
6.50521e-18
6.07153e-18
5.63785e-18
6.07153e-18
5.63785e-18
5.20417e-18
5.63785e-18
6.07153e-18
6.50521e-18
5.63785e-18
5.20417e-18
5.63785e-18
6.07153e-18
6.07153e-18
6.50521e-18
6.93889e-18
6.50521e-18
6.07153e-18
5.63785e-18
5.20417e-18
4.77049e-18
4.77049e-18
4.33681e-18
3.90313e-18
3.46945e-18
3.90313e-18
3.46945e-18
3.90313e-18
3.46945e-18
3.46945e-18
3.46945e-18
3.03577e-18
3.03577e-18
2.60209e-18
2.1684e-18
1.30104e-18
1.30104e-18
1.30104e-18
1.73472e-18
2.1684e-18
2.1684e-18
2.1684e-18
2.60209e-18
3.03577e-18
3.46945e-18
3.46945e-18
3.46945e-18
3.90313e-18
3.90313e-18
3.90313e-18
3.90313e-18
4.33681e-18
3.90313e-18
4.33681e-18
4.33681e-18
4.33681e-18
5.20417e-18
5.63785e-18
5.20417e-18
5.20417e-18
5.20417e-18
5.20417e-18
5.20417e-18
4.33681e-18
3.46945e-18
3.46945e-18
3.46945e-18
2.60209e-18
2.60209e-18
3.46945e-18
3.46945e-18
3.46945e-18
4.33681e-18
4.33681e-18
4.33681e-18
4.33681e-18
5.20417e-18
3.46945e-18
3.46945e-18
3.46945e-18
3.46945e-18
3.46945e-18
2.60209e-18
1.73472e-18
8.67362e-19
1.73472e-18
1.73472e-18
1.73472e-18
2.60209e-18
1.73472e-18
1.73472e-18
8.67362e-19
1.73472e-18
8.67362e-19
1.73472e-18
1.73472e-18
1.73472e-18
8.67362e-19
1.73472e-18
1.73472e-18
1.73472e-18
1.73472e-18
1.73472e-18
2.60209e-18
2.60209e-18
2.60209e-18
2.60209e-18
3.46945e-18
2.60209e-18
1.73472e-18
8.67362e-19
8.67362e-19
0
0
8.67362e-19
8.67362e-19
0
1.73472e-18
8.67362e-19
8.67362e-19
8.67362e-19
2.60209e-18
2.60209e-18
1.73472e-18
1.73472e-18
8.67362e-19
1.73472e-18
1.73472e-18
2.60209e-18
1.73472e-18
2.60209e-18
2.60209e-18
2.60209e-18
1.73472e-18
1.73472e-18
1.73472e-18
1.73472e-18
2.60209e-18
1.73472e-18
1.73472e-18
0
8.67362e-19
1.73472e-18
8.67362e-19
8.67362e-19
8.67362e-19
-8.67362e-19
-8.67362e-19
0
-8.67362e-19
0
0
-8.67362e-19
0
0
-2.60209e-18
-3.46945e-18
-3.46945e-18
-2.60209e-18
-2.60209e-18
-2.60209e-18
-3.46945e-18
-4.33681e-18
-4.33681e-18
-4.33681e-18
-5.20417e-18
-4.33681e-18
-3.46945e-18
-4.33681e-18
-4.33681e-18
-4.33681e-18
-2.60209e-18
-1.73472e-18
-1.73472e-18
-8.67362e-19
-8.67362e-19
-8.67362e-19
0
-8.67362e-19
0
0
8.67362e-19
8.67362e-19
8.67362e-19
0
0
0
8.67362e-19
1.73472e-18
2.60209e-18
1.73472e-18
2.60209e-18
2.60209e-18
3.46945e-18
1.73472e-18
2.60209e-18
2.60209e-18
2.60209e-18
2.60209e-18
3.46945e-18
3.46945e-18
1.73472e-18
8.67362e-19
8.67362e-19
8.67362e-19
8.67362e-19
0
-1.73472e-18
-8.67362e-19
-8.67362e-19
0
-8.67362e-19
0
0
0
0
0
-1.73472e-18
-8.67362e-19
-8.67362e-19
-8.67362e-19
0
0
0
0
8.67362e-19
8.67362e-19
8.67362e-19
1.73472e-18
1.73472e-18
2.60209e-18
2.60209e-18
8.67362e-19
0
8.67362e-19
-8.67362e-19
-1.73472e-18
-1.73472e-18
-8.67362e-19
-1.73472e-18
-2.60209e-18
-2.60209e-18
-3.46945e-18
-2.60209e-18
-2.60209e-18
-1.73472e-18
-2.60209e-18
-1.73472e-18
-1.73472e-18
-1.73472e-18
0
0
8.67362e-19
8.67362e-19
8.67362e-19
8.67362e-19
8.67362e-19
0
0
-8.67362e-19
-8.67362e-19
-1.73472e-18
-8.67362e-19
-8.67362e-19
-8.67362e-19
-1.73472e-18
-8.67362e-19
-8.67362e-19
-8.67362e-19
-1.73472e-18
-8.67362e-19
-1.73472e-18
-2.60209e-18
-8.67362e-19
-1.73472e-18
-2.60209e-18
-1.73472e-18
-1.73472e-18
-2.60209e-18
-2.60209e-18
-3.46945e-18
-4.33681e-18
-4.33681e-18
-3.46945e-18
-5.20417e-18
-5.20417e-18
-5.20417e-18
-6.07153e-18
-4.33681e-18
-3.46945e-18
-3.46945e-18
-2.60209e-18
-1.73472e-18
-8.67362e-19
-1.73472e-18
-3.46945e-18
-5.20417e-18
-5.20417e-18
-5.20417e-18
-5.20417e-18
-3.46945e-18
-5.20417e-18
-6.93889e-18
-6.93889e-18
-5.20417e-18
-5.20417e-18
-3.46945e-18
-1.73472e-18
-1.73472e-18
-1.73472e-18
-1.73472e-18
0
-1.73472e-18
-1.73472e-18
-1.73472e-18
-1.73472e-18
-3.46945e-18
-1.73472e-18
-1.73472e-18
-1.73472e-18
-1.73472e-18
-1.73472e-18
0
0
0
1.73472e-18
1.73472e-18
1.73472e-18
1.73472e-18
1.73472e-18
3.46945e-18
6.93889e-18
1.04083e-17
1.04083e-17
1.21431e-17
1.38778e-17
1.38778e-17
1.38778e-17
1.21431e-17
1.04083e-17
8.67362e-18
8.67362e-18
8.67362e-18
6.93889e-18
6.93889e-18
8.67362e-18
8.67362e-18
1.04083e-17
1.04083e-17
8.67362e-18
1.04083e-17
1.38778e-17
1.21431e-17
1.21431e-17
1.21431e-17
1.21431e-17
1.21431e-17
1.21431e-17
1.04083e-17
8.67362e-18
6.93889e-18
6.93889e-18
6.93889e-18
6.93889e-18
6.93889e-18
6.93889e-18
6.93889e-18
5.20417e-18
5.20417e-18
5.20417e-18
5.20417e-18
5.20417e-18
5.20417e-18
5.20417e-18
1.73472e-18
0
0
0
0
-1.73472e-18
-3.46945e-18
-3.46945e-18
-1.73472e-18
-1.73472e-18
-5.20417e-18
-1.73472e-18
1.73472e-18
1.73472e-18
5.20417e-18
3.46945e-18
5.20417e-18
6.93889e-18
6.93889e-18
5.20417e-18
5.20417e-18
3.46945e-18
5.20417e-18
5.20417e-18
6.93889e-18
8.67362e-18
6.93889e-18
6.93889e-18
8.67362e-18
8.67362e-18
1.04083e-17
1.04083e-17
1.21431e-17
1.38778e-17
1.56125e-17
1.56125e-17
1.73472e-17
1.56125e-17
1.38778e-17
1.56125e-17
1.56125e-17
1.56125e-17
1.56125e-17
1.56125e-17
1.73472e-17
1.73472e-17
1.56125e-17
1.38778e-17
1.38778e-17
1.56125e-17
1.38778e-17
1.04083e-17
1.21431e-17
1.38778e-17
1.38778e-17
1.56125e-17
1.56125e-17
1.73472e-17
1.73472e-17
1.38778e-17
1.38778e-17
1.21431e-17
1.04083e-17
8.67362e-18
8.67362e-18
8.67362e-18
1.04083e-17
8.67362e-18
6.93889e-18
5.20417e-18
5.20417e-18
3.46945e-18
3.46945e-18
3.46945e-18
3.46945e-18
5.20417e-18
3.46945e-18
3.46945e-18
3.46945e-18
3.46945e-18
5.20417e-18
5.20417e-18
3.46945e-18
1.73472e-18
1.73472e-18
1.73472e-18
1.73472e-18
0
0
-1.73472e-18
-1.73472e-18
-1.73472e-18
-1.73472e-18
-3.46945e-18
-5.20417e-18
-5.20417e-18
-5.20417e-18
-3.46945e-18
-5.20417e-18
-3.46945e-18
-5.20417e-18
-6.93889e-18
-8.67362e-18
-1.04083e-17
-1.04083e-17
-1.04083e-17
-1.04083e-17
-1.04083e-17
-1.21431e-17
-1.38778e-17
-1.38778e-17
-1.38778e-17
-1.38778e-17
-1.21431e-17
-1.21431e-17
-1.04083e-17
-8.67362e-18
-6.93889e-18
-8.67362e-18
-6.93889e-18
-6.93889e-18
-6.93889e-18
-6.93889e-18
-5.20417e-18
-5.20417e-18
-5.20417e-18
-5.20417e-18
-5.20417e-18
-3.46945e-18
-5.20417e-18
-5.20417e-18
-5.20417e-18
-6.93889e-18
-6.93889e-18
-6.93889e-18
-6.93889e-18
-5.20417e-18
-6.93889e-18
-8.67362e-18
-6.93889e-18
-6.93889e-18
-6.93889e-18
-6.93889e-18
-5.20417e-18
-5.20417e-18
-6.93889e-18
-6.93889e-18
-8.67362e-18
-1.21431e-17
-1.38778e-17
-1.38778e-17
-1.21431e-17
-1.21431e-17
-1.38778e-17
-1.38778e-17
-1.21431e-17
-1.21431e-17
-8.67362e-18
-8.67362e-18
-1.04083e-17
-1.21431e-17
-1.21431e-17
-1.21431e-17
-1.21431e-17
-1.38778e-17
-1.56125e-17
-1.38778e-17
-1.38778e-17
-1.56125e-17
-1.38778e-17
-1.73472e-17
-1.73472e-17
-1.9082e-17
-1.9082e-17
-1.9082e-17
-2.08167e-17
-2.08167e-17
-2.08167e-17
-1.9082e-17
-1.9082e-17
-1.9082e-17
-1.9082e-17
-1.9082e-17
-1.73472e-17
-1.73472e-17
-1.9082e-17
-1.9082e-17
-1.9082e-17
-2.08167e-17
-1.9082e-17
-1.73472e-17
-1.73472e-17
-1.56125e-17
-1.56125e-17
-1.56125e-17
-1.56125e-17
-1.73472e-17
-1.9082e-17
-2.08167e-17
-1.9082e-17
-1.9082e-17
-1.56125e-17
-1.73472e-17
-1.9082e-17
-1.9082e-17
-1.73472e-17
-1.73472e-17
-1.73472e-17
-1.56125e-17
-1.73472e-17
-1.73472e-17
-1.73472e-17
-1.56125e-17
-1.73472e-17
-1.56125e-17
-1.73472e-17
-1.9082e-17
-2.08167e-17
-2.25514e-17
-2.25514e-17
-2.25514e-17
-2.60209e-17
-2.42861e-17
-2.60209e-17
-2.77556e-17
-2.60209e-17
-2.60209e-17
-2.42861e-17
-2.42861e-17
-2.08167e-17
-1.9082e-17
-2.08167e-17
-2.25514e-17
-2.42861e-17
-2.25514e-17
-2.25514e-17
-1.9082e-17
-1.56125e-17
-1.56125e-17
-1.38778e-17
-1.21431e-17
-1.04083e-17
-1.04083e-17
-8.67362e-18
-1.04083e-17
-1.21431e-17
-1.21431e-17
-8.67362e-18
-8.67362e-18
-3.46945e-18
-3.46945e-18
-1.73472e-18
-1.73472e-18
-1.73472e-18
1.73472e-18
1.73472e-18
0
-1.73472e-18
-1.73472e-18
-1.73472e-18
0
0
0
0
-1.73472e-18
0
1.73472e-18
3.46945e-18
3.46945e-18
3.46945e-18
1.73472e-18
1.73472e-18
1.73472e-18
1.73472e-18
0
3.46945e-18
5.20417e-18
5.20417e-18
6.93889e-18
5.20417e-18
3.46945e-18
5.20417e-18
6.93889e-18
6.93889e-18
6.93889e-18
8.67362e-18
5.20417e-18
5.20417e-18
3.46945e-18
3.46945e-18
3.46945e-18
1.73472e-18
3.46945e-18
3.46945e-18
5.20417e-18
8.67362e-18
8.67362e-18
8.67362e-18
8.67362e-18
6.93889e-18
8.67362e-18
8.67362e-18
8.67362e-18
5.20417e-18
5.20417e-18
5.20417e-18
8.67362e-18
6.93889e-18
6.93889e-18
6.93889e-18
8.67362e-18
8.67362e-18
1.04083e-17
1.04083e-17
1.04083e-17
8.67362e-18
6.93889e-18
5.20417e-18
6.93889e-18
8.67362e-18
1.04083e-17
1.38778e-17
1.21431e-17
1.21431e-17
1.21431e-17
1.21431e-17
1.04083e-17
8.67362e-18
8.67362e-18
1.04083e-17
8.67362e-18
1.04083e-17
1.38778e-17
1.56125e-17
1.73472e-17
1.73472e-17
1.9082e-17
1.9082e-17
2.08167e-17
1.9082e-17
1.9082e-17
1.9082e-17
1.9082e-17
1.9082e-17
1.9082e-17
2.08167e-17
1.73472e-17
1.56125e-17
1.38778e-17
1.38778e-17
1.21431e-17
1.04083e-17
8.67362e-18
8.67362e-18
8.67362e-18
6.93889e-18
5.20417e-18
8.67362e-18
6.93889e-18
6.93889e-18
8.67362e-18
8.67362e-18
6.93889e-18
6.93889e-18
8.67362e-18
8.67362e-18
6.93889e-18
6.93889e-18
6.93889e-18
6.93889e-18
5.20417e-18
8.67362e-18
6.93889e-18
3.46945e-18
1.73472e-18
1.73472e-18
3.46945e-18
6.93889e-18
1.04083e-17
6.93889e-18
1.04083e-17
1.38778e-17
1.38778e-17
1.04083e-17
6.93889e-18
1.04083e-17
1.04083e-17
6.93889e-18
6.93889e-18
3.46945e-18
6.93889e-18
3.46945e-18
3.46945e-18
0
0
0
3.46945e-18
3.46945e-18
3.46945e-18
0
3.46945e-18
1.04083e-17
6.93889e-18
1.04083e-17
1.04083e-17
1.38778e-17
1.73472e-17
1.73472e-17
2.08167e-17
2.08167e-17
2.08167e-17
1.73472e-17
1.73472e-17
1.38778e-17
1.38778e-17
1.04083e-17
1.38778e-17
1.38778e-17
1.73472e-17
2.08167e-17
2.08167e-17
2.08167e-17
2.08167e-17
2.08167e-17
2.08167e-17
2.08167e-17
2.42861e-17
2.77556e-17
3.1225e-17
3.1225e-17
3.81639e-17
3.81639e-17
3.81639e-17
4.16334e-17
4.51028e-17
4.85723e-17
4.85723e-17
5.55112e-17
5.89806e-17
6.245e-17
6.245e-17
5.89806e-17
5.89806e-17
5.89806e-17
6.245e-17
6.59195e-17
6.59195e-17
6.59195e-17
6.245e-17
6.245e-17
5.89806e-17
5.55112e-17
5.20417e-17
5.20417e-17
4.85723e-17
5.20417e-17
5.20417e-17
5.55112e-17
5.55112e-17
5.55112e-17
5.89806e-17
5.89806e-17
6.245e-17
6.245e-17
6.245e-17
6.245e-17
5.89806e-17
5.89806e-17
6.245e-17
6.59195e-17
5.89806e-17
5.89806e-17
6.245e-17
6.245e-17
6.245e-17
6.245e-17
6.245e-17
6.245e-17
6.59195e-17
6.59195e-17
6.93889e-17
7.28584e-17
7.28584e-17
7.28584e-17
7.63278e-17
7.28584e-17
7.28584e-17
7.97973e-17
7.63278e-17
7.97973e-17
7.97973e-17
7.97973e-17
7.97973e-17
7.63278e-17
7.63278e-17
7.63278e-17
7.97973e-17
8.67362e-17
8.32667e-17
8.32667e-17
7.97973e-17
7.63278e-17
7.63278e-17
7.28584e-17
7.28584e-17
7.28584e-17
7.28584e-17
7.28584e-17
7.28584e-17
7.28584e-17
6.93889e-17
6.59195e-17
6.59195e-17
6.93889e-17
6.93889e-17
6.93889e-17
6.93889e-17
6.93889e-17
6.93889e-17
6.59195e-17
6.93889e-17
6.93889e-17
6.59195e-17
6.93889e-17
6.93889e-17
7.28584e-17
6.93889e-17
6.93889e-17
6.59195e-17
6.93889e-17
7.28584e-17
6.93889e-17
7.28584e-17
6.93889e-17
6.93889e-17
7.28584e-17
6.93889e-17
6.59195e-17
6.93889e-17
6.59195e-17
6.59195e-17
6.93889e-17
6.93889e-17
6.59195e-17
6.59195e-17
6.245e-17
6.245e-17
5.89806e-17
5.89806e-17
5.89806e-17
5.55112e-17
5.55112e-17
5.55112e-17
5.55112e-17
5.20417e-17
4.51028e-17
4.85723e-17
4.51028e-17
4.51028e-17
4.51028e-17
4.51028e-17
4.85723e-17
4.85723e-17
5.20417e-17
4.85723e-17
5.20417e-17
4.85723e-17
5.20417e-17
4.85723e-17
4.85723e-17
4.51028e-17
4.51028e-17
4.51028e-17
4.16334e-17
4.16334e-17
4.16334e-17
4.16334e-17
3.81639e-17
3.81639e-17
3.46945e-17
3.46945e-17
3.1225e-17
3.1225e-17
2.77556e-17
2.42861e-17
2.08167e-17
2.08167e-17
2.08167e-17
1.73472e-17
2.08167e-17
2.42861e-17
2.77556e-17
2.42861e-17
2.77556e-17
2.08167e-17
2.77556e-17
3.1225e-17
2.77556e-17
3.1225e-17
3.46945e-17
4.16334e-17
4.51028e-17
4.51028e-17
4.85723e-17
5.20417e-17
5.20417e-17
5.20417e-17
5.20417e-17
5.20417e-17
5.20417e-17
4.51028e-17
4.51028e-17
4.51028e-17
4.51028e-17
4.51028e-17
4.51028e-17
4.16334e-17
4.16334e-17
4.51028e-17
4.51028e-17
4.51028e-17
4.16334e-17
4.51028e-17
4.51028e-17
4.16334e-17
4.85723e-17
5.20417e-17
5.89806e-17
6.245e-17
6.245e-17
6.245e-17
6.245e-17
6.59195e-17
6.93889e-17
6.93889e-17
6.93889e-17
6.93889e-17
6.93889e-17
6.93889e-17
6.59195e-17
6.245e-17
6.245e-17
6.245e-17
5.89806e-17
5.89806e-17
5.55112e-17
5.55112e-17
5.20417e-17
5.20417e-17
5.55112e-17
4.85723e-17
5.20417e-17
5.55112e-17
4.85723e-17
4.51028e-17
4.16334e-17
4.16334e-17
4.16334e-17
3.81639e-17
3.81639e-17
3.46945e-17
3.46945e-17
3.46945e-17
3.46945e-17
3.1225e-17
3.46945e-17
3.1225e-17
3.46945e-17
3.81639e-17
3.81639e-17
3.81639e-17
3.46945e-17
3.81639e-17
3.81639e-17
4.16334e-17
3.81639e-17
3.81639e-17
3.81639e-17
3.81639e-17
3.81639e-17
3.46945e-17
3.81639e-17
3.46945e-17
3.46945e-17
2.77556e-17
3.1225e-17
2.77556e-17
2.77556e-17
3.1225e-17
2.77556e-17
2.77556e-17
3.1225e-17
2.77556e-17
2.77556e-17
2.42861e-17
2.77556e-17
2.77556e-17
2.42861e-17
3.1225e-17
3.1225e-17
2.77556e-17
3.1225e-17
3.1225e-17
3.1225e-17
3.1225e-17
3.46945e-17
3.46945e-17
3.1225e-17
3.46945e-17
2.77556e-17
2.42861e-17
2.08167e-17
2.08167e-17
2.08167e-17
1.73472e-17
1.38778e-17
1.38778e-17
1.73472e-17
1.38778e-17
1.04083e-17
1.04083e-17
1.04083e-17
1.38778e-17
1.38778e-17
1.04083e-17
1.38778e-17
2.08167e-17
2.08167e-17
1.38778e-17
1.04083e-17
1.04083e-17
6.93889e-18
6.93889e-18
1.04083e-17
6.93889e-18
1.04083e-17
6.93889e-18
3.46945e-18
3.46945e-18
0
3.46945e-18
3.46945e-18
3.46945e-18
0
0
-3.46945e-18
-3.46945e-18
-3.46945e-18
0
-3.46945e-18
-3.46945e-18
-3.46945e-18
-3.46945e-18
-3.46945e-18
0
3.46945e-18
6.93889e-18
1.38778e-17
1.04083e-17
1.38778e-17
1.04083e-17
1.38778e-17
1.38778e-17
1.73472e-17
1.73472e-17
1.73472e-17
1.73472e-17
2.08167e-17
2.08167e-17
2.08167e-17
2.08167e-17
2.08167e-17
2.42861e-17
2.42861e-17
2.08167e-17
1.73472e-17
1.38778e-17
1.38778e-17
1.38778e-17
1.38778e-17
1.04083e-17
1.04083e-17
1.04083e-17
1.04083e-17
1.04083e-17
1.04083e-17
1.04083e-17
1.04083e-17
6.93889e-18
1.04083e-17
1.04083e-17
1.04083e-17
1.04083e-17
3.46945e-18
6.93889e-18
6.93889e-18
3.46945e-18
3.46945e-18
0
0
-6.93889e-18
-6.93889e-18
-3.46945e-18
0
3.46945e-18
3.46945e-18
3.46945e-18
3.46945e-18
6.93889e-18
1.04083e-17
1.04083e-17
1.04083e-17
1.04083e-17
1.04083e-17
1.38778e-17
1.04083e-17
1.04083e-17
6.93889e-18
6.93889e-18
1.04083e-17
1.38778e-17
1.04083e-17
1.73472e-17
1.73472e-17
1.73472e-17
1.73472e-17
1.73472e-17
1.73472e-17
1.73472e-17
1.73472e-17
1.38778e-17
1.38778e-17
1.38778e-17
1.38778e-17
1.38778e-17
1.38778e-17
1.38778e-17
6.93889e-18
3.46945e-18
3.46945e-18
3.46945e-18
6.93889e-18
6.93889e-18
3.46945e-18
3.46945e-18
0
0
6.93889e-18
6.93889e-18
6.93889e-18
6.93889e-18
6.93889e-18
3.46945e-18
3.46945e-18
3.46945e-18
6.93889e-18
3.46945e-18
3.46945e-18
0
3.46945e-18
3.46945e-18
6.93889e-18
6.93889e-18
1.04083e-17
6.93889e-18
6.93889e-18
3.46945e-18
3.46945e-18
3.46945e-18
3.46945e-18
3.46945e-18
3.46945e-18
0
3.46945e-18
0
-3.46945e-18
-3.46945e-18
-6.93889e-18
-6.93889e-18
-6.93889e-18
-1.04083e-17
-1.04083e-17
-1.38778e-17
-1.73472e-17
-1.73472e-17
-1.38778e-17
-1.73472e-17
-1.73472e-17
-2.08167e-17
-1.73472e-17
-1.73472e-17
-1.38778e-17
-1.73472e-17
-1.38778e-17
-1.73472e-17
-1.73472e-17
-1.38778e-17
-1.73472e-17
-1.73472e-17
-1.73472e-17
-1.38778e-17
-1.38778e-17
-1.73472e-17
-1.73472e-17
-1.38778e-17
-1.73472e-17
-1.38778e-17
-1.38778e-17
-1.38778e-17
-1.38778e-17
-1.38778e-17
-1.73472e-17
-1.73472e-17
-2.08167e-17
-1.73472e-17
-1.38778e-17
-1.38778e-17
-1.38778e-17
-1.73472e-17
-1.73472e-17
-1.04083e-17
-6.93889e-18
0
0
3.46945e-18
6.93889e-18
6.93889e-18
1.04083e-17
1.73472e-17
1.73472e-17
1.73472e-17
1.38778e-17
1.38778e-17
1.38778e-17
1.38778e-17
1.38778e-17
1.38778e-17
1.38778e-17
1.04083e-17
1.04083e-17
1.38778e-17
1.73472e-17
2.08167e-17
1.73472e-17
2.08167e-17
2.08167e-17
1.73472e-17
1.73472e-17
1.73472e-17
2.08167e-17
1.73472e-17
1.04083e-17
1.38778e-17
1.38778e-17
1.38778e-17
1.38778e-17
1.73472e-17
2.08167e-17
2.08167e-17
2.08167e-17
1.73472e-17
1.38778e-17
6.93889e-18
6.93889e-18
1.04083e-17
1.04083e-17
1.04083e-17
1.73472e-17
2.08167e-17
2.42861e-17
2.42861e-17
2.42861e-17
2.77556e-17
3.1225e-17
3.46945e-17
3.1225e-17
3.1225e-17
2.77556e-17
2.77556e-17
2.42861e-17
2.42861e-17
2.42861e-17
2.42861e-17
2.42861e-17
2.77556e-17
3.1225e-17
3.46945e-17
3.1225e-17
3.1225e-17
3.1225e-17
3.1225e-17
2.77556e-17
2.77556e-17
2.42861e-17
2.08167e-17
2.08167e-17
2.08167e-17
2.42861e-17
2.08167e-17
2.08167e-17
1.73472e-17
2.08167e-17
2.08167e-17
1.73472e-17
1.73472e-17
1.38778e-17
1.38778e-17
1.38778e-17
1.38778e-17
1.73472e-17
1.38778e-17
2.08167e-17
2.08167e-17
2.42861e-17
3.1225e-17
2.77556e-17
2.42861e-17
2.08167e-17
2.08167e-17
1.73472e-17
1.38778e-17
1.38778e-17
1.04083e-17
1.38778e-17
1.04083e-17
6.93889e-18
1.04083e-17
6.93889e-18
1.04083e-17
1.04083e-17
1.38778e-17
1.04083e-17
1.04083e-17
1.04083e-17
6.93889e-18
1.04083e-17
1.04083e-17
1.04083e-17
1.04083e-17
1.38778e-17
1.73472e-17
1.38778e-17
1.38778e-17
1.73472e-17
2.08167e-17
2.42861e-17
2.42861e-17
2.77556e-17
2.77556e-17
2.77556e-17
2.42861e-17
2.77556e-17
3.1225e-17
3.1225e-17
3.46945e-17
3.1225e-17
3.1225e-17
3.1225e-17
2.77556e-17
2.77556e-17
3.1225e-17
3.1225e-17
3.1225e-17
3.1225e-17
3.1225e-17
2.77556e-17
2.77556e-17
3.1225e-17
2.77556e-17
2.77556e-17
2.77556e-17
3.1225e-17
3.1225e-17
2.77556e-17
2.77556e-17
2.77556e-17
2.77556e-17
2.77556e-17
3.1225e-17
3.1225e-17
2.77556e-17
2.77556e-17
3.1225e-17
2.77556e-17
2.77556e-17
2.42861e-17
2.42861e-17
2.42861e-17
2.77556e-17
2.77556e-17
2.08167e-17
2.08167e-17
2.08167e-17
2.08167e-17
2.08167e-17
1.73472e-17
2.08167e-17
2.42861e-17
2.42861e-17
2.08167e-17
2.42861e-17
2.42861e-17
2.42861e-17
2.42861e-17
2.08167e-17
1.73472e-17
1.73472e-17
1.73472e-17
1.38778e-17
1.73472e-17
1.73472e-17
2.08167e-17
2.08167e-17
2.08167e-17
2.42861e-17
2.08167e-17
2.42861e-17
2.77556e-17
2.77556e-17
2.77556e-17
2.77556e-17
2.77556e-17
2.42861e-17
2.77556e-17
2.77556e-17
3.1225e-17
3.1225e-17
2.77556e-17
2.42861e-17
2.42861e-17
2.42861e-17
2.08167e-17
2.08167e-17
2.08167e-17
2.08167e-17
2.08167e-17
2.08167e-17
1.38778e-17
1.73472e-17
2.08167e-17
2.42861e-17
2.42861e-17
2.08167e-17
1.73472e-17
1.73472e-17
1.73472e-17
1.73472e-17
1.73472e-17
1.73472e-17
1.38778e-17
1.38778e-17
1.38778e-17
1.73472e-17
1.38778e-17
2.08167e-17
1.73472e-17
1.38778e-17
1.38778e-17
1.38778e-17
1.04083e-17
1.73472e-17
2.42861e-17
2.77556e-17
3.1225e-17
2.77556e-17
3.1225e-17
2.77556e-17
2.08167e-17
2.08167e-17
2.42861e-17
1.73472e-17
1.38778e-17
1.38778e-17
1.38778e-17
1.38778e-17
1.38778e-17
1.73472e-17
1.73472e-17
1.38778e-17
1.04083e-17
6.93889e-18
1.04083e-17
1.38778e-17
1.38778e-17
1.73472e-17
1.38778e-17
1.38778e-17
2.08167e-17
2.77556e-17
2.77556e-17
2.77556e-17
2.77556e-17
2.42861e-17
2.77556e-17
2.42861e-17
2.77556e-17
3.1225e-17
3.46945e-17
3.1225e-17
3.46945e-17
3.1225e-17
3.46945e-17
3.46945e-17
3.81639e-17
3.1225e-17
3.1225e-17
3.1225e-17
3.46945e-17
3.81639e-17
3.46945e-17
3.46945e-17
3.46945e-17
3.46945e-17
3.81639e-17
3.81639e-17
3.81639e-17
3.81639e-17
3.46945e-17
3.46945e-17
3.81639e-17
3.81639e-17
4.16334e-17
4.16334e-17
4.16334e-17
3.81639e-17
3.1225e-17
3.1225e-17
3.46945e-17
3.81639e-17
3.46945e-17
3.81639e-17
3.81639e-17
4.16334e-17
3.46945e-17
3.81639e-17
3.81639e-17
3.46945e-17
3.1225e-17
2.77556e-17
3.1225e-17
3.1225e-17
2.77556e-17
2.77556e-17
2.42861e-17
2.08167e-17
2.42861e-17
1.73472e-17
1.73472e-17
1.04083e-17
1.04083e-17
1.38778e-17
1.38778e-17
1.04083e-17
1.04083e-17
1.04083e-17
6.93889e-18
0
0
0
-3.46945e-18
0
6.93889e-18
0
0
3.46945e-18
1.04083e-17
1.38778e-17
1.73472e-17
1.38778e-17
1.38778e-17
1.73472e-17
1.73472e-17
1.73472e-17
2.08167e-17
2.42861e-17
2.77556e-17
3.1225e-17
3.1225e-17
2.77556e-17
3.46945e-17
3.1225e-17
3.1225e-17
2.77556e-17
2.77556e-17
2.42861e-17
2.42861e-17
2.42861e-17
2.77556e-17
2.77556e-17
2.42861e-17
2.42861e-17
2.08167e-17
1.73472e-17
1.73472e-17
2.08167e-17
2.08167e-17
2.77556e-17
2.42861e-17
2.08167e-17
1.73472e-17
2.08167e-17
1.73472e-17
2.08167e-17
2.08167e-17
2.42861e-17
2.77556e-17
3.1225e-17
3.46945e-17
3.1225e-17
2.77556e-17
2.42861e-17
2.08167e-17
2.08167e-17
2.08167e-17
2.42861e-17
2.42861e-17
2.77556e-17
2.77556e-17
2.77556e-17
2.42861e-17
2.77556e-17
3.1225e-17
3.1225e-17
3.1225e-17
3.46945e-17
3.81639e-17
4.16334e-17
4.16334e-17
4.16334e-17
3.81639e-17
4.16334e-17
4.16334e-17
4.16334e-17
4.16334e-17
4.16334e-17
4.16334e-17
4.16334e-17
4.16334e-17
4.16334e-17
3.81639e-17
3.46945e-17
3.46945e-17
3.81639e-17
3.81639e-17
4.16334e-17
4.16334e-17
4.16334e-17
3.81639e-17
3.81639e-17
3.81639e-17
3.81639e-17
3.46945e-17
3.1225e-17
3.46945e-17
3.46945e-17
3.46945e-17
3.46945e-17
3.1225e-17
3.1225e-17
3.1225e-17
2.77556e-17
2.42861e-17
2.42861e-17
3.1225e-17
3.1225e-17
3.1225e-17
3.1225e-17
3.1225e-17
3.1225e-17
3.46945e-17
3.81639e-17
4.16334e-17
4.51028e-17
4.51028e-17
4.85723e-17
5.20417e-17
5.20417e-17
5.55112e-17
5.20417e-17
4.85723e-17
4.85723e-17
4.85723e-17
4.85723e-17
4.85723e-17
4.51028e-17
4.16334e-17
4.85723e-17
4.51028e-17
4.51028e-17
4.51028e-17
4.51028e-17
4.85723e-17
5.20417e-17
4.85723e-17
4.85723e-17
4.85723e-17
4.85723e-17
4.85723e-17
4.85723e-17
4.51028e-17
4.85723e-17
4.51028e-17
4.51028e-17
4.51028e-17
4.16334e-17
4.16334e-17
4.51028e-17
4.16334e-17
4.85723e-17
4.85723e-17
5.20417e-17
4.85723e-17
4.85723e-17
4.85723e-17
4.85723e-17
4.85723e-17
5.55112e-17
5.55112e-17
5.55112e-17
5.20417e-17
5.20417e-17
5.20417e-17
5.20417e-17
5.20417e-17
5.20417e-17
5.55112e-17
5.55112e-17
5.89806e-17
6.59195e-17
6.93889e-17
6.59195e-17
7.28584e-17
7.63278e-17
7.97973e-17
7.97973e-17
7.63278e-17
7.97973e-17
7.97973e-17
8.32667e-17
8.32667e-17
8.67362e-17
7.97973e-17
7.63278e-17
7.63278e-17
7.28584e-17
7.28584e-17
7.63278e-17
6.93889e-17
6.93889e-17
7.28584e-17
7.63278e-17
7.97973e-17
7.63278e-17
7.28584e-17
6.93889e-17
6.59195e-17
6.245e-17
6.245e-17
6.59195e-17
6.93889e-17
6.59195e-17
6.59195e-17
6.245e-17
6.245e-17
6.245e-17
6.245e-17
6.59195e-17
6.245e-17
6.245e-17
6.245e-17
5.89806e-17
5.89806e-17
6.59195e-17
6.93889e-17
6.93889e-17
6.93889e-17
7.28584e-17
7.63278e-17
7.28584e-17
7.28584e-17
7.28584e-17
6.93889e-17
6.59195e-17
6.245e-17
6.59195e-17
6.59195e-17
6.93889e-17
6.59195e-17
6.59195e-17
6.59195e-17
6.59195e-17
6.93889e-17
6.93889e-17
6.93889e-17
7.63278e-17
6.93889e-17
6.93889e-17
6.93889e-17
6.93889e-17
7.28584e-17
6.93889e-17
6.93889e-17
6.93889e-17
7.28584e-17
7.28584e-17
7.63278e-17
8.32667e-17
8.67362e-17
8.32667e-17
8.32667e-17
8.67362e-17
8.32667e-17
7.97973e-17
7.97973e-17
7.97973e-17
7.28584e-17
7.63278e-17
7.28584e-17
6.93889e-17
6.59195e-17
6.93889e-17
6.93889e-17
6.59195e-17
6.59195e-17
6.59195e-17
6.245e-17
6.59195e-17
6.93889e-17
6.93889e-17
6.93889e-17
6.59195e-17
6.93889e-17
6.93889e-17
7.63278e-17
7.63278e-17
7.63278e-17
8.32667e-17
7.97973e-17
7.97973e-17
8.32667e-17
7.63278e-17
7.28584e-17
7.63278e-17
7.97973e-17
7.97973e-17
7.97973e-17
7.97973e-17
7.97973e-17
8.32667e-17
8.32667e-17
8.67362e-17
8.32667e-17
8.32667e-17
8.67362e-17
8.67362e-17
9.02056e-17
9.36751e-17
9.36751e-17
9.71445e-17
1.00614e-16
1.07553e-16
1.11022e-16
1.14492e-16
1.17961e-16
1.17961e-16
1.14492e-16
1.14492e-16
1.17961e-16
1.21431e-16
1.21431e-16
1.17961e-16
1.17961e-16
1.14492e-16
1.14492e-16
1.14492e-16
1.14492e-16
1.17961e-16
1.11022e-16
1.14492e-16
1.14492e-16
1.17961e-16
1.17961e-16
1.14492e-16
1.17961e-16
1.14492e-16
1.21431e-16
1.21431e-16
1.249e-16
1.249e-16
1.249e-16
1.249e-16
1.249e-16
1.249e-16
1.2837e-16
1.31839e-16
1.31839e-16
1.31839e-16
1.35308e-16
1.38778e-16
1.35308e-16
1.35308e-16
1.38778e-16
1.38778e-16
1.42247e-16
1.38778e-16
1.42247e-16
1.45717e-16
1.38778e-16
1.42247e-16
1.42247e-16
1.45717e-16
1.42247e-16
1.42247e-16
1.42247e-16
1.42247e-16
1.45717e-16
1.49186e-16
1.49186e-16
1.52656e-16
1.56125e-16
1.56125e-16
1.52656e-16
1.56125e-16
1.56125e-16
1.52656e-16
1.52656e-16
1.56125e-16
1.56125e-16
1.56125e-16
1.56125e-16
1.56125e-16
1.59595e-16
1.56125e-16
1.52656e-16
1.52656e-16
1.49186e-16
1.52656e-16
1.56125e-16
1.56125e-16
1.59595e-16
1.56125e-16
1.56125e-16
1.56125e-16
1.63064e-16
1.63064e-16
1.63064e-16
1.63064e-16
1.66533e-16
1.66533e-16
1.70003e-16
1.66533e-16
1.73472e-16
1.70003e-16
1.73472e-16
1.73472e-16
1.73472e-16
1.70003e-16
1.63064e-16
1.59595e-16
1.63064e-16
1.63064e-16
1.66533e-16
1.63064e-16
1.66533e-16
1.66533e-16
1.66533e-16
1.66533e-16
1.70003e-16
1.73472e-16
1.76942e-16
1.76942e-16
1.76942e-16
1.73472e-16
1.73472e-16
1.73472e-16
1.73472e-16
1.73472e-16
1.73472e-16
1.73472e-16
1.70003e-16
1.73472e-16
1.66533e-16
1.63064e-16
1.63064e-16
1.63064e-16
1.63064e-16
1.63064e-16
1.66533e-16
1.66533e-16
1.66533e-16
1.66533e-16
1.66533e-16
1.70003e-16
1.70003e-16
1.73472e-16
1.76942e-16
1.76942e-16
1.73472e-16
1.80411e-16
1.83881e-16
1.8735e-16
1.8735e-16
1.8735e-16
1.8735e-16
1.83881e-16
1.83881e-16
1.83881e-16
1.83881e-16
1.80411e-16
1.80411e-16
1.80411e-16
1.80411e-16
1.80411e-16
1.76942e-16
1.76942e-16
1.80411e-16
1.73472e-16
1.70003e-16
1.63064e-16
1.63064e-16
1.63064e-16
1.63064e-16
1.63064e-16
1.56125e-16
1.56125e-16
1.59595e-16
1.63064e-16
1.59595e-16
1.52656e-16
1.56125e-16
1.56125e-16
1.56125e-16
1.56125e-16
1.52656e-16
1.52656e-16
1.56125e-16
1.56125e-16
1.59595e-16
1.59595e-16
1.63064e-16
1.66533e-16
1.70003e-16
1.76942e-16
1.73472e-16
1.70003e-16
1.70003e-16
1.73472e-16
1.70003e-16
1.66533e-16
1.73472e-16
1.73472e-16
1.80411e-16
1.80411e-16
1.83881e-16
1.83881e-16
1.83881e-16
1.80411e-16
1.83881e-16
1.83881e-16
1.8735e-16
1.94289e-16
1.94289e-16
1.97758e-16
2.01228e-16
1.97758e-16
1.97758e-16
1.97758e-16
2.01228e-16
2.04697e-16
2.08167e-16
2.04697e-16
2.04697e-16
2.08167e-16
2.01228e-16
1.94289e-16
1.97758e-16
1.97758e-16
1.97758e-16
1.94289e-16
1.94289e-16
1.94289e-16
1.94289e-16
1.94289e-16
1.94289e-16
1.9082e-16
1.94289e-16
1.94289e-16
1.97758e-16
1.97758e-16
1.94289e-16
1.97758e-16
1.94289e-16
1.94289e-16
2.01228e-16
1.97758e-16
1.97758e-16
1.97758e-16
2.01228e-16
2.08167e-16
2.08167e-16
2.18575e-16
2.22045e-16
2.18575e-16
2.11636e-16
2.15106e-16
2.15106e-16
2.15106e-16
2.11636e-16
2.15106e-16
2.22045e-16
2.18575e-16
2.18575e-16
2.22045e-16
2.25514e-16
2.28983e-16
2.28983e-16
2.32453e-16
2.39392e-16
2.39392e-16
2.39392e-16
2.39392e-16
2.39392e-16
2.35922e-16
2.39392e-16
2.39392e-16
2.35922e-16
2.39392e-16
2.39392e-16
2.39392e-16
2.35922e-16
2.32453e-16
2.35922e-16
2.32453e-16
2.32453e-16
2.39392e-16
2.42861e-16
2.498e-16
2.5327e-16
2.56739e-16
2.56739e-16
2.56739e-16
2.60209e-16
2.67147e-16
2.70617e-16
2.70617e-16
2.74086e-16
2.77556e-16
2.74086e-16
2.77556e-16
2.81025e-16
2.77556e-16
2.74086e-16
2.70617e-16
2.77556e-16
2.77556e-16
2.74086e-16
2.77556e-16
2.74086e-16
2.84495e-16
2.81025e-16
2.74086e-16
2.77556e-16
2.81025e-16
2.87964e-16
2.81025e-16
2.77556e-16
2.77556e-16
2.81025e-16
2.84495e-16
2.84495e-16
2.81025e-16
2.84495e-16
2.81025e-16
2.84495e-16
2.81025e-16
2.84495e-16
2.77556e-16
2.74086e-16
2.70617e-16
2.70617e-16
2.77556e-16
2.74086e-16
2.74086e-16
2.77556e-16
2.77556e-16
2.77556e-16
2.84495e-16
2.84495e-16
2.81025e-16
2.84495e-16
2.87964e-16
2.87964e-16
2.84495e-16
2.81025e-16
2.74086e-16
2.70617e-16
2.67147e-16
2.67147e-16
2.63678e-16
2.60209e-16
2.56739e-16
2.5327e-16
2.5327e-16
2.46331e-16
2.498e-16
2.5327e-16
2.5327e-16
2.498e-16
2.5327e-16
2.56739e-16
2.56739e-16
2.60209e-16
2.60209e-16
2.63678e-16
2.70617e-16
2.77556e-16
2.77556e-16
2.81025e-16
2.84495e-16
2.84495e-16
2.84495e-16
2.84495e-16
2.87964e-16
2.91434e-16
2.94903e-16
2.98372e-16
3.01842e-16
3.01842e-16
3.05311e-16
3.05311e-16
3.01842e-16
3.01842e-16
3.01842e-16
3.05311e-16
3.08781e-16
3.08781e-16
3.1225e-16
3.1572e-16
3.1572e-16
3.1225e-16
3.1225e-16
3.1225e-16
3.08781e-16
3.08781e-16
3.08781e-16
3.05311e-16
3.08781e-16
3.05311e-16
3.05311e-16
3.01842e-16
2.98372e-16
2.98372e-16
3.01842e-16
3.05311e-16
3.05311e-16
3.08781e-16
3.1225e-16
3.1225e-16
3.08781e-16
3.08781e-16
3.05311e-16
3.01842e-16
2.94903e-16
2.98372e-16
2.98372e-16
2.98372e-16
2.98372e-16
2.98372e-16
3.01842e-16
3.05311e-16
3.01842e-16
2.98372e-16
2.94903e-16
2.98372e-16
3.01842e-16
2.98372e-16
2.98372e-16
2.98372e-16
3.05311e-16
3.08781e-16
3.1225e-16
3.1572e-16
3.1572e-16
3.1225e-16
3.08781e-16
3.08781e-16
3.1225e-16
3.1572e-16
3.22659e-16
3.22659e-16
3.22659e-16
3.1572e-16
3.1572e-16
3.19189e-16
3.19189e-16
3.1572e-16
3.19189e-16
3.1572e-16
3.19189e-16
3.22659e-16
3.26128e-16
3.33067e-16
3.36536e-16
3.29597e-16
3.29597e-16
3.29597e-16
3.29597e-16
3.29597e-16
3.33067e-16
3.33067e-16
3.33067e-16
3.36536e-16
3.33067e-16
3.33067e-16
3.40006e-16
3.40006e-16
3.43475e-16
3.46945e-16
3.46945e-16
3.50414e-16
3.50414e-16
3.50414e-16
3.57353e-16
3.60822e-16
3.60822e-16
3.64292e-16
3.67761e-16
3.67761e-16
3.64292e-16
3.64292e-16
3.64292e-16
3.64292e-16
3.64292e-16
3.60822e-16
3.57353e-16
3.57353e-16
3.57353e-16
3.60822e-16
3.60822e-16
3.57353e-16
3.60822e-16
3.60822e-16
3.60822e-16
3.60822e-16
3.57353e-16
3.53884e-16
3.60822e-16
3.67761e-16
3.71231e-16
3.71231e-16
3.71231e-16
3.747e-16
3.747e-16
3.7817e-16
3.81639e-16
3.85109e-16
3.85109e-16
3.88578e-16
3.92048e-16
3.92048e-16
3.88578e-16
3.95517e-16
3.98986e-16
4.02456e-16
4.02456e-16
4.02456e-16
4.05925e-16
4.02456e-16
4.02456e-16
4.02456e-16
3.98986e-16
3.95517e-16
3.95517e-16
3.88578e-16
3.92048e-16
3.92048e-16
3.95517e-16
3.95517e-16
3.95517e-16
3.98986e-16
3.98986e-16
3.98986e-16
4.02456e-16
3.98986e-16
3.98986e-16
4.02456e-16
3.98986e-16
3.98986e-16
3.98986e-16
4.02456e-16
3.98986e-16
3.98986e-16
3.98986e-16
4.05925e-16
4.12864e-16
4.12864e-16
4.12864e-16
4.12864e-16
4.12864e-16
4.12864e-16
4.12864e-16
4.12864e-16
4.12864e-16
4.19803e-16
4.23273e-16
4.23273e-16
4.19803e-16
4.19803e-16
4.19803e-16
4.16334e-16
4.16334e-16
4.19803e-16
4.26742e-16
4.30211e-16
4.26742e-16
4.26742e-16
4.30211e-16
4.30211e-16
4.30211e-16
4.26742e-16
4.30211e-16
4.26742e-16
4.26742e-16
4.23273e-16
4.23273e-16
4.26742e-16
4.26742e-16
4.23273e-16
4.30211e-16
4.3715e-16
4.33681e-16
4.33681e-16
4.30211e-16
4.30211e-16
4.30211e-16
4.30211e-16
4.33681e-16
4.26742e-16
4.23273e-16
4.16334e-16
4.19803e-16
4.16334e-16
4.16334e-16
4.16334e-16
4.12864e-16
4.16334e-16
4.12864e-16
4.12864e-16
4.16334e-16
4.16334e-16
4.16334e-16
4.23273e-16
4.23273e-16
4.23273e-16
4.26742e-16
4.19803e-16
4.23273e-16
4.26742e-16
4.26742e-16
4.30211e-16
4.33681e-16
4.3715e-16
4.44089e-16
4.47559e-16
4.44089e-16
4.44089e-16
4.47559e-16
4.47559e-16
4.51028e-16
4.51028e-16
4.54498e-16
4.61436e-16
4.61436e-16
4.64906e-16
4.64906e-16
4.64906e-16
4.68375e-16
4.68375e-16
4.64906e-16
4.64906e-16
4.71845e-16
4.75314e-16
4.78784e-16
4.82253e-16
4.82253e-16
4.89192e-16
4.89192e-16
4.89192e-16
4.89192e-16
4.89192e-16
4.92661e-16
4.92661e-16
4.92661e-16
4.85723e-16
4.89192e-16
4.85723e-16
4.85723e-16
4.85723e-16
4.92661e-16
4.85723e-16
4.85723e-16
4.89192e-16
4.996e-16
4.996e-16
4.996e-16
4.996e-16
5.0307e-16
4.996e-16
4.996e-16
5.06539e-16
5.10009e-16
5.10009e-16
5.10009e-16
5.13478e-16
5.16948e-16
5.13478e-16
5.10009e-16
5.10009e-16
5.16948e-16
5.13478e-16
5.16948e-16
5.20417e-16
5.23886e-16
5.27356e-16
5.34295e-16
5.30825e-16
5.30825e-16
5.37764e-16
5.37764e-16
5.41234e-16
5.37764e-16
5.34295e-16
5.30825e-16
5.30825e-16
5.27356e-16
5.27356e-16
5.27356e-16
5.27356e-16
5.30825e-16
5.34295e-16
5.34295e-16
5.37764e-16
5.41234e-16
5.41234e-16
5.41234e-16
5.37764e-16
5.34295e-16
5.30825e-16
5.27356e-16
5.27356e-16
5.30825e-16
5.30825e-16
5.27356e-16
5.27356e-16
5.30825e-16
5.30825e-16
5.27356e-16
5.27356e-16
5.34295e-16
5.34295e-16
5.37764e-16
5.41234e-16
5.44703e-16
5.51642e-16
5.58581e-16
5.6205e-16
5.6552e-16
5.6552e-16
5.68989e-16
5.72459e-16
5.72459e-16
5.6552e-16
5.6205e-16
5.6552e-16
5.6552e-16
5.68989e-16
5.68989e-16
5.68989e-16
5.68989e-16
5.72459e-16
5.68989e-16
5.72459e-16
5.75928e-16
5.82867e-16
5.75928e-16
5.75928e-16
5.72459e-16
5.75928e-16
5.75928e-16
5.75928e-16
5.79398e-16
5.75928e-16
5.79398e-16
5.79398e-16
5.82867e-16
5.75928e-16
5.72459e-16
5.6552e-16
5.6552e-16
5.72459e-16
5.75928e-16
5.79398e-16
5.79398e-16
5.75928e-16
5.75928e-16
5.68989e-16
5.6552e-16
5.6205e-16
5.6552e-16
5.6205e-16
5.6552e-16
5.72459e-16
5.72459e-16
5.68989e-16
5.75928e-16
5.79398e-16
5.82867e-16
5.79398e-16
5.79398e-16
5.82867e-16
5.86337e-16
5.86337e-16
5.89806e-16
5.93275e-16
5.96745e-16
6.00214e-16
6.03684e-16
6.07153e-16
6.07153e-16
6.10623e-16
6.10623e-16
6.10623e-16
6.14092e-16
6.10623e-16
6.14092e-16
6.14092e-16
6.21031e-16
6.21031e-16
6.17562e-16
6.21031e-16
6.21031e-16
6.17562e-16
6.17562e-16
6.14092e-16
6.14092e-16
6.14092e-16
6.07153e-16
6.10623e-16
6.17562e-16
6.17562e-16
6.14092e-16
6.17562e-16
6.17562e-16
6.21031e-16
6.21031e-16
6.21031e-16
6.17562e-16
6.21031e-16
6.21031e-16
6.245e-16
6.245e-16
6.245e-16
6.2797e-16
6.2797e-16
6.245e-16
6.245e-16
6.245e-16
6.245e-16
6.245e-16
6.21031e-16
6.21031e-16
6.21031e-16
6.2797e-16
6.31439e-16
6.34909e-16
6.34909e-16
6.38378e-16
6.41848e-16
6.45317e-16
6.48787e-16
6.52256e-16
6.55725e-16
6.59195e-16
6.59195e-16
6.59195e-16
6.66134e-16
6.73073e-16
6.73073e-16
6.76542e-16
6.76542e-16
6.76542e-16
6.76542e-16
6.73073e-16
6.66134e-16
6.66134e-16
6.66134e-16
6.62664e-16
6.62664e-16
6.66134e-16
6.66134e-16
6.66134e-16
6.66134e-16
6.66134e-16
6.62664e-16
6.62664e-16
6.66134e-16
6.69603e-16
6.69603e-16
6.69603e-16
6.76542e-16
6.80012e-16
6.80012e-16
6.80012e-16
6.76542e-16
6.80012e-16
6.80012e-16
6.83481e-16
6.80012e-16
6.80012e-16
6.83481e-16
6.8695e-16
6.83481e-16
6.83481e-16
6.9042e-16
6.97359e-16
6.97359e-16
6.93889e-16
6.9042e-16
6.97359e-16
6.97359e-16
6.97359e-16
6.93889e-16
7.00828e-16
7.00828e-16
7.00828e-16
6.97359e-16
6.97359e-16
6.97359e-16
7.00828e-16
7.07767e-16
7.04298e-16
7.07767e-16
7.04298e-16
7.00828e-16
7.00828e-16
7.04298e-16
7.04298e-16
7.00828e-16
7.00828e-16
7.00828e-16
7.00828e-16
7.04298e-16
7.11237e-16
7.11237e-16
7.14706e-16
7.18176e-16
7.25114e-16
7.25114e-16
7.25114e-16
7.21645e-16
7.21645e-16
7.21645e-16
7.25114e-16
7.32053e-16
7.32053e-16
7.35523e-16
7.35523e-16
7.35523e-16
7.32053e-16
7.38992e-16
7.35523e-16
7.38992e-16
7.32053e-16
7.25114e-16
7.25114e-16
7.21645e-16
7.21645e-16
7.21645e-16
7.25114e-16
7.28584e-16
7.32053e-16
7.35523e-16
7.38992e-16
7.38992e-16
7.35523e-16
7.42462e-16
7.42462e-16
7.45931e-16
7.45931e-16
7.45931e-16
7.5287e-16
7.5287e-16
7.49401e-16
7.56339e-16
7.56339e-16
7.56339e-16
7.56339e-16
7.59809e-16
7.63278e-16
7.66748e-16
7.66748e-16
7.70217e-16
7.70217e-16
7.66748e-16
7.66748e-16
7.70217e-16
7.70217e-16
7.66748e-16
7.70217e-16
7.70217e-16
7.73687e-16
7.73687e-16
7.77156e-16
7.80626e-16
7.84095e-16
7.87564e-16
7.84095e-16
7.80626e-16
7.84095e-16
7.84095e-16
7.84095e-16
7.84095e-16
7.84095e-16
7.84095e-16
7.87564e-16
7.84095e-16
7.84095e-16
7.84095e-16
7.84095e-16
7.84095e-16
7.84095e-16
7.87564e-16
7.91034e-16
7.94503e-16
7.97973e-16
8.04912e-16
8.04912e-16
8.08381e-16
8.08381e-16
8.11851e-16
8.11851e-16
8.18789e-16
8.22259e-16
8.18789e-16
8.22259e-16
8.29198e-16
8.25728e-16
8.29198e-16
8.32667e-16
8.29198e-16
8.25728e-16
8.25728e-16
8.25728e-16
8.25728e-16
8.25728e-16
8.25728e-16
8.22259e-16
8.25728e-16
8.29198e-16
8.25728e-16
8.32667e-16
8.29198e-16
8.32667e-16
8.32667e-16
8.32667e-16
8.39606e-16
8.39606e-16
8.43076e-16
8.46545e-16
8.46545e-16
8.50015e-16
8.50015e-16
8.50015e-16
8.46545e-16
8.43076e-16
8.43076e-16
8.43076e-16
8.39606e-16
8.43076e-16
8.46545e-16
8.46545e-16
8.50015e-16
8.53484e-16
8.53484e-16
8.56953e-16
8.60423e-16
8.63892e-16
8.63892e-16
8.67362e-16
8.67362e-16
8.70831e-16
8.67362e-16
8.67362e-16
8.67362e-16
8.67362e-16
8.63892e-16
8.63892e-16
8.63892e-16
8.63892e-16
8.56953e-16
8.56953e-16
8.56953e-16
8.56953e-16
8.60423e-16
8.56953e-16
8.50015e-16
8.53484e-16
8.56953e-16
8.63892e-16
8.70831e-16
8.74301e-16
8.7777e-16
8.7777e-16
8.7777e-16
8.84709e-16
8.88178e-16
8.91648e-16
8.91648e-16
8.95117e-16
8.98587e-16
8.98587e-16
9.05526e-16
9.05526e-16
9.05526e-16
8.98587e-16
8.98587e-16
9.02056e-16
8.98587e-16
9.02056e-16
9.05526e-16
9.08995e-16
9.15934e-16
9.22873e-16
9.19403e-16
9.26342e-16
9.29812e-16
9.29812e-16
9.29812e-16
9.29812e-16
9.26342e-16
9.26342e-16
9.29812e-16
9.29812e-16
9.33281e-16
9.36751e-16
9.36751e-16
9.36751e-16
9.33281e-16
9.36751e-16
9.4022e-16
9.4369e-16
9.47159e-16
9.47159e-16
9.47159e-16
9.47159e-16
9.50628e-16
9.61037e-16
9.61037e-16
9.61037e-16
9.61037e-16
9.61037e-16
9.64506e-16
9.64506e-16
9.64506e-16
9.64506e-16
9.64506e-16
9.67976e-16
9.67976e-16
9.74915e-16
9.74915e-16
9.78384e-16
9.74915e-16
9.78384e-16
9.81853e-16
9.81853e-16
9.88792e-16
9.92262e-16
9.92262e-16
9.95731e-16
9.95731e-16
9.92262e-16
9.95731e-16
1.00267e-15
9.99201e-16
9.99201e-16
1.00267e-15
1.00614e-15
1.00961e-15
1.00614e-15
1.01308e-15
1.00961e-15
1.00614e-15
1.00614e-15
1.00961e-15
1.00614e-15
1.01308e-15
1.01655e-15
1.02002e-15
1.02002e-15
1.02002e-15
1.01655e-15
1.01655e-15
1.02349e-15
1.02349e-15
1.02349e-15
1.02349e-15
1.02002e-15
1.02002e-15
1.02002e-15
1.02696e-15
1.03043e-15
1.02696e-15
1.02349e-15
1.02002e-15
1.02002e-15
1.02349e-15
1.02349e-15
1.01655e-15
1.02349e-15
1.02349e-15
1.02002e-15
1.02002e-15
1.02002e-15
1.01655e-15
1.01655e-15
1.01308e-15
1.01308e-15
1.01308e-15
1.02002e-15
1.02349e-15
1.02349e-15
1.02002e-15
1.02696e-15
1.02002e-15
1.02349e-15
1.02349e-15
1.02349e-15
1.02349e-15
1.01308e-15
1.00961e-15
1.00961e-15
1.00961e-15
1.01308e-15
1.01308e-15
1.01655e-15
1.02349e-15
1.02002e-15
1.02002e-15
1.02349e-15
1.02349e-15
1.02002e-15
1.02349e-15
1.02002e-15
1.02349e-15
1.01655e-15
