0
1.5625e-06
3.125e-06
4.6875e-06
6.25e-06
7.8125e-06
9.37499e-06
1.09375e-05
1.25e-05
1.40625e-05
1.5625e-05
1.71874e-05
1.87499e-05
2.03124e-05
2.18749e-05
2.34374e-05
2.49998e-05
2.65623e-05
2.81248e-05
2.96872e-05
3.12497e-05
3.28121e-05
3.43746e-05
3.5937e-05
3.74995e-05
3.90619e-05
4.06243e-05
4.21867e-05
4.37491e-05
4.53116e-05
4.6874e-05
4.84363e-05
4.99987e-05
5.15611e-05
5.31235e-05
5.46858e-05
5.62482e-05
5.78105e-05
5.93729e-05
6.09352e-05
6.24975e-05
6.40598e-05
6.56221e-05
6.71844e-05
6.87467e-05
7.0309e-05
7.18712e-05
7.34335e-05
7.49957e-05
7.65579e-05
7.81202e-05
7.96824e-05
8.12446e-05
8.28067e-05
8.43689e-05
8.59311e-05
8.74932e-05
8.90553e-05
9.06174e-05
9.21795e-05
9.37416e-05
9.53037e-05
9.68658e-05
9.84278e-05
9.99898e-05
0.000101552
0.000103114
0.000104676
0.000106238
0.0001078
0.000109362
0.000110924
0.000112486
0.000114047
0.000115609
0.000117171
0.000118733
0.000120295
0.000121857
0.000123418
0.00012498
0.000126542
0.000128104
0.000129665
0.000131227
0.000132789
0.00013435
0.000135912
0.000137474
0.000139035
0.000140597
0.000142158
0.00014372
0.000145281
0.000146843
0.000148404
0.000149966
0.000151527
0.000153089
0.00015465
0.000156211
0.000157773
0.000159334
0.000160895
0.000162456
0.000164018
0.000165579
0.00016714
0.000168701
0.000170262
0.000171823
0.000173384
0.000174946
0.000176507
0.000178068
0.000179629
0.00018119
0.00018275
0.000184311
0.000185872
0.000187433
0.000188994
0.000190555
0.000192115
0.000193676
0.000195237
0.000196797
0.000198358
0.000199919
0.000201479
0.00020304
0.0002046
0.000206161
0.000207721
0.000209282
0.000210842
0.000212402
0.000213963
0.000215523
0.000217083
0.000218644
0.000220204
0.000221764
0.000223324
0.000224884
0.000226444
0.000228004
0.000229564
0.000231124
0.000232684
0.000234244
0.000235804
0.000237364
0.000238924
0.000240483
0.000242043
0.000243603
0.000245162
0.000246722
0.000248282
0.000249841
0.000251401
0.00025296
0.00025452
0.000256079
0.000257638
0.000259198
0.000260757
0.000262316
0.000263875
0.000265435
0.000266994
0.000268553
0.000270112
0.000271671
0.00027323
0.000274789
0.000276348
0.000277906
0.000279465
0.000281024
0.000282583
0.000284141
0.0002857
0.000287258
0.000288817
0.000290376
0.000291934
0.000293492
0.000295051
0.000296609
0.000298167
0.000299726
0.000301284
0.000302842
0.0003044
0.000305958
0.000307516
0.000309074
0.000310632
0.00031219
0.000313748
0.000315305
0.000316863
0.000318421
0.000319978
0.000321536
0.000323094
0.000324651
0.000326208
0.000327766
0.000329323
0.000330881
0.000332438
0.000333995
0.000335552
0.000337109
0.000338666
0.000340223
0.00034178
0.000343337
0.000344894
0.000346451
0.000348007
0.000349564
0.000351121
0.000352677
0.000354234
0.00035579
0.000357347
0.000358903
0.000360459
0.000362016
0.000363572
0.000365128
0.000366684
0.00036824
0.000369796
0.000371352
0.000372908
0.000374464
0.00037602
0.000377575
0.000379131
0.000380687
0.000382242
0.000383798
0.000385353
0.000386908
0.000388464
0.000390019
0.000391574
0.000393129
0.000394684
0.000396239
0.000397794
0.000399349
0.000400904
0.000402459
0.000404014
0.000405568
0.000407123
0.000408677
0.000410232
0.000411786
0.000413341
0.000414895
0.000416449
0.000418003
0.000419557
0.000421111
0.000422665
0.000424219
0.000425773
0.000427327
0.000428881
0.000430434
0.000431988
0.000433541
0.000435095
0.000436648
0.000438202
0.000439755
0.000441308
0.000442861
0.000444414
0.000445967
0.00044752
0.000449073
0.000450626
0.000452179
0.000453731
0.000455284
0.000456837
0.000458389
0.000459941
0.000461494
0.000463046
0.000464598
0.00046615
0.000467702
0.000469254
0.000470806
0.000472358
0.00047391
0.000475461
0.000477013
0.000478565
0.000480116
0.000481668
0.000483219
0.00048477
0.000486321
0.000487872
0.000489424
0.000490975
0.000492525
0.000494076
0.000495627
0.000497178
0.000498728
0.000500279
0.000501829
0.00050338
0.00050493
0.00050648
0.00050803
0.00050958
0.00051113
0.00051268
0.00051423
0.00051578
0.00051733
0.000518879
0.000520429
0.000521978
0.000523528
0.000525077
0.000526626
0.000528175
0.000529724
0.000531273
0.000532822
0.000534371
0.00053592
0.000537468
0.000539017
0.000540565
0.000542114
0.000543662
0.000545211
0.000546759
0.000548307
0.000549855
0.000551403
0.000552951
0.000554498
0.000556046
0.000557594
0.000559141
0.000560689
0.000562236
0.000563783
0.00056533
0.000566877
0.000568424
0.000569971
0.000571518
0.000573065
0.000574612
0.000576158
0.000577705
0.000579251
0.000580797
0.000582344
0.00058389
0.000585436
0.000586982
0.000588528
0.000590073
0.000591619
0.000593165
0.00059471
0.000596256
0.000597801
0.000599346
0.000600891
0.000602436
0.000603981
0.000605526
0.000607071
0.000608616
0.00061016
0.000611705
0.000613249
0.000614794
0.000616338
0.000617882
0.000619426
0.00062097
0.000622514
0.000624058
0.000625601
0.000627145
0.000628689
0.000630232
0.000631775
0.000633318
0.000634862
0.000636405
0.000637948
0.00063949
0.000641033
0.000642576
0.000644118
0.000645661
0.000647203
0.000648745
0.000650287
0.00065183
0.000653371
0.000654913
0.000656455
0.000657997
0.000659538
0.00066108
0.000662621
0.000664162
0.000665704
0.000667245
0.000668786
0.000670326
0.000671867
0.000673408
0.000674948
0.000676489
0.000678029
0.000679569
0.00068111
0.00068265
0.00068419
0.000685729
0.000687269
0.000688809
0.000690348
0.000691888
0.000693427
0.000694966
0.000696505
0.000698044
0.000699583
0.000701122
0.000702661
0.000704199
0.000705738
0.000707276
0.000708814
0.000710352
0.000711891
0.000713428
0.000714966
0.000716504
0.000718042
0.000719579
0.000721116
0.000722654
0.000724191
0.000725728
0.000727265
0.000728802
0.000730339
0.000731875
0.000733412
0.000734948
0.000736484
0.000738021
0.000739557
0.000741093
0.000742628
0.000744164
0.0007457
0.000747235
0.000748771
0.000750306
0.000751841
0.000753376
0.000754911
0.000756446
0.000757981
0.000759515
0.00076105
0.000762584
0.000764118
0.000765652
0.000767186
0.00076872
0.000770254
0.000771788
0.000773321
0.000774855
0.000776388
0.000777921
0.000779454
0.000780987
0.00078252
0.000784053
0.000785586
0.000787118
0.00078865
0.000790183
0.000791715
0.000793247
0.000794779
0.00079631
0.000797842
0.000799374
0.000800905
0.000802436
0.000803967
0.000805499
0.000807029
0.00080856
0.000810091
0.000811621
0.000813152
0.000814682
0.000816212
0.000817742
0.000819272
0.000820802
0.000822332
0.000823861
0.000825391
0.00082692
0.000828449
0.000829978
0.000831507
0.000833036
0.000834565
0.000836093
0.000837622
0.00083915
0.000840678
0.000842206
0.000843734
0.000845262
0.00084679
0.000848317
0.000849844
0.000851372
0.000852899
0.000854426
0.000855953
0.000857479
0.000859006
0.000860533
0.000862059
0.000863585
0.000865111
0.000866637
0.000868163
0.000869689
0.000871214
0.00087274
0.000874265
0.00087579
0.000877315
0.00087884
0.000880365
0.00088189
0.000883414
0.000884938
0.000886463
0.000887987
0.000889511
0.000891034
0.000892558
0.000894082
0.000895605
0.000897128
0.000898651
0.000900174
0.000901697
0.00090322
0.000904743
0.000906265
0.000907787
0.00090931
0.000910832
0.000912354
0.000913875
0.000915397
0.000916918
0.00091844
0.000919961
0.000921482
0.000923003
0.000924524
0.000926044
0.000927565
0.000927523
0.000927481
0.000927438
0.000927396
0.000927354
0.000927312
0.00092727
0.000927228
0.000927186
0.000927144
0.000927102
0.00092706
0.000927018
0.000926975
0.000926933
0.000926891
0.000926849
0.000926807
0.000926765
0.000926723
0.000926681
0.000926639
0.000926596
0.000926554
0.000926512
0.00092647
0.000926428
0.000926386
0.000926344
0.000926301
0.000926259
0.000926217
0.000926175
0.000926133
0.000926091
0.000926049
0.000926006
0.000925964
0.000925922
0.00092588
0.000925838
0.000925796
0.000925754
0.000925711
0.000925669
0.000925627
0.000925585
0.000925543
0.000925501
0.000925458
0.000925416
0.000925374
0.000925332
0.00092529
0.000925247
0.000925205
0.000925163
0.000925121
0.000925079
0.000925037
0.000924994
0.000924952
0.00092491
0.000924868
0.000924826
0.000924783
0.000924741
0.000924699
0.000924657
0.000924615
0.000924572
0.00092453
0.000924488
0.000924446
0.000924403
0.000924361
0.000924319
0.000924277
0.000924235
0.000924192
0.00092415
0.000924108
0.000924066
0.000924023
0.000923981
0.000923939
0.000923897
0.000923854
0.000923812
0.00092377
0.000923728
0.000923685
0.000923643
0.000923601
0.000923559
0.000923516
0.000923474
0.000923432
0.00092339
0.000923347
0.000923305
0.000923263
0.000923221
0.000923178
0.000923136
0.000923094
0.000923051
0.000923009
0.000922967
0.000922925
0.000922882
0.00092284
0.000922798
0.000922755
0.000922713
0.000922671
0.000922629
0.000922586
0.000922544
0.000922502
0.000922459
0.000922417
0.000922375
0.000922332
0.00092229
0.000922248
0.000922205
0.000922163
0.000922121
0.000922079
0.000922036
0.000921994
0.000921952
0.000921909
0.000921867
0.000921825
0.000921782
0.00092174
0.000921698
0.000921655
0.000921613
0.000921571
0.000921528
0.000921486
0.000921443
0.000921401
0.000921359
0.000921316
0.000921274
0.000921232
0.000921189
0.000921147
0.000921105
0.000921062
0.00092102
0.000920978
0.000920935
0.000920893
0.00092085
0.000920808
0.000920766
0.000920723
0.000920681
0.000920638
0.000920596
0.000920554
0.000920511
0.000920469
0.000920427
0.000920384
0.000920342
0.000920299
0.000920257
0.000920215
0.000920172
0.00092013
0.000920087
0.000920045
0.000920002
0.00091996
0.000919918
0.000919875
0.000919833
0.00091979
0.000919748
0.000919706
0.000919663
0.000919621
0.000919578
0.000919536
0.000919493
0.000919451
0.000919409
0.000919366
0.000919324
0.000919281
0.000919239
0.000919196
0.000919154
0.000919111
0.000919069
0.000919026
0.000918984
0.000918942
0.000918899
0.000918857
0.000918814
0.000918772
0.000918729
0.000918687
0.000918644
0.000918602
0.000918559
0.000918517
0.000918474
0.000918432
0.000918389
0.000918347
0.000918304
0.000918262
0.000918219
0.000918177
0.000918135
0.000918092
0.00091805
0.000918007
0.000917965
0.000917922
0.00091788
0.000917837
0.000917794
0.000917752
0.000917709
0.000917667
0.000917624
0.000917582
0.000917539
0.000917497
0.000917454
0.000917412
0.000917369
0.000917327
0.000917284
0.000917242
0.000917199
0.000917157
0.000917114
0.000917072
0.000917029
0.000916986
0.000916944
0.000916901
0.000916859
0.000916816
0.000916774
0.000916731
0.000916689
0.000916646
0.000916604
0.000916561
0.000916518
0.000916476
0.000916433
0.000916391
0.000916348
0.000916306
0.000916263
0.00091622
0.000916178
0.000916135
0.000916093
0.00091605
0.000916007
0.000915965
0.000915922
0.00091588
0.000915837
0.000915795
0.000915752
0.000915709
0.000915667
0.000915624
0.000915581
0.000915539
0.000915496
0.000915454
0.000915411
0.000915368
0.000915326
0.000915283
0.000915241
0.000915198
0.000915155
0.000915113
0.00091507
0.000915027
0.000914985
0.000914942
0.0009149
0.000914857
0.000914814
0.000914772
0.000914729
0.000914686
0.000914644
0.000914601
0.000914558
0.000914516
0.000914473
0.00091443
0.000914388
0.000914345
0.000914302
0.00091426
0.000914217
0.000914174
0.000914132
0.000914089
0.000914046
0.000914004
0.000913961
0.000913918
0.000913876
0.000913833
0.00091379
0.000913748
0.000913705
0.000913662
0.00091362
0.000913577
0.000913534
0.000913492
0.000913449
0.000913406
0.000913363
0.000913321
0.000913278
0.000913235
0.000913193
0.00091315
0.000913107
0.000913065
0.000913022
0.000912979
0.000912936
0.000912894
0.000912851
0.000912808
0.000912765
0.000912723
0.00091268
0.000912637
0.000912595
0.000912552
0.000912509
0.000912466
0.000912424
0.000912381
0.000912338
0.000912295
0.000912253
0.00091221
0.000912167
0.000912124
0.000912082
0.000912039
0.000911996
0.000911953
0.000911911
0.000911868
0.000911825
0.000911782
0.000911739
0.000911697
0.000911654
0.000911611
0.000911568
0.000911526
0.000911483
0.00091144
0.000911397
0.000911354
0.000911312
0.000911269
0.000911226
0.000911183
0.00091114
0.000911098
0.000911055
0.000911012
0.000910969
0.000910926
0.000910884
0.000910841
0.000910798
0.000910755
0.000910712
0.00091067
0.000910627
0.000910584
0.000910541
0.000910498
0.000910455
0.000910413
0.00091037
0.000910327
0.000910284
0.000910241
0.000910198
0.000910156
0.000910113
0.00091007
0.000910027
0.000909984
0.000909941
0.000909899
0.000909856
0.000909813
0.00090977
0.000909727
0.000909684
0.000909641
0.000909599
0.000909556
0.000909513
0.00090947
0.000909427
0.000909384
0.000909341
0.000909298
0.000909256
0.000909213
0.00090917
0.000909127
0.000909084
0.000909041
0.000908998
0.000908955
0.000908912
0.00090887
0.000908827
0.000908784
0.000908741
0.000908698
0.000908655
0.000908612
0.000908569
0.000908526
0.000908483
0.000908441
0.000908398
0.000908355
0.000908312
0.000908269
0.000908226
0.000908183
0.00090814
0.000908097
0.000908054
0.000908011
0.000907968
0.000907925
0.000907882
0.00090784
0.000907797
0.000907754
0.000907711
0.000907668
0.000907625
0.000907582
0.000907539
0.000907496
0.000907453
0.00090741
0.000907367
0.000907324
0.000907281
0.000907238
0.000907195
0.000907152
0.000907109
0.000907066
0.000907023
0.00090698
0.000906937
0.000906894
0.000906851
0.000906808
0.000906765
0.000906722
0.000906679
0.000906636
0.000906593
0.00090655
0.000906507
0.000906464
0.000906421
0.000906378
0.000906335
0.000906292
0.000906249
0.000906206
0.000906163
0.00090612
0.000906077
0.000906034
0.000905991
0.000905948
0.000905905
0.000905862
0.000905819
0.000905776
0.000905733
0.00090569
0.000905647
0.000905604
0.000905561
0.000905518
0.000905475
0.000905432
0.000905389
0.000905346
0.000905303
0.00090526
0.000905217
0.000905174
0.000905131
0.000905088
0.000905044
0.000905001
0.000904958
0.000904915
0.000904872
0.000904829
0.000904786
0.000904743
0.0009047
0.000904657
0.000904614
0.000904571
0.000904528
0.000904485
0.000904441
0.000904398
0.000904355
0.000904312
0.000904269
0.000904226
0.000904183
0.00090414
0.000904097
0.000904054
0.00090401
0.000903967
0.000903924
0.000903881
0.000903838
0.000903795
0.000903752
0.000903709
0.000903666
0.000903622
0.000903579
0.000903536
0.000903493
0.00090345
0.000903407
0.000903364
0.000903321
0.000903277
0.000903234
0.000903191
0.000903148
0.000903105
0.000903062
0.000903019
0.000902975
0.000902932
0.000902889
0.000902846
0.000902803
0.00090276
0.000902717
0.000902673
0.00090263
0.000902587
0.000902544
0.000902501
0.000902458
0.000902414
0.000902371
0.000902328
0.000902285
0.000902242
0.000902198
0.000902155
0.000902112
0.000902069
0.000902026
0.000901983
0.000900377
0.000898771
0.000897166
0.000895561
0.000893956
0.000892351
0.000890746
0.000889141
0.000887537
0.000885933
0.000884328
0.000882724
0.00088112
0.000879516
0.000877913
0.000876309
0.000874706
0.000873102
0.000871499
0.000869896
0.000868293
0.000866691
0.000865088
0.000863486
0.000861883
0.000860281
0.000858679
0.000857077
0.000855475
0.000853874
0.000852272
0.000850671
0.00084907
0.000847468
0.000845867
0.000844267
0.000842666
0.000841065
0.000839465
0.000837864
0.000836264
0.000834664
0.000833064
0.000831464
0.000829865
0.000828265
0.000826666
0.000825066
0.000823467
0.000821868
0.000820269
0.00081867
0.000817072
0.000815473
0.000813875
0.000812277
0.000810678
0.00080908
0.000807483
0.000805885
0.000804287
0.00080269
0.000801092
0.000799495
0.000797898
0.000796301
0.000794704
0.000793107
0.000791511
0.000789914
0.000788318
0.000786721
0.000785125
0.000783529
0.000781933
0.000780338
0.000778742
0.000777147
0.000775551
0.000773956
0.000772361
0.000770766
0.000769171
0.000767576
0.000765981
0.000764387
0.000762792
0.000761198
0.000759604
0.00075801
0.000756416
0.000754822
0.000753228
0.000751635
0.000750041
0.000748448
0.000746855
0.000745262
0.000743669
0.000742076
0.000740483
0.00073889
0.000737298
0.000735705
0.000734113
0.000732521
0.000730929
0.000729337
0.000727745
0.000726154
0.000724562
0.00072297
0.000721379
0.000719788
0.000718197
0.000716606
0.000715015
0.000713424
0.000711833
0.000710243
0.000708652
0.000707062
0.000705472
0.000703882
0.000702292
0.000700702
0.000699112
0.000697522
0.000695933
0.000694343
0.000692754
0.000691165
0.000689576
0.000687987
0.000686398
0.000684809
0.00068322
0.000681632
0.000680043
0.000678455
0.000676867
0.000675279
0.000673691
0.000672103
0.000670515
0.000668927
0.00066734
0.000665752
0.000664165
0.000662578
0.00066099
0.000659403
0.000657816
0.00065623
0.000654643
0.000653056
0.00065147
0.000649883
0.000648297
0.000646711
0.000645125
0.000643539
0.000641953
0.000640367
0.000638781
0.000637196
0.00063561
0.000634025
0.00063244
0.000630854
0.000629269
0.000627684
0.000626099
0.000624515
0.00062293
0.000621345
0.000619761
0.000618177
0.000616592
0.000615008
0.000613424
0.00061184
0.000610256
0.000608672
0.000607089
0.000605505
0.000603922
0.000602338
0.000600755
0.000599172
0.000597589
0.000596006
0.000594423
0.00059284
0.000591257
0.000589675
0.000588092
0.00058651
0.000584928
0.000583345
0.000581763
0.000580181
0.000578599
0.000577018
0.000575436
0.000573854
0.000572273
0.000570691
0.00056911
0.000567528
0.000565947
0.000564366
0.000562785
0.000561204
0.000559623
0.000558043
0.000556462
0.000554882
0.000553301
0.000551721
0.00055014
0.00054856
0.00054698
0.0005454
0.00054382
0.00054224
0.000540661
0.000539081
0.000537502
0.000535922
0.000534343
0.000532763
0.000531184
0.000529605
0.000528026
0.000526447
0.000524868
0.00052329
0.000521711
0.000520132
0.000518554
0.000516975
0.000515397
0.000513819
0.000512241
0.000510662
0.000509084
0.000507507
0.000505929
0.000504351
0.000502773
0.000501196
0.000499618
0.000498041
0.000496464
0.000494886
0.000493309
0.000491732
0.000490155
0.000488578
0.000487001
0.000485425
0.000483848
0.000482271
0.000480695
0.000479118
0.000477542
0.000475966
0.00047439
0.000472813
0.000471237
0.000469661
0.000468086
0.00046651
0.000464934
0.000463358
0.000461783
0.000460207
0.000458632
0.000457057
0.000455481
0.000453906
0.000452331
0.000450756
0.000449181
0.000447606
0.000446031
0.000444457
0.000442882
0.000441308
0.000439733
0.000438159
0.000436584
0.00043501
0.000433436
0.000431862
0.000430288
0.000428714
0.00042714
0.000425566
0.000423992
0.000422418
0.000420845
0.000419271
0.000417698
0.000416124
0.000414551
0.000412978
0.000411405
0.000409831
0.000408258
0.000406685
0.000405112
0.00040354
0.000401967
0.000400394
0.000398822
0.000397249
0.000395676
0.000394104
0.000392532
0.000390959
0.000389387
0.000387815
0.000386243
0.000384671
0.000383099
0.000381527
0.000379955
0.000378383
0.000376812
0.00037524
0.000373668
0.000372097
0.000370525
0.000368954
0.000367383
0.000365812
0.00036424
0.000362669
0.000361098
0.000359527
0.000357956
0.000356385
0.000354815
0.000353244
0.000351673
0.000350102
0.000348532
0.000346961
0.000345391
0.000343821
0.00034225
0.00034068
0.00033911
0.00033754
0.00033597
0.0003344
0.00033283
0.00033126
0.00032969
0.00032812
0.00032655
0.000324981
0.000323411
0.000321841
0.000320272
0.000318702
0.000317133
0.000315564
0.000313994
0.000312425
0.000310856
0.000309287
0.000307718
0.000306149
0.00030458
0.000303011
0.000301442
0.000299873
0.000298305
0.000296736
0.000295167
0.000293599
0.00029203
0.000290462
0.000288894
0.000287325
0.000285757
0.000284189
0.00028262
0.000281052
0.000279484
0.000277916
0.000276348
0.00027478
0.000273212
0.000271644
0.000270077
0.000268509
0.000266941
0.000265373
0.000263806
0.000262238
0.000260671
0.000259103
0.000257536
0.000255969
0.000254401
0.000252834
0.000251267
0.0002497
0.000248133
0.000246565
0.000244998
0.000243431
0.000241864
0.000240298
0.000238731
0.000237164
0.000235597
0.00023403
0.000232464
0.000230897
0.000229331
0.000227764
0.000226197
0.000224631
0.000223065
0.000221498
0.000219932
0.000218366
0.000216799
0.000215233
0.000213667
0.000212101
0.000210535
0.000208969
0.000207403
0.000205837
0.000204271
0.000202705
0.000201139
0.000199573
0.000198008
0.000196442
0.000194876
0.000193311
0.000191745
0.000190179
0.000188614
0.000187048
0.000185483
0.000183917
0.000182352
0.000180787
0.000179221
0.000177656
0.000176091
0.000174526
0.000172961
0.000171395
0.00016983
0.000168265
0.0001667
0.000165135
0.00016357
0.000162005
0.00016044
0.000158876
0.000157311
0.000155746
0.000154181
0.000152616
0.000151052
0.000149487
0.000147922
0.000146358
0.000144793
0.000143229
0.000141664
0.0001401
0.000138535
0.000136971
0.000135406
0.000133842
0.000132278
0.000130713
0.000129149
0.000127585
0.000126021
0.000124457
0.000122892
0.000121328
0.000119764
0.0001182
0.000116636
0.000115072
0.000113508
0.000111944
0.00011038
0.000108816
0.000107252
0.000105688
0.000104125
0.000102561
0.000100997
9.94332e-05
9.78695e-05
9.63057e-05
9.4742e-05
9.31784e-05
9.16147e-05
9.00511e-05
8.84875e-05
8.69239e-05
8.53603e-05
8.37968e-05
8.22333e-05
8.06698e-05
7.91063e-05
7.75429e-05
7.59794e-05
7.4416e-05
7.28526e-05
7.12893e-05
6.97259e-05
6.81626e-05
6.65993e-05
6.5036e-05
6.34727e-05
6.19095e-05
6.03462e-05
5.8783e-05
5.72198e-05
5.56566e-05
5.40935e-05
5.25303e-05
5.09672e-05
4.94041e-05
4.7841e-05
4.62779e-05
4.47149e-05
4.31518e-05
4.15888e-05
4.00258e-05
3.84628e-05
3.68998e-05
3.53368e-05
3.37739e-05
3.22109e-05
3.0648e-05
2.90851e-05
2.75222e-05
2.59593e-05
2.43965e-05
2.28336e-05
2.12708e-05
1.97079e-05
1.81451e-05
1.65823e-05
1.50195e-05
1.34567e-05
1.18939e-05
1.03312e-05
8.76844e-06
7.2057e-06
5.64297e-06
4.08025e-06
2.51754e-06
9.54843e-07
-6.07845e-07
-2.17053e-06
-3.7332e-06
-5.29586e-06
-6.85851e-06
-8.42115e-06
-9.98379e-06
-1.15464e-05
-1.3109e-05
-1.46717e-05
-1.62343e-05
-1.77969e-05
-1.93595e-05
-2.0922e-05
-2.24846e-05
-2.40472e-05
-2.56098e-05
-2.71723e-05
-2.87349e-05
-3.02974e-05
-3.186e-05
-3.34225e-05
-3.49851e-05
-3.65476e-05
-3.81101e-05
-3.96726e-05
-4.12352e-05
-4.27977e-05
-4.43602e-05
-4.43602e-05
-4.43602e-05
-4.43602e-05
-4.43603e-05
-4.43603e-05
-4.43603e-05
-4.43603e-05
-4.43603e-05
-4.43603e-05
-4.43603e-05
-4.43604e-05
-4.43604e-05
-4.43604e-05
-4.43604e-05
-4.43604e-05
-4.43604e-05
-4.43604e-05
-4.43604e-05
-4.43605e-05
-4.43605e-05
-4.43605e-05
-4.43605e-05
-4.43605e-05
-4.43605e-05
-4.43605e-05
-4.43606e-05
-4.43606e-05
-4.43606e-05
-4.43606e-05
-4.43606e-05
-4.43606e-05
-4.43606e-05
-4.43607e-05
-4.43607e-05
-4.43607e-05
-4.43607e-05
-4.43607e-05
-4.43607e-05
-4.43607e-05
-4.43608e-05
-4.43608e-05
-4.43608e-05
-4.43608e-05
-4.43608e-05
-4.43608e-05
-4.43608e-05
-4.43609e-05
-4.43609e-05
-4.43609e-05
-4.43609e-05
-4.43609e-05
-4.43609e-05
-4.43609e-05
-4.4361e-05
-4.4361e-05
-4.4361e-05
-4.4361e-05
-4.4361e-05
-4.4361e-05
-4.4361e-05
-4.4361e-05
-4.43611e-05
-4.43611e-05
-4.43611e-05
-4.43611e-05
-4.43611e-05
-4.43611e-05
-4.43611e-05
-4.43612e-05
-4.43612e-05
-4.43612e-05
-4.43612e-05
-4.43612e-05
-4.43612e-05
-4.43612e-05
-4.43613e-05
-4.43613e-05
-4.43613e-05
-4.43613e-05
-4.43613e-05
-4.43613e-05
-4.43613e-05
-4.43614e-05
-4.43614e-05
-4.43614e-05
-4.43614e-05
-4.43614e-05
-4.43614e-05
-4.43614e-05
-4.43615e-05
-4.43615e-05
-4.43615e-05
-4.43615e-05
-4.43615e-05
-4.43615e-05
-4.43615e-05
-4.43615e-05
-4.43616e-05
-4.43616e-05
-4.43616e-05
-4.43616e-05
-4.43616e-05
-4.43616e-05
-4.43616e-05
-4.43617e-05
-4.43617e-05
-4.43617e-05
-4.43617e-05
-4.43617e-05
-4.43617e-05
-4.43617e-05
-4.43618e-05
-4.43618e-05
-4.43618e-05
-4.43618e-05
-4.43618e-05
-4.43618e-05
-4.43618e-05
-4.43619e-05
-4.43619e-05
-4.43619e-05
-4.43619e-05
-4.43619e-05
-4.43619e-05
-4.43619e-05
-4.4362e-05
-4.4362e-05
-4.4362e-05
-4.4362e-05
-4.4362e-05
-4.4362e-05
-4.4362e-05
-4.43621e-05
-4.43621e-05
-4.43621e-05
-4.43621e-05
-4.43621e-05
-4.43621e-05
-4.43621e-05
-4.43621e-05
-4.43622e-05
-4.43622e-05
-4.43622e-05
-4.43622e-05
-4.43622e-05
-4.43622e-05
-4.43622e-05
-4.43623e-05
-4.43623e-05
-4.43623e-05
-4.43623e-05
-4.43623e-05
-4.43623e-05
-4.43623e-05
-4.43624e-05
-4.43624e-05
-4.43624e-05
-4.43624e-05
-4.43624e-05
-4.43624e-05
-4.43624e-05
-4.43625e-05
-4.43625e-05
-4.43625e-05
-4.43625e-05
-4.43625e-05
-4.43625e-05
-4.43625e-05
-4.43626e-05
-4.43626e-05
-4.43626e-05
-4.43626e-05
-4.43626e-05
-4.43626e-05
-4.43626e-05
-4.43627e-05
-4.43627e-05
-4.43627e-05
-4.43627e-05
-4.43627e-05
-4.43627e-05
-4.43627e-05
-4.43627e-05
-4.43628e-05
-4.43628e-05
-4.43628e-05
-4.43628e-05
-4.43628e-05
-4.43628e-05
-4.43628e-05
-4.43629e-05
-4.43629e-05
-4.43629e-05
-4.43629e-05
-4.43629e-05
-4.43629e-05
-4.43629e-05
-4.4363e-05
-4.4363e-05
-4.4363e-05
-4.4363e-05
-4.4363e-05
-4.4363e-05
-4.4363e-05
-4.43631e-05
-4.43631e-05
-4.43631e-05
-4.43631e-05
-4.43631e-05
-4.43631e-05
-4.43631e-05
-4.43632e-05
-4.43632e-05
-4.43632e-05
-4.43632e-05
-4.43632e-05
-4.43632e-05
-4.43632e-05
-4.43632e-05
-4.43633e-05
-4.43633e-05
-4.43633e-05
-4.43633e-05
-4.43633e-05
-4.43633e-05
-4.43633e-05
-4.43634e-05
-4.43634e-05
-4.43634e-05
-4.43634e-05
-4.43634e-05
-4.43634e-05
-4.43634e-05
-4.43635e-05
-4.43635e-05
-4.43635e-05
-4.43635e-05
-4.43635e-05
-4.43635e-05
-4.43635e-05
-4.43636e-05
-4.43636e-05
-4.43636e-05
-4.43636e-05
-4.43636e-05
-4.43636e-05
-4.43636e-05
-4.43637e-05
-4.43637e-05
-4.43637e-05
-4.43637e-05
-4.43637e-05
-4.43637e-05
-4.43637e-05
-4.43638e-05
-4.43638e-05
-4.43638e-05
-4.43638e-05
-4.43638e-05
-4.43638e-05
-4.43638e-05
-4.43638e-05
-4.43639e-05
-4.43639e-05
-4.43639e-05
-4.43639e-05
-4.43639e-05
-4.43639e-05
-4.43639e-05
-4.4364e-05
-4.4364e-05
-4.4364e-05
-4.4364e-05
-4.4364e-05
-4.4364e-05
-4.4364e-05
-4.43641e-05
-4.43641e-05
-4.43641e-05
-4.43641e-05
-4.43641e-05
-4.43641e-05
-4.43641e-05
-4.43642e-05
-4.43642e-05
-4.43642e-05
-4.43642e-05
-4.43642e-05
-4.43642e-05
-4.43642e-05
-4.43643e-05
-4.43643e-05
-4.43643e-05
-4.43643e-05
-4.43643e-05
-4.43643e-05
-4.43643e-05
-4.43643e-05
-4.43644e-05
-4.43644e-05
-4.43644e-05
-4.43644e-05
-4.43644e-05
-4.43644e-05
-4.43644e-05
-4.43645e-05
-4.43645e-05
-4.43645e-05
-4.43645e-05
-4.43645e-05
-4.43645e-05
-4.43645e-05
-4.43646e-05
-4.43646e-05
-4.43646e-05
-4.43646e-05
-4.43646e-05
-4.43646e-05
-4.43646e-05
-4.43647e-05
-4.43647e-05
-4.43647e-05
-4.43647e-05
-4.43647e-05
-4.43647e-05
-4.43647e-05
-4.43648e-05
-4.43648e-05
-4.43648e-05
-4.43648e-05
-4.43648e-05
-4.43648e-05
-4.43648e-05
-4.43649e-05
-4.43649e-05
-4.43649e-05
-4.43649e-05
-4.43649e-05
-4.43649e-05
-4.43649e-05
-4.43649e-05
-4.4365e-05
-4.4365e-05
-4.4365e-05
-4.4365e-05
-4.4365e-05
-4.4365e-05
-4.4365e-05
-4.43651e-05
-4.43651e-05
-4.43651e-05
-4.43651e-05
-4.43651e-05
-4.43651e-05
-4.43651e-05
-4.43652e-05
-4.43652e-05
-4.43652e-05
-4.43652e-05
-4.43652e-05
-4.43652e-05
-4.43652e-05
-4.43653e-05
-4.43653e-05
-4.43653e-05
-4.43653e-05
-4.43653e-05
-4.43653e-05
-4.43653e-05
-4.43654e-05
-4.43654e-05
-4.43654e-05
-4.43654e-05
-4.43654e-05
-4.43654e-05
-4.43654e-05
-4.43655e-05
-4.43655e-05
-4.43655e-05
-4.43655e-05
-4.43655e-05
-4.43655e-05
-4.43655e-05
-4.43655e-05
-4.43656e-05
-4.43656e-05
-4.43656e-05
-4.43656e-05
-4.43656e-05
-4.43656e-05
-4.43656e-05
-4.43657e-05
-4.43657e-05
-4.43657e-05
-4.43657e-05
-4.43657e-05
-4.43657e-05
-4.43657e-05
-4.43658e-05
-4.43658e-05
-4.43658e-05
-4.43658e-05
-4.43658e-05
-4.43658e-05
-4.43658e-05
-4.43659e-05
-4.43659e-05
-4.43659e-05
-4.43659e-05
-4.43659e-05
-4.43659e-05
-4.43659e-05
-4.4366e-05
-4.4366e-05
-4.4366e-05
-4.4366e-05
-4.4366e-05
-4.4366e-05
-4.4366e-05
-4.4366e-05
-4.43661e-05
-4.43661e-05
-4.43661e-05
-4.43661e-05
-4.43661e-05
-4.43661e-05
-4.43661e-05
-4.43662e-05
-4.43662e-05
-4.43662e-05
-4.43662e-05
-4.43662e-05
-4.43662e-05
-4.43662e-05
-4.43663e-05
-4.43663e-05
-4.43663e-05
-4.43663e-05
-4.43663e-05
-4.43663e-05
-4.43663e-05
-4.43664e-05
-4.43664e-05
-4.43664e-05
-4.43664e-05
-4.43664e-05
-4.43664e-05
-4.43664e-05
-4.43665e-05
-4.43665e-05
-4.43665e-05
-4.43665e-05
-4.43665e-05
-4.43665e-05
-4.43665e-05
-4.43666e-05
-4.43666e-05
-4.43666e-05
-4.43666e-05
-4.43666e-05
-4.43666e-05
-4.43666e-05
-4.43666e-05
-4.43667e-05
-4.43667e-05
-4.43667e-05
-4.43667e-05
-4.43667e-05
-4.43667e-05
-4.43667e-05
-4.43668e-05
-4.43668e-05
-4.43668e-05
-4.43668e-05
-4.43668e-05
-4.43668e-05
-4.43668e-05
-4.43669e-05
-4.43669e-05
-4.43669e-05
-4.43669e-05
-4.43669e-05
-4.43669e-05
-4.43669e-05
-4.4367e-05
-4.4367e-05
-4.4367e-05
-4.4367e-05
-4.4367e-05
-4.4367e-05
-4.4367e-05
-4.43671e-05
-4.43671e-05
-4.43671e-05
-4.43671e-05
-4.43671e-05
-4.43671e-05
-4.43671e-05
-4.43671e-05
-4.43672e-05
-4.43672e-05
-4.43672e-05
-4.43672e-05
-4.43672e-05
-4.43672e-05
-4.43672e-05
-4.43673e-05
-4.43673e-05
-4.43673e-05
-4.43673e-05
-4.43673e-05
-4.43673e-05
-4.43673e-05
-4.43674e-05
-4.43674e-05
-4.43674e-05
-4.43674e-05
-4.43674e-05
-4.43674e-05
-4.43674e-05
-4.43675e-05
-4.43675e-05
-4.43675e-05
-4.43675e-05
-4.43675e-05
-4.43675e-05
-4.43675e-05
-4.43676e-05
-4.43676e-05
-4.43676e-05
-4.43676e-05
-4.43676e-05
-4.43676e-05
-4.43676e-05
-4.43677e-05
-4.43677e-05
-4.43677e-05
-4.43677e-05
-4.43677e-05
-4.43677e-05
-4.43677e-05
-4.43677e-05
-4.43678e-05
-4.43678e-05
-4.43678e-05
-4.43678e-05
-4.43678e-05
-4.43678e-05
-4.43678e-05
-4.43679e-05
-4.43679e-05
-4.43679e-05
-4.43679e-05
-4.43679e-05
-4.43679e-05
-4.43679e-05
-4.4368e-05
-4.4368e-05
-4.4368e-05
-4.4368e-05
-4.4368e-05
-4.4368e-05
-4.4368e-05
-4.43681e-05
-4.43681e-05
-4.43681e-05
-4.43681e-05
-4.43681e-05
-4.43681e-05
-4.43681e-05
-4.43682e-05
-4.43682e-05
-4.43682e-05
-4.43682e-05
-4.43682e-05
-4.43682e-05
-4.43682e-05
-4.43682e-05
-4.43683e-05
-4.43683e-05
-4.43683e-05
-4.43683e-05
-4.43683e-05
-4.43683e-05
-4.43683e-05
-4.43684e-05
-4.43684e-05
-4.43684e-05
-4.43684e-05
-4.43684e-05
-4.43684e-05
-4.43684e-05
-4.43685e-05
-4.43685e-05
-4.43685e-05
-4.43685e-05
-4.43685e-05
-4.43685e-05
-4.43685e-05
-4.43686e-05
-4.43686e-05
-4.43686e-05
-4.43686e-05
-4.43686e-05
-4.43686e-05
-4.43686e-05
-4.43687e-05
-4.43687e-05
-4.43687e-05
-4.43687e-05
-4.43687e-05
-4.43687e-05
-4.43687e-05
-4.43687e-05
-4.43688e-05
-4.43688e-05
-4.43688e-05
-4.43688e-05
-4.43688e-05
-4.43688e-05
-4.43688e-05
-4.43689e-05
-4.43689e-05
-4.43689e-05
-4.43689e-05
-4.43689e-05
-4.43689e-05
-4.43689e-05
-4.4369e-05
-4.4369e-05
-4.4369e-05
-4.4369e-05
-4.4369e-05
-4.4369e-05
-4.4369e-05
-4.43691e-05
-4.43691e-05
-4.43691e-05
-4.43691e-05
-4.43691e-05
-4.43691e-05
-4.43691e-05
-4.43692e-05
-4.43692e-05
-4.43692e-05
-4.43692e-05
-4.43692e-05
-4.43692e-05
-4.43692e-05
-4.43693e-05
-4.43693e-05
-4.43693e-05
-4.43693e-05
-4.43693e-05
-4.43693e-05
-4.43693e-05
-4.43693e-05
-4.43694e-05
-4.43694e-05
-4.43694e-05
-4.43694e-05
-4.43694e-05
-4.43694e-05
-4.43694e-05
-4.43695e-05
-4.43695e-05
-4.43695e-05
-4.43695e-05
-4.43695e-05
-4.43695e-05
-4.43695e-05
-4.43696e-05
-4.43696e-05
-4.43696e-05
-4.43696e-05
-4.43696e-05
-4.43696e-05
-4.43696e-05
-4.43697e-05
-4.43697e-05
-4.43697e-05
-4.43697e-05
-4.43697e-05
-4.43697e-05
-4.43697e-05
-4.43698e-05
-4.43698e-05
-4.43698e-05
-4.43698e-05
-4.43698e-05
-4.43698e-05
-4.43698e-05
-4.43698e-05
-4.43699e-05
-4.43699e-05
-4.43699e-05
-4.43699e-05
-4.43699e-05
-4.43699e-05
-4.43699e-05
-4.437e-05
-4.437e-05
-4.437e-05
-4.437e-05
-4.437e-05
-4.437e-05
-4.437e-05
-4.43701e-05
-4.43701e-05
-4.43701e-05
-4.43701e-05
-4.43701e-05
-4.43701e-05
-4.43701e-05
-4.43702e-05
-4.43702e-05
-4.43702e-05
-4.43702e-05
-4.43702e-05
-4.43702e-05
-4.43702e-05
-4.43703e-05
-4.43703e-05
-4.43703e-05
-4.43703e-05
-4.43703e-05
-4.43703e-05
-4.43703e-05
-4.43704e-05
-4.43704e-05
-4.43704e-05
-4.43704e-05
-4.43704e-05
-4.43704e-05
-4.43704e-05
-4.43704e-05
-4.43705e-05
-4.43705e-05
-4.43705e-05
-4.43705e-05
-4.43705e-05
-4.43705e-05
-4.43705e-05
-4.43706e-05
-4.43706e-05
-4.43706e-05
-4.43706e-05
-4.43706e-05
-4.43706e-05
-4.43706e-05
-4.43707e-05
-4.43707e-05
-4.43707e-05
-4.43707e-05
-4.43707e-05
-4.43707e-05
-4.43707e-05
-4.43708e-05
-4.43708e-05
-4.43708e-05
-4.43708e-05
-4.43708e-05
-4.43708e-05
-4.43708e-05
-4.43709e-05
-4.43709e-05
-4.43709e-05
-4.43709e-05
-4.43709e-05
-4.43709e-05
-4.43709e-05
-4.43709e-05
-4.4371e-05
-4.4371e-05
-4.4371e-05
-4.4371e-05
-4.4371e-05
-4.4371e-05
-4.4371e-05
-4.43711e-05
-4.43711e-05
-4.43711e-05
-4.43711e-05
-4.43711e-05
-4.43711e-05
-4.43711e-05
-4.43712e-05
-4.43712e-05
-4.43712e-05
-4.43712e-05
-4.43712e-05
-4.43712e-05
-4.43712e-05
-4.43713e-05
-4.43713e-05
-4.43713e-05
-4.43713e-05
-4.43713e-05
-4.43713e-05
-4.43713e-05
-4.43714e-05
-4.43714e-05
-4.43714e-05
-4.43714e-05
-4.43714e-05
-4.43714e-05
-4.43714e-05
-4.43714e-05
-4.43715e-05
-4.43715e-05
-4.43715e-05
-4.43715e-05
-4.43715e-05
-4.43715e-05
-4.43715e-05
-4.43716e-05
-4.43716e-05
-4.43716e-05
-4.43716e-05
-4.43716e-05
-4.43716e-05
-4.43716e-05
-4.43717e-05
-4.43717e-05
-4.43717e-05
-4.43717e-05
-4.43717e-05
-4.43717e-05
-4.43717e-05
-4.43718e-05
-4.43718e-05
-4.43718e-05
-4.43718e-05
-4.43718e-05
-4.43718e-05
-4.43718e-05
-4.43719e-05
-4.43719e-05
-4.43719e-05
-4.43719e-05
-4.43719e-05
-4.43719e-05
-4.43719e-05
-4.4372e-05
-4.4372e-05
-4.4372e-05
-4.4372e-05
-4.4372e-05
-4.4372e-05
-4.4372e-05
-4.4372e-05
-4.43721e-05
-4.43721e-05
-4.43721e-05
-4.43721e-05
-4.43721e-05
-4.43721e-05
-4.43721e-05
-4.43722e-05
-4.43722e-05
-4.43722e-05
-4.43722e-05
-4.43722e-05
-4.43722e-05
-4.43722e-05
-4.43723e-05
-4.43723e-05
-4.43723e-05
-4.43723e-05
-4.43723e-05
-4.43723e-05
-4.43723e-05
-4.43724e-05
-4.43724e-05
-4.43724e-05
-4.43724e-05
-4.43724e-05
-4.43724e-05
-4.43724e-05
-4.43725e-05
-4.43725e-05
-4.43725e-05
-4.43725e-05
-4.43725e-05
-4.43725e-05
-4.43725e-05
-4.43725e-05
-4.43726e-05
-4.43726e-05
-4.43726e-05
-4.43726e-05
-4.43726e-05
-4.43726e-05
-4.43726e-05
-4.43727e-05
-4.43727e-05
-4.43727e-05
-4.43727e-05
-4.43727e-05
-4.43727e-05
-4.43727e-05
-4.43728e-05
-4.43728e-05
-4.43728e-05
-4.43728e-05
-4.43728e-05
-4.43728e-05
-4.43728e-05
-4.43729e-05
-4.43729e-05
-4.43729e-05
-4.43729e-05
-4.43729e-05
-4.43729e-05
-4.43729e-05
-4.4373e-05
-4.4373e-05
-4.4373e-05
-4.4373e-05
-4.4373e-05
-4.4373e-05
-4.4373e-05
-4.4373e-05
-4.43731e-05
-4.43731e-05
-4.43731e-05
-4.43731e-05
-4.43731e-05
-4.43731e-05
-4.43731e-05
-4.43732e-05
-4.43732e-05
-4.43732e-05
-4.43732e-05
-4.43732e-05
-4.43732e-05
-4.43732e-05
-4.43733e-05
-4.43733e-05
-4.43733e-05
-4.43733e-05
-4.43733e-05
-4.43733e-05
-4.43733e-05
-4.43734e-05
-4.43734e-05
-4.43734e-05
-4.43734e-05
-4.43734e-05
-4.43734e-05
-4.43734e-05
-4.43735e-05
-4.43735e-05
-4.43735e-05
-4.43735e-05
-4.43735e-05
-4.43735e-05
-4.43735e-05
-4.43736e-05
-4.43736e-05
-4.43736e-05
-4.43736e-05
-4.43736e-05
-4.43736e-05
-4.43736e-05
-4.43736e-05
-4.43737e-05
-4.43737e-05
-4.43737e-05
-4.43737e-05
-4.43737e-05
-4.43737e-05
-4.43737e-05
-4.43738e-05
-4.43738e-05
-4.43738e-05
-4.43738e-05
-4.43738e-05
-4.43738e-05
-4.43738e-05
-4.43739e-05
-4.43739e-05
-4.43739e-05
-4.43739e-05
-4.43739e-05
-4.43739e-05
-4.43739e-05
-4.4374e-05
-4.4374e-05
-4.4374e-05
-4.4374e-05
-4.4374e-05
-4.4374e-05
-4.4374e-05
-4.43741e-05
-4.43741e-05
-4.43741e-05
-4.43741e-05
-4.43741e-05
-4.43741e-05
-4.43741e-05
-4.43741e-05
-4.43742e-05
-4.43742e-05
-4.43742e-05
-4.43742e-05
-4.43742e-05
-4.43742e-05
-4.43742e-05
-4.43743e-05
-4.43743e-05
-4.43743e-05
-4.43743e-05
-4.43743e-05
-4.43743e-05
-4.43743e-05
-4.43744e-05
-4.43744e-05
-4.43744e-05
-4.43744e-05
-4.43744e-05
-4.43744e-05
-4.43744e-05
-4.43745e-05
-4.43745e-05
-4.43745e-05
-4.43745e-05
-4.43745e-05
-4.43745e-05
-4.43745e-05
-4.43746e-05
-4.43746e-05
-4.43746e-05
-4.43746e-05
-4.43746e-05
-4.43746e-05
-4.43746e-05
-4.43746e-05
-4.43747e-05
-4.43747e-05
-4.43747e-05
-4.43747e-05
-4.43747e-05
-4.43747e-05
-4.43747e-05
-4.43748e-05
-4.43748e-05
-4.43748e-05
-4.43748e-05
-4.43748e-05
-4.43748e-05
-4.43748e-05
-4.43749e-05
-4.43749e-05
-4.43749e-05
-4.43749e-05
-4.43749e-05
-4.43749e-05
-4.43749e-05
-4.4375e-05
-4.4375e-05
-4.4375e-05
-4.4375e-05
-4.4375e-05
-4.4375e-05
-4.4375e-05
-4.43751e-05
-4.43751e-05
-4.43751e-05
-4.43751e-05
-4.43751e-05
-4.43751e-05
-4.43751e-05
-4.43751e-05
-4.43752e-05
-4.43752e-05
-4.43752e-05
-4.43752e-05
-4.43752e-05
-4.43752e-05
-4.43752e-05
-4.43753e-05
-4.43753e-05
-4.43753e-05
-4.43753e-05
-4.43753e-05
-4.43753e-05
-4.43753e-05
-4.43754e-05
-4.43754e-05
-4.43754e-05
-4.43754e-05
-4.43754e-05
-4.43754e-05
-4.43754e-05
-4.43755e-05
-4.43755e-05
-4.43755e-05
-4.43755e-05
-4.43755e-05
-4.43755e-05
-4.43755e-05
-4.43756e-05
-4.43756e-05
-4.43756e-05
-4.43756e-05
-4.43756e-05
-4.43756e-05
-4.43756e-05
-4.43757e-05
-4.43757e-05
-4.43757e-05
-4.43757e-05
-4.43757e-05
-4.43757e-05
-4.43757e-05
-4.43757e-05
-4.43758e-05
-4.43758e-05
-4.43758e-05
-4.43758e-05
-4.43758e-05
-4.43758e-05
-4.43758e-05
-4.43759e-05
-4.43759e-05
-4.43759e-05
-4.43759e-05
-4.43759e-05
-4.43759e-05
-4.43759e-05
-4.4376e-05
-4.4376e-05
-4.4376e-05
-4.4376e-05
-4.4376e-05
-4.4376e-05
-4.4376e-05
-4.43761e-05
-4.43761e-05
-4.43761e-05
-4.43761e-05
-4.43761e-05
-4.43761e-05
-4.43761e-05
-4.43762e-05
-4.43762e-05
-4.43762e-05
-4.43762e-05
-4.43762e-05
-4.43762e-05
-4.43762e-05
-4.43762e-05
-4.43763e-05
-4.43763e-05
-4.43763e-05
-4.43763e-05
-4.43763e-05
-4.43763e-05
-4.43763e-05
-4.43764e-05
-4.43764e-05
-4.43764e-05
-4.43764e-05
-4.43764e-05
-4.43764e-05
-4.43764e-05
-4.43765e-05
-4.43765e-05
-4.43765e-05
-4.43765e-05
-4.43765e-05
-4.43765e-05
-4.43765e-05
-4.43766e-05
-4.43766e-05
-4.43766e-05
-4.43766e-05
-4.43766e-05
-4.43766e-05
-4.43766e-05
-4.43767e-05
-4.43767e-05
-4.43767e-05
-4.43767e-05
-4.43767e-05
-4.43767e-05
-4.43767e-05
-4.43767e-05
-4.43768e-05
-4.43768e-05
-4.43768e-05
-4.43768e-05
-4.43768e-05
-4.43768e-05
-4.43768e-05
-4.43769e-05
-4.43769e-05
-4.43769e-05
-4.43769e-05
-4.43769e-05
-4.43769e-05
-4.43769e-05
-4.4377e-05
-4.4377e-05
-4.4377e-05
-4.4377e-05
-4.4377e-05
-4.4377e-05
-4.4377e-05
-4.43771e-05
-4.43771e-05
-4.43771e-05
-4.43771e-05
-4.43771e-05
-4.43771e-05
-4.43771e-05
-4.43772e-05
-4.43772e-05
-4.43772e-05
-4.43772e-05
-4.43772e-05
-4.43772e-05
-4.43772e-05
-4.43772e-05
-4.43773e-05
-4.43773e-05
-4.43773e-05
-4.43773e-05
-4.43773e-05
-4.43773e-05
-4.43773e-05
-4.43774e-05
-4.43774e-05
-4.43774e-05
-4.43774e-05
-4.43774e-05
-4.43774e-05
-4.43774e-05
-4.43775e-05
-4.43775e-05
-4.43775e-05
-4.43775e-05
-4.43775e-05
-4.43775e-05
-4.43775e-05
-4.43776e-05
-4.43776e-05
-4.43776e-05
-4.43776e-05
-4.43776e-05
-4.43776e-05
-4.43776e-05
-4.43777e-05
-4.43777e-05
-4.43777e-05
-4.43777e-05
-4.43777e-05
-4.43777e-05
-4.43777e-05
-4.43777e-05
-4.43778e-05
-4.43778e-05
-4.43778e-05
-4.43778e-05
-4.43778e-05
-4.43778e-05
-4.43778e-05
-4.43779e-05
-4.43779e-05
-4.43779e-05
-4.43779e-05
-4.43779e-05
-4.43779e-05
-4.43779e-05
-4.4378e-05
-4.4378e-05
-4.4378e-05
-4.4378e-05
-4.4378e-05
-4.4378e-05
-4.4378e-05
-4.43781e-05
-4.43781e-05
-4.43781e-05
-4.43781e-05
-4.43781e-05
-4.43781e-05
-4.43781e-05
-4.43782e-05
-4.43782e-05
-4.43782e-05
-4.43782e-05
-4.43782e-05
-4.43782e-05
-4.43782e-05
-4.43782e-05
-4.43783e-05
-4.43783e-05
-4.43783e-05
-4.43783e-05
-4.43783e-05
-4.43783e-05
-4.43783e-05
-4.43784e-05
-4.43784e-05
-4.43784e-05
-4.43784e-05
-4.43784e-05
-4.43784e-05
-4.43784e-05
-4.43785e-05
-4.43785e-05
-4.43785e-05
-4.43785e-05
-4.43785e-05
-4.43785e-05
-4.43785e-05
-4.43786e-05
-4.43786e-05
-4.43786e-05
-4.43786e-05
-4.43786e-05
-4.43786e-05
-4.43786e-05
-4.43787e-05
-4.43787e-05
-4.43787e-05
-4.43787e-05
-4.43787e-05
-4.43787e-05
-4.43787e-05
-4.43788e-05
-4.43788e-05
-4.43788e-05
-4.43788e-05
-4.43788e-05
-4.43788e-05
-4.43788e-05
-4.43788e-05
-4.43789e-05
-4.43789e-05
-4.43789e-05
-4.43789e-05
-4.43789e-05
-4.43789e-05
-4.43789e-05
-4.4379e-05
-4.4379e-05
-4.4379e-05
-4.4379e-05
-4.4379e-05
-4.4379e-05
-4.4379e-05
-4.43791e-05
-4.43791e-05
-4.43791e-05
-4.43791e-05
-4.43791e-05
-4.43791e-05
-4.43791e-05
-4.43792e-05
-4.43792e-05
-4.43792e-05
-4.43792e-05
-4.43792e-05
-4.43792e-05
-4.43792e-05
-4.43793e-05
-4.43793e-05
-4.43793e-05
-4.43793e-05
-4.43793e-05
-4.43793e-05
-4.43793e-05
-4.43793e-05
-4.43794e-05
-4.43794e-05
-4.43794e-05
-4.43794e-05
-4.43794e-05
-4.43794e-05
-4.43794e-05
-4.43795e-05
-4.43795e-05
-4.43795e-05
-4.43795e-05
-4.43795e-05
-4.43795e-05
-4.43795e-05
-4.43796e-05
-4.43796e-05
-4.43796e-05
-4.43796e-05
-4.43796e-05
-4.43796e-05
-4.43796e-05
-4.43797e-05
-4.43797e-05
-4.43797e-05
-4.43797e-05
-4.43797e-05
-4.43797e-05
-4.43797e-05
-4.43798e-05
-4.43798e-05
-4.43798e-05
-4.43798e-05
-4.43798e-05
-4.43798e-05
-4.43798e-05
-4.43798e-05
-4.43799e-05
-4.43799e-05
-4.43799e-05
-4.43799e-05
-4.43799e-05
-4.43799e-05
-4.43799e-05
-4.438e-05
-4.438e-05
-4.438e-05
-4.438e-05
-4.438e-05
-4.438e-05
-4.438e-05
-4.43801e-05
-4.43801e-05
-4.43801e-05
-4.43801e-05
-4.43801e-05
-4.43801e-05
-4.43801e-05
-4.43802e-05
-4.43802e-05
-4.43802e-05
-4.43802e-05
-4.43802e-05
-4.43802e-05
-4.43802e-05
-4.43803e-05
-4.43803e-05
-4.43803e-05
-4.43803e-05
-4.43803e-05
-4.43803e-05
-4.43803e-05
-4.43803e-05
-4.43804e-05
-4.43804e-05
-4.43804e-05
-4.43804e-05
-4.43804e-05
-4.43804e-05
-4.43804e-05
-4.43805e-05
-4.43805e-05
-4.43805e-05
-4.43805e-05
-4.43805e-05
-4.43805e-05
-4.43805e-05
-4.43806e-05
-4.43806e-05
-4.43806e-05
-4.43806e-05
-4.43806e-05
-4.43806e-05
-4.43806e-05
-4.43807e-05
-4.43807e-05
-4.43807e-05
-4.43807e-05
-4.43807e-05
-4.43807e-05
-4.43807e-05
-4.43808e-05
-4.43808e-05
-4.43808e-05
-4.43808e-05
-4.43808e-05
-4.43808e-05
-4.43808e-05
-4.43808e-05
-4.43809e-05
-4.43809e-05
-4.43809e-05
-4.43809e-05
-4.43809e-05
-4.43809e-05
-4.43809e-05
-4.4381e-05
-4.4381e-05
-4.4381e-05
-4.4381e-05
-4.4381e-05
-4.4381e-05
-4.4381e-05
-4.43811e-05
-4.43811e-05
-4.43811e-05
-4.43811e-05
-4.43811e-05
-4.43811e-05
-4.43811e-05
-4.43812e-05
-4.43812e-05
-4.43812e-05
-4.43812e-05
-4.43812e-05
-4.43812e-05
-4.43812e-05
-4.43813e-05
-4.43813e-05
-4.43813e-05
-4.43813e-05
-4.43813e-05
-4.43813e-05
-4.43813e-05
-4.43813e-05
-4.43814e-05
-4.43814e-05
-4.43814e-05
-4.43814e-05
-4.43814e-05
-4.43814e-05
-4.43814e-05
-4.43815e-05
-4.43815e-05
-4.43815e-05
-4.43815e-05
-4.43815e-05
-4.43815e-05
-4.43815e-05
-4.43816e-05
-4.43816e-05
-4.43816e-05
-4.43816e-05
-4.43816e-05
-4.43816e-05
-4.43816e-05
-4.43817e-05
-4.43817e-05
-4.43817e-05
-4.43817e-05
-4.43817e-05
-4.43817e-05
-4.43817e-05
-4.43818e-05
-4.43818e-05
-4.43818e-05
-4.43818e-05
-4.43818e-05
-4.43818e-05
-4.43818e-05
-4.43818e-05
-4.43819e-05
-4.43819e-05
-4.43819e-05
-4.43819e-05
-4.43819e-05
-4.43819e-05
-4.43819e-05
-4.4382e-05
-4.4382e-05
-4.4382e-05
-4.4382e-05
-4.4382e-05
-4.4382e-05
-4.4382e-05
-4.43821e-05
-4.43821e-05
-4.43821e-05
-4.43821e-05
-4.43821e-05
-4.43821e-05
-4.43821e-05
-4.43822e-05
-4.43822e-05
-4.43822e-05
-4.43822e-05
-4.43822e-05
-4.43822e-05
-4.43822e-05
-4.43823e-05
-4.43823e-05
-4.43823e-05
-4.43823e-05
-4.43823e-05
-4.43823e-05
-4.43823e-05
-4.43823e-05
-4.43824e-05
-4.43824e-05
-4.43824e-05
-4.43824e-05
-4.43824e-05
-4.43824e-05
-4.43824e-05
-4.43825e-05
-4.43825e-05
-4.43825e-05
-4.43825e-05
-4.43825e-05
-4.43825e-05
-4.43825e-05
-4.43826e-05
-4.43826e-05
-4.43826e-05
-4.43826e-05
-4.43826e-05
-4.43826e-05
-4.43826e-05
-4.43827e-05
-4.43827e-05
-4.43827e-05
-4.43827e-05
-4.43827e-05
-4.43827e-05
-4.43827e-05
-4.43828e-05
-4.43828e-05
-4.43828e-05
-4.43828e-05
-4.43828e-05
-4.43828e-05
-4.43828e-05
-4.43828e-05
-4.43829e-05
-4.43829e-05
-4.43829e-05
-4.43829e-05
-4.43829e-05
-4.43829e-05
-4.43829e-05
-4.4383e-05
-4.4383e-05
-4.4383e-05
-4.4383e-05
-4.4383e-05
-4.4383e-05
-4.4383e-05
-4.43831e-05
-4.43831e-05
-4.43831e-05
-4.43831e-05
-4.43831e-05
-4.43831e-05
-4.43831e-05
-4.43832e-05
-4.43832e-05
-4.43832e-05
-4.43832e-05
-4.43832e-05
-4.43832e-05
-4.43832e-05
-4.43833e-05
-4.43833e-05
-4.43833e-05
-4.43833e-05
-4.43833e-05
-4.43833e-05
-4.43833e-05
-4.43833e-05
-4.43834e-05
-4.43834e-05
-4.43834e-05
-4.43834e-05
-4.43834e-05
-4.43834e-05
-4.43834e-05
-4.43835e-05
-4.43835e-05
-4.43835e-05
-4.43835e-05
-4.43835e-05
-4.43835e-05
-4.43835e-05
-4.43836e-05
-4.43836e-05
-4.43836e-05
-4.43836e-05
-4.43836e-05
-4.43836e-05
-4.43836e-05
-4.43837e-05
-4.43837e-05
-4.43837e-05
-4.43837e-05
-4.43837e-05
-4.43837e-05
-4.43837e-05
-4.43838e-05
-4.43838e-05
-4.43838e-05
-4.43838e-05
-4.43838e-05
-4.43838e-05
-4.43838e-05
-4.43838e-05
-4.43839e-05
-4.43839e-05
-4.43839e-05
-4.43839e-05
-4.43839e-05
-4.43839e-05
-4.43839e-05
-4.4384e-05
-4.4384e-05
-4.4384e-05
-4.4384e-05
-4.4384e-05
-4.4384e-05
-4.4384e-05
-4.43841e-05
-4.43841e-05
-4.43841e-05
-4.43841e-05
-4.43841e-05
-4.43841e-05
-4.43841e-05
-4.43842e-05
-4.43842e-05
-4.43842e-05
-4.43842e-05
-4.43842e-05
-4.43842e-05
-4.43842e-05
-4.43843e-05
-4.43843e-05
-4.43843e-05
-4.43843e-05
-4.43843e-05
-4.43843e-05
-4.43843e-05
-4.43843e-05
-4.43844e-05
-4.43844e-05
-4.43844e-05
-4.43844e-05
-4.43844e-05
-4.43844e-05
-4.43844e-05
-4.43845e-05
-4.43845e-05
-4.43845e-05
-4.43845e-05
-4.43845e-05
-4.43845e-05
-4.43845e-05
-4.43846e-05
-4.43846e-05
-4.43846e-05
-4.43846e-05
-4.43846e-05
-4.43846e-05
-4.43846e-05
-4.43847e-05
-4.43847e-05
-4.43847e-05
-4.43847e-05
-4.43847e-05
-4.43847e-05
-4.43847e-05
-4.43848e-05
-4.43848e-05
-4.43848e-05
-4.43848e-05
-4.43848e-05
-4.43848e-05
-4.43848e-05
-4.43848e-05
-4.43849e-05
-4.43849e-05
-4.43849e-05
-4.43849e-05
-4.43849e-05
-4.43849e-05
-4.43849e-05
-4.4385e-05
-4.4385e-05
-4.4385e-05
-4.4385e-05
-4.4385e-05
-4.4385e-05
-4.4385e-05
-4.43851e-05
-4.43851e-05
-4.43851e-05
-4.43851e-05
-4.43851e-05
-4.43851e-05
-4.43851e-05
-4.43852e-05
-4.43852e-05
-4.43852e-05
-4.43852e-05
-4.43852e-05
-4.43852e-05
-4.43852e-05
