0.0169
0.0307075
0.0445338
0.0583849
0.072267
0.0861861
0.100148
0.114159
0.128225
0.142351
0.156544
0.170808
0.18515
0.199574
0.214086
0.22869
0.243392
0.258195
0.273105
0.288123
0.303255
0.318502
0.333867
0.349351
0.364957
0.380684
0.396532
0.412499
0.428584
0.444784
0.461093
0.477506
0.494017
0.510617
0.527296
0.544043
0.560845
0.577687
0.594552
0.611422
0.628276
0.645092
0.661846
0.678511
0.695058
0.711459
0.727681
0.74369
0.759453
0.774933
0.762519
0.749325
0.735388
0.720746
0.705444
0.689528
0.673048
0.656055
0.638601
0.620739
0.602522
0.584002
0.56523
0.546255
0.527126
0.507887
0.488582
0.469253
0.449935
0.430666
0.411478
0.3924
0.373461
0.354683
0.336091
0.317703
0.299537
0.281609
0.263931
0.246516
0.229374
0.212511
0.195937
0.179655
0.16367
0.147985
0.132604
0.117526
0.102752
0.0882832
0.0741177
0.0602542
0.046691
0.0334255
0.020455
0.00777624
-0.00461434
-0.0167207
-0.028547
-0.0400978
-0.0375901
-0.0351186
-0.0326808
-0.0302748
-0.0278982
-0.0255489
-0.0232249
-0.0209239
-0.018644
-0.0163829
-0.0141388
-0.0119095
-0.00969303
-0.00748733
-0.00529043
-0.00310031
-0.000914993
0.00126751
0.00344919
0.00563202
0.00781797
0.010009
0.0122072
0.0144144
0.0166327
0.0188641
0.0211105
0.023374
0.0256566
0.0279603
0.0302873
0.0326395
0.0350191
0.0374281
0.0398687
0.042343
0.0448532
0.0474015
0.0499901
0.0526212
0.0552971
0.05802
0.0607924
0.0636166
0.0664949
0.0694298
0.0724236
0.075479
0.0785984
0.0817844
