0
0.00142858
0.00285731
0.00428638
0.00571598
0.00714631
0.00857754
0.0100099
0.0114435
0.0128786
0.0143154
0.015754
0.0171947
0.0186376
0.0200829
0.0215309
0.0229816
0.0244353
0.0258922
0.0273524
0.0288162
0.0302836
0.031755
0.0332304
0.0347101
0.0361942
0.0376829
0.0391763
0.0406748
0.0421783
0.0436871
0.0452014
0.0467213
0.048247
0.0497786
0.0513164
0.0528604
0.0544109
0.0559679
0.0575317
0.0591023
0.06068
0.0622648
0.063857
0.0654566
0.0670638
0.0686787
0.0703014
0.0719322
0.073571
0.075218
0.0768734
0.0785372
0.0802096
0.0818906
0.0835803
0.085279
0.0869865
0.0887031
0.0904287
0.0921635
0.0939076
0.095661
0.0974238
0.099196
0.100978
0.102769
0.104569
0.10638
0.1082
0.110029
0.111868
0.113717
0.115575
0.117443
0.119321
0.121208
0.123104
0.12501
0.126926
0.12885
0.130784
0.132728
0.13468
0.136641
0.138611
0.14059
0.142577
0.144573
0.146577
0.14859
0.15061
0.152638
0.154673
0.156716
0.158766
0.160823
0.162886
0.164956
0.167031
0.169113
0.171199
0.173291
0.175388
0.177489
0.179594
0.181702
0.183814
0.185928
0.188045
0.190164
0.192284
0.194405
0.196526
0.198648
0.200768
0.202888
0.205006
0.207121
0.209233
0.211342
0.213447
0.215547
0.217641
0.219729
0.22181
0.223883
0.225948
0.228004
0.23005
0.232085
0.234109
0.23612
0.238118
0.240103
0.242072
0.244025
0.245962
0.247882
0.249782
0.251664
0.253525
0.255365
0.257183
0.258977
0.260748
0.262493
0.264212
0.265904
0.267568
0.269203
0.270808
0.272381
0.273923
0.275431
0.276906
0.278345
0.279748
0.281114
0.282442
0.283731
0.28498
0.286188
0.287354
0.288477
0.289556
0.290591
0.29158
0.292522
0.293418
0.294264
0.295062
0.29581
0.296508
0.297154
0.297748
0.298289
0.298776
0.29921
0.299588
0.299911
0.300179
0.300389
0.300543
0.300639
0.300677
0.300657
0.300578
0.30044
0.300242
0.299985
0.299668
0.29929
0.298852
0.298354
0.297795
0.297176
0.296496
0.295755
0.294953
0.294091
0.293168
0.292185
0.291141
0.290038
0.288874
0.287651
0.286369
0.285027
0.283627
0.282169
0.280653
0.279079
0.277448
0.27576
0.274017
0.272217
0.270363
0.268454
0.266491
0.264474
0.262404
0.260283
0.258109
0.255885
0.25361
0.251285
0.248911
0.246489
0.244019
0.241502
0.238938
0.236329
0.233674
0.230975
0.228233
0.225447
0.222619
0.219749
0.216838
0.213887
0.210897
0.207867
0.204799
0.201693
0.198551
0.195372
0.192157
0.188907
0.185623
0.182304
0.178953
0.175569
0.172153
0.168705
0.165226
0.161717
0.158179
0.154611
0.151014
0.14739
0.143738
0.140059
0.136353
0.132621
0.128864
0.125083
0.121276
0.117446
0.113593
0.109716
0.105818
0.101897
0.0979554
0.093993
0.0900104
0.0860081
0.0819866
0.0779467
0.0738887
0.0698134
0.0657212
0.0616129
0.0574889
0.0533501
0.0491969
0.0450301
0.0408504
0.0366585
0.0324552
0.0282411
0.0240173
0.0197843
0.0155432
0.0112947
0.00703991
0.00277968
-0.00148497
-0.00575301
-0.0100233
-0.0142949
-0.0185664
-0.0228368
-0.0271047
-0.0313689
-0.035628
-0.0398806
-0.0441252
-0.0483604
-0.0525846
-0.056796
-0.0609932
-0.0651743
-0.0693375
-0.073481
-0.0776029
-0.0817011
-0.0857737
-0.0898186
-0.0938335
-0.0978163
-0.101765
-0.105676
-0.109549
-0.113379
-0.117166
-0.120906
-0.124596
-0.128234
-0.131818
-0.135344
-0.138809
-0.142211
-0.145546
-0.148813
-0.152006
-0.155125
-0.158165
-0.161123
-0.163997
-0.166783
-0.169478
-0.172079
-0.174583
-0.176986
-0.179285
-0.181478
-0.18356
-0.18553
-0.187384
-0.189118
-0.190731
-0.192219
-0.193578
-0.194807
-0.195903
-0.196863
-0.197684
-0.198364
-0.198901
-0.199292
-0.199535
-0.199628
-0.19957
-0.199357
-0.198989
-0.198464
-0.197781
-0.196938
-0.195935
-0.194769
-0.193442
-0.191951
-0.190296
-0.188477
-0.186494
-0.184346
-0.182035
-0.17956
-0.176921
-0.17412
-0.171156
-0.168032
-0.164748
-0.161305
-0.157705
-0.15395
-0.150041
-0.14598
-0.141769
-0.13741
-0.132906
-0.12826
-0.123473
-0.118548
-0.113489
-0.108299
-0.10298
-0.0975353
-0.0919693
-0.0862849
-0.0804859
-0.074576
-0.0685589
-0.0624387
-0.0562195
-0.0499054
-0.0435007
-0.0370098
-0.0304372
-0.0237876
-0.0170657
-0.0102762
-0.00342411
0.00348548
0.0104475
0.0174565
0.0245074
0.0315944
0.0387122
0.0458548
0.0530166
0.0601915
0.0673735
0.0745564
0.081734
0.0888997
0.0960471
0.10317
0.11026
0.117312
0.124319
0.131273
0.138167
0.144994
0.151746
0.158416
0.164997
0.17148
0.177859
0.184125
0.19027
0.196287
0.202168
0.207905
0.21349
0.218916
0.224173
0.229256
0.234156
0.238865
0.243377
0.247683
0.251777
0.255651
0.259299
0.262714
0.265889
0.26882
0.271499
0.273921
0.276081
0.277974
0.279595
0.28094
0.282006
0.282789
0.283285
0.283493
0.283409
0.283033
0.282363
0.281397
0.280137
0.278581
0.27673
0.274585
0.272148
0.26942
0.266404
0.263102
0.259517
0.255653
0.251514
0.247105
0.242429
0.237492
0.2323
0.226857
0.221171
0.215247
0.209092
0.202712
0.196116
0.18931
0.182302
0.175099
0.16771
0.160143
0.152406
0.144507
0.136456
0.128261
0.119931
0.111476
0.102903
0.0942234
0.0854458
0.07658
0.0676357
0.0586227
0.049551
0.0404306
0.0312719
0.0220851
0.0128808
0.00366951
-0.00553799
-0.0147308
-0.0238979
-0.0330281
-0.0421101
-0.0511323
-0.0600834
-0.0689513
-0.0777244
-0.0863905
-0.0949376
-0.103353
-0.111625
-0.119741
-0.127689
-0.135455
-0.143027
-0.150392
-0.157539
-0.164453
-0.171123
-0.177537
-0.183681
-0.189543
-0.195112
-0.200375
-0.205322
-0.209941
-0.21422
-0.21815
-0.22172
-0.224921
-0.227744
-0.23018
-0.232221
-0.233859
-0.235089
-0.235904
-0.236299
-0.23627
-0.235812
-0.234923
-0.233601
-0.231845
-0.229655
-0.22703
-0.223973
-0.220485
-0.216571
-0.212233
-0.207478
-0.20231
-0.196736
-0.190764
-0.184402
-0.177659
-0.170545
-0.163069
-0.155244
-0.147082
-0.138593
-0.129792
-0.120693
-0.111309
-0.101655
-0.0917473
-0.0816005
-0.0712312
-0.060656
-0.049892
-0.0389566
-0.0278678
-0.0166437
-0.00530298
0.00613553
0.0176525
0.0292285
0.0408435
0.0524773
0.0641096
0.0757195
0.0872861
0.0987883
0.108753
0.118541
0.128133
0.137511
0.146658
0.155556
0.164187
0.172534
0.18058
0.188309
0.195705
0.202752
0.209436
0.215741
0.221655
0.227165
0.232257
0.23692
0.241144
0.244918
0.248234
0.251083
0.253459
0.255354
0.256764
0.257686
0.258115
0.25805
0.257491
0.256438
0.254891
0.252855
0.250332
0.247327
0.243847
0.239897
0.235486
0.230622
0.225316
0.219577
0.213418
0.206851
0.199888
0.192543
0.184831
0.176766
0.168365
0.159643
0.150617
0.141304
0.131721
0.121885
0.111815
0.10153
0.0910468
0.0803851
0.0695637
0.0586015
0.0475178
0.0363321
0.0250636
0.013732
0.00235694
-0.00904197
-0.020445
-0.0318323
-0.0431841
-0.0544806
-0.0657019
-0.0768282
-0.0878397
-0.0987165
-0.109439
-0.119988
-0.130343
-0.140484
-0.150394
-0.160052
-0.16944
-0.178539
-0.187331
-0.195797
-0.20392
-0.211683
-0.21907
-0.226063
-0.232647
-0.238808
-0.244531
-0.249802
-0.25461
-0.258942
-0.262787
-0.266136
-0.26898
-0.271311
-0.273123
-0.274409
-0.275167
-0.275392
-0.275083
-0.274239
-0.272861
-0.270952
-0.268513
-0.26555
-0.262068
-0.258074
-0.253575
-0.248582
-0.243104
-0.237152
-0.230738
-0.223876
-0.216579
-0.208862
-0.200741
-0.192232
-0.183352
-0.174117
-0.164547
-0.15466
-0.144474
-0.134009
-0.123284
-0.11232
-0.101136
-0.089752
-0.0781896
-0.0664691
-0.0546113
-0.042637
-0.0305673
-0.0184233
-0.00622607
0.0060032
0.0182433
0.030473
0.0426709
0.054816
0.0668868
0.0788621
0.0907208
0.102442
0.114003
0.125385
0.136566
0.147524
0.15824
0.168693
0.178863
0.188729
0.198272
0.207472
0.21631
0.224768
0.232828
0.240472
0.247683
0.254445
0.260742
0.266561
0.271886
0.276706
0.281009
0.284783
0.28802
0.29071
0.292847
0.294424
0.295437
0.295882
0.295757
0.295061
0.293796
0.291963
0.289564
0.286606
0.283094
0.279034
0.274436
0.269308
0.263663
0.25751
0.250864
0.243739
0.236147
0.228107
0.219633
0.210742
0.201453
0.191784
0.181753
0.17138
0.160684
0.149686
0.138406
0.126864
0.115082
0.10308
0.0908793
0.0785019
0.0659691
0.0533023
0.0405234
0.0276539
0.0147158
0.00173089
-0.0112789
-0.0242917
-0.0372853
-0.0502378
-0.0631272
-0.0759311
-0.0886276
-0.101194
-0.113609
-0.12585
-0.137895
-0.149722
-0.161308
-0.172631
-0.183671
-0.194404
-0.20481
-0.214868
-0.224556
-0.233854
-0.242741
-0.251199
-0.259208
-0.26675
-0.273806
-0.28036
-0.286397
-0.2919
-0.296856
-0.301252
-0.305075
-0.308316
-0.310965
-0.313014
-0.314457
-0.315288
-0.315504
-0.315103
-0.314084
-0.312448
-0.310198
-0.307337
-0.303871
-0.299808
-0.295155
-0.289922
-0.28412
-0.277763
-0.270862
-0.263434
-0.255494
-0.247058
-0.238145
-0.228773
-0.218961
-0.20873
-0.198099
-0.18709
-0.175725
-0.164025
-0.152012
-0.13971
-0.127141
-0.114328
-0.101294
-0.0880628
-0.0746571
-0.0611004
-0.0474163
-0.0336282
-0.0197597
-0.00583414
0.00812479
0.0220936
0.0360486
0.0499664
0.0638232
0.0775955
0.0912595
0.104792
0.118168
0.131365
0.14436
0.157127
0.169645
0.181888
0.193834
0.20546
0.216742
0.227658
0.238184
0.2483
0.257982
0.26721
0.275964
0.284222
0.291966
0.299178
0.305839
0.311935
0.317448
0.322365
0.326673
0.33036
0.333416
0.335833
0.337602
0.33872
0.339181
0.338982
0.338125
0.336608
0.334436
0.331611
0.328141
0.324032
0.319293
0.313935
0.30797
0.30141
0.294272
0.286569
0.278319
0.26954
0.26025
0.250469
0.240218
0.229516
0.218387
0.206852
0.194934
0.182655
0.170039
0.157109
0.143889
0.130403
0.116674
0.102726
0.088584
0.0742713
0.0598123
0.0452309
0.0305513
0.0157976
0.00099397
-0.0138355
-0.0286666
-0.0434751
-0.0582367
-0.072927
-0.0875216
-0.101996
-0.116325
-0.130485
-0.144451
-0.158197
-0.171699
-0.184932
-0.19787
-0.21049
-0.222765
-0.234671
-0.246184
-0.25728
-0.267933
-0.27812
-0.287819
-0.297006
-0.305659
-0.313758
-0.321281
-0.32821
-0.334526
-0.340213
-0.345253
-0.349634
-0.353341
-0.356364
-0.358693
-0.36032
-0.361238
-0.361444
-0.360934
-0.359709
-0.35777
-0.355119
-0.351763
-0.347707
-0.342961
-0.337536
-0.331442
-0.324696
-0.31731
-0.309303
-0.300693
-0.291499
-0.281741
-0.27144
-0.26062
-0.249303
-0.237513
-0.225274
-0.212612
-0.199551
-0.186117
-0.172336
-0.158235
-0.143838
-0.129172
-0.114263
-0.0991385
-0.0838232
-0.0683437
-0.0527261
-0.0369962
-0.0211801
-0.00530368
0.0106073
0.0265268
0.0424291
0.0582883
0.0740784
0.0897735
0.105347
0.120774
0.136027
0.15108
0.165907
0.18048
0.194774
0.208761
0.222415
0.235709
0.248617
0.261112
0.273167
0.284757
0.295855
0.306438
0.316479
0.325956
0.334845
0.343123
0.35077
0.357766
0.364091
0.369729
0.374663
0.37888
0.382367
0.385113
0.387109
0.388349
0.388827
0.388542
0.387491
0.385678
0.383104
0.379776
0.375702
0.370889
0.365351
0.359101
0.352152
0.344522
0.336229
0.327292
0.317732
0.30757
0.29683
0.285535
0.273709
0.261379
0.248569
0.235305
0.221615
0.207525
0.193061
0.178251
0.163122
0.147701
0.132014
0.116089
0.0999519
0.0836303
0.0671503
0.0505385
0.0338212
0.0170248
0.000175526
-0.0167003
-0.0335764
-0.0504264
-0.0672239
-0.0839424
-0.100555
-0.117035
-0.133356
-0.14949
-0.165409
-0.181086
-0.196493
-0.211602
-0.226385
-0.240812
-0.254855
-0.268486
-0.281675
-0.294395
-0.306617
-0.318312
-0.329454
-0.340014
-0.349967
-0.359286
-0.367946
-0.375925
-0.3832
-0.389748
-0.395552
-0.400593
-0.404854
-0.408323
-0.410986
-0.412834
-0.413859
-0.414056
-0.413422
-0.411956
-0.40966
-0.406539
-0.402598
-0.397848
-0.392299
-0.385964
-0.37886
-0.371003
-0.362413
-0.353111
-0.343119
-0.332462
-0.321164
-0.309252
-0.296753
-0.283695
-0.270106
-0.256017
-0.241455
-0.226451
-0.211035
-0.195236
-0.179085
-0.162612
-0.145845
-0.128815
-0.111551
-0.0940815
-0.0764356
-0.058642
-0.0407289
-0.0227246
-0.00465731
0.0134451
0.0315548
0.0496437
0.0676839
0.0856473
0.103506
0.121231
0.138795
0.156168
0.173321
0.190225
0.20685
0.223166
0.239144
0.254752
0.269959
0.284736
0.299051
0.312873
0.326171
0.338916
0.351076
0.362622
0.373525
0.383757
0.39329
0.402099
0.410159
0.417446
0.423939
0.428167
0.431504
0.433939
0.435468
0.436088
0.435798
0.434601
0.432502
0.429508
0.42563
0.42088
0.415274
0.408829
0.401565
0.393504
0.384668
0.375083
0.364776
0.353775
0.342107
0.329804
0.316895
0.303412
0.289385
0.274847
0.259829
0.244363
0.22848
0.21221
0.195585
0.178635
0.161388
0.143875
0.126124
0.108163
0.0900177
0.0717161
0.053284
0.0347467
0.0161294
-0.00254351
-0.0212478
-0.0399598
-0.0586558
-0.0773128
-0.0959074
-0.114417
-0.132818
-0.151087
-0.169202
-0.187139
-0.204875
-0.222387
-0.239649
-0.256639
-0.273331
-0.289701
-0.305725
-0.321377
-0.336632
-0.351464
-0.365848
-0.379758
-0.39317
-0.406059
-0.418398
-0.430165
-0.441335
-0.451886
-0.461796
-0.471042
-0.479607
-0.48747
-0.494615
-0.501028
-0.506693
-0.511599
-0.515737
-0.519099
-0.521679
-0.523475
-0.524485
-0.524711
-0.524157
-0.52283
-0.520736
-0.517889
-0.514299
-0.509982
-0.504955
-0.499237
-0.492848
-0.48581
-0.478145
-0.469879
-0.461037
-0.451644
-0.441728
-0.431315
-0.420434
-0.409111
-0.397375
-0.385253
-0.372772
-0.359958
-0.346837
-0.333435
-0.319777
-0.305886
-0.291786
-0.277497
-0.263043
-0.248442
-0.233714
-0.218877
-0.203949
-0.188945
-0.173881
-0.158772
-0.143631
-0.128471
-0.113303
-0.0981406
-0.0829926
-0.0678697
-0.0527813
-0.0377365
-0.0227439
-0.00781163
0.00705238
0.0218405
0.0365453
0.0511594
0.0656757
0.0800871
0.0943864
0.108566
0.12262
0.136539
0.150317
0.163945
0.177415
0.19072
0.203851
0.216798
0.229552
0.242105
0.254445
0.266563
0.278449
0.290091
0.301478
0.312599
0.323443
0.333996
0.344248
0.354185
0.363796
0.373068
0.381989
0.390546
0.398728
0.406521
0.413914
0.420897
0.427456
0.433583
0.439267
0.444498
0.449268
0.453568
0.45739
0.46073
0.46358
0.465937
0.467796
0.469155
0.470013
0.470368
0.470222
0.469576
0.468433
0.466796
0.464671
0.462064
0.45898
0.45543
0.45142
0.446961
0.442063
0.436737
0.430995
0.42485
0.418315
0.411402
0.404127
0.396502
0.388543
0.380264
0.371679
0.362804
0.353653
0.34424
0.334581
0.324688
0.314577
0.304261
0.293753
0.283067
0.272215
0.261209
0.250061
0.238783
0.227385
0.215878
0.204271
0.192575
0.180798
0.168948
0.157034
0.145063
0.133043
0.120979
0.108879
0.0967475
0.0845908
0.0724137
0.0602212
0.0480176
0.0358072
0.0235937
0.0113809
-0.000827821
-0.0130292
-0.0252203
-0.0373981
-0.0495599
-0.061703
-0.0738248
-0.0859228
-0.0979945
-0.110037
-0.122049
-0.134026
-0.145967
-0.157869
-0.169729
-0.181544
-0.193311
-0.205026
-0.216687
-0.228289
-0.23983
-0.251304
-0.262708
-0.274036
-0.285285
-0.296449
-0.307522
-0.318499
-0.329375
-0.340142
-0.350795
-0.361326
-0.371728
-0.381994
-0.392117
-0.402088
-0.411899
-0.421542
-0.431008
-0.440288
-0.449374
-0.458257
-0.466926
-0.475374
-0.483591
-0.491567
-0.499293
-0.506761
-0.513961
-0.520885
-0.527525
-0.533871
-0.539917
-0.545654
-0.551076
-0.556176
-0.560948
-0.565387
-0.569487
-0.573246
-0.576658
-0.579722
-0.582436
-0.584797
-0.586806
-0.588464
-0.589771
-0.590729
-0.591342
-0.591613
-0.591547
-0.591148
-0.590424
-0.589381
-0.588026
-0.586368
-0.584416
-0.582179
-0.579668
-0.576893
-0.573864
-0.570595
-0.567096
-0.563381
-0.55946
-0.555347
-0.551056
-0.546598
-0.541986
-0.537235
-0.532356
-0.527363
-0.522269
-0.517085
-0.511825
-0.506501
-0.501125
-0.495708
-0.490262
-0.484798
-0.479326
-0.473858
-0.468402
-0.46297
-0.457569
-0.452209
-0.446899
-0.441646
-0.436459
-0.431344
-0.426309
-0.42136
-0.416504
-0.411746
-0.407092
-0.402548
-0.398118
-0.393807
-0.389618
-0.385557
-0.381627
-0.377831
-0.374173
-0.370655
-0.367281
-0.364053
-0.360973
-0.358043
-0.355266
-0.352643
-0.350176
-0.347866
-0.345714
-0.343723
-0.341892
-0.340223
-0.338717
-0.337375
-0.336196
-0.335183
-0.334334
-0.333651
-0.333133
-0.332782
-0.332596
-0.332577
-0.332724
-0.333038
-0.333517
-0.334162
-0.334973
-0.335949
-0.337091
-0.338396
-0.339866
-0.341499
-0.343295
-0.345252
-0.347371
-0.349651
-0.352089
-0.354686
-0.357439
-0.360348
-0.363412
-0.366628
-0.369995
-0.373512
-0.377175
-0.380984
-0.384936
-0.389028
-0.393258
-0.397623
-0.40212
-0.406745
-0.411496
-0.416369
-0.421359
-0.426463
-0.431676
-0.436993
-0.442409
-0.447919
-0.453518
-0.459199
-0.464956
-0.470783
-0.476672
-0.482618
-0.488611
-0.494644
-0.500709
-0.506797
-0.5129
-0.519007
-0.525111
-0.531199
-0.537264
-0.543293
-0.549277
-0.555205
-0.561064
-0.566845
-0.572534
-0.578122
-0.583596
-0.588943
-0.594153
-0.599214
-0.604113
-0.60884
-0.613383
-0.61773
-0.62187
-0.625794
-0.62949
-0.632949
-0.636162
-0.639119
-0.641812
-0.644234
-0.646378
-0.648238
-0.649807
-0.651082
-0.652058
-0.652732
-0.653102
-0.653166
-0.652925
-0.652378
-0.651527
-0.650374
-0.648921
-0.647174
-0.645136
-0.642812
-0.64021
-0.637336
-0.634197
-0.630803
-0.627161
-0.623281
-0.619174
-0.614849
-0.610317
-0.605589
-0.600677
-0.595592
-0.590345
-0.58495
-0.579416
-0.573757
-0.567985
-0.56211
-0.556146
-0.550103
-0.543993
-0.537826
-0.531616
-0.52537
-0.519102
-0.512819
-0.506533
-0.500252
-0.493986
-0.487744
-0.481534
-0.475364
-0.469242
-0.463175
-0.457171
-0.451235
-0.445375
-0.439596
-0.433904
-0.428304
-0.422802
-0.417401
-0.412107
-0.406924
-0.401855
-0.396904
-0.392075
-0.38737
-0.382793
-0.378347
-0.374034
-0.369856
-0.365816
-0.361915
-0.358157
-0.354541
-0.351072
-0.347749
-0.344574
-0.341549
-0.338675
-0.335954
-0.333387
-0.330974
-0.328717
-0.326618
-0.324677
-0.322895
-0.321274
-0.319815
-0.318518
-0.317386
-0.316418
-0.315617
-0.314983
-0.314518
-0.314223
-0.314099
-0.314148
-0.314371
-0.31477
-0.315347
-0.316102
-0.317039
-0.318157
-0.31946
-0.32095
-0.322627
-0.324495
-0.326556
-0.328811
-0.331263
-0.333914
-0.336767
-0.339824
-0.343089
-0.346562
-0.350248
-0.354148
-0.358266
-0.362604
-0.367165
-0.371952
-0.376968
-0.382215
-0.387697
-0.393415
-0.399374
-0.405574
-0.412019
-0.418712
-0.425654
-0.432847
-0.440294
-0.447996
-0.455954
-0.46417
-0.472644
-0.481377
-0.490369
-0.499618
-0.509125
-0.518888
-0.528904
-0.53917
-0.549683
-0.560439
-0.571432
-0.582655
-0.594103
-0.604343
-0.614823
-0.62553
-0.636447
-0.647555
-0.658836
-0.670269
-0.681831
-0.693499
-0.705247
-0.717047
-0.728872
-0.740689
-0.752469
-0.764175
-0.775775
-0.787231
-0.798505
-0.809559
-0.820354
-0.830848
-0.841001
-0.850773
-0.860121
-0.869006
-0.877387
-0.885226
-0.892484
-0.899126
-0.905117
-0.910426
-0.915024
-0.918885
-0.921987
-0.92431
-0.92584
-0.926565
-0.926478
-0.925577
-0.923864
-0.921344
-0.918029
-0.913932
-0.909073
-0.903474
-0.897163
-0.890167
-0.882521
-0.87426
-0.865422
-0.856046
-0.846175
-0.835851
-0.825119
-0.814021
-0.802604
-0.790911
-0.778987
-0.766874
-0.754614
-0.74225
-0.72982
-0.717363
-0.704915
-0.69251
-0.680183
-0.667964
-0.655881
-0.643963
-0.632234
-0.620719
-0.609438
-0.598412
-0.587658
-0.577193
-0.567033
-0.55719
-0.547677
-0.538505
-0.529682
-0.521219
-0.513122
-0.505397
-0.498051
-0.491088
-0.484513
-0.478329
-0.472539
-0.467146
-0.462151
-0.457556
-0.453363
-0.449573
-0.446186
-0.443203
-0.440625
-0.43845
-0.436681
-0.435316
-0.434356
-0.4338
-0.433648
-0.4339
-0.434556
-0.435615
-0.437077
-0.438941
-0.441208
-0.443875
-0.446943
-0.450411
-0.454277
-0.458541
-0.463201
-0.468255
-0.473702
-0.47954
-0.485765
-0.492375
-0.499366
-0.506735
-0.514475
-0.522583
-0.531052
-0.539875
-0.549043
-0.558549
-0.568382
-0.578531
-0.588983
-0.599725
-0.610742
-0.622016
-0.63353
-0.645263
-0.657194
-0.669298
-0.68155
-0.693923
-0.706387
-0.718911
-0.731461
-0.744002
-0.756496
-0.768905
-0.781187
-0.793301
-0.805202
-0.816845
-0.828185
-0.839175
-0.849767
-0.859916
-0.869573
-0.878694
-0.887232
-0.895145
-0.902392
-0.908932
-0.91473
-0.919753
-0.923971
-0.927359
-0.929895
-0.931564
-0.932353
-0.932255
-0.931269
-0.929397
-0.926649
-0.923037
-0.918579
-0.913299
-0.907224
-0.900384
-0.892814
-0.884553
-0.875641
-0.866121
-0.856039
-0.845441
-0.834376
-0.82289
-0.811034
-0.798856
-0.786403
-0.773723
-0.760861
-0.747863
-0.734772
-0.721628
-0.708472
-0.695341
-0.68227
-0.669293
-0.65644
-0.643741
-0.631222
-0.618909
-0.606824
-0.594988
-0.583419
-0.572136
-0.561153
-0.550484
-0.540141
-0.530137
-0.520479
-0.511176
-0.502237
-0.493667
-0.485471
-0.477655
-0.470221
-0.463174
-0.456515
-0.450248
-0.444372
-0.438891
-0.433804
-0.429112
-0.424815
-0.420915
-0.41741
-0.414301
-0.411587
-0.409268
-0.407345
-0.405816
-0.404682
-0.403942
-0.403596
-0.403644
-0.404086
-0.404922
-0.406151
-0.407774
-0.409791
-0.412202
-0.415007
-0.418207
-0.4218
-0.425789
-0.430172
-0.434949
-0.440121
-0.445687
-0.451646
-0.457998
-0.464742
-0.471877
-0.479399
-0.487309
-0.495602
-0.504275
-0.513324
-0.522746
-0.532533
-0.54268
-0.553179
-0.564021
-0.575198
-0.586697
-0.598507
-0.610613
-0.622999
-0.635649
-0.648544
-0.661662
-0.67498
-0.688473
-0.702114
-0.715874
-0.72972
-0.743619
-0.757534
-0.771426
-0.785256
-0.798979
-0.81255
-0.825923
-0.83905
-0.851879
-0.864359
-0.876438
-0.888064
-0.899183
-0.909741
-0.919688
-0.928971
-0.937542
-0.945353
-0.952359
-0.95852
-0.963797
-0.968156
-0.97157
-0.974013
-0.975468
-0.975922
-0.975368
-0.973804
-0.971236
-0.967675
-0.963138
-0.957648
-0.951234
-0.943928
-0.935769
-0.9268
-0.917066
-0.906619
-0.895509
-0.883792
-0.871524
-0.858762
-0.845563
-0.831986
-0.818088
-0.803925
-0.789552
-0.775024
-0.760391
-0.745704
-0.731009
-0.716351
-0.701773
-0.687313
-0.673009
-0.658895
-0.645003
-0.63136
-0.617993
-0.604927
-0.592182
-0.579778
-0.567732
-0.55606
-0.544774
-0.533886
-0.523408
-0.513346
-0.503709
-0.494503
-0.485732
-0.477402
-0.469516
-0.462075
-0.455083
-0.44854
-0.442447
-0.436805
-0.431615
-0.426875
-0.422586
-0.418747
-0.415358
-0.412418
-0.409926
-0.407881
-0.406284
-0.405132
-0.404426
-0.404166
-0.404349
-0.404977
-0.406049
-0.407565
-0.409524
-0.411926
-0.414772
-0.418061
-0.421794
-0.425969
-0.430588
-0.43565
-0.441155
-0.447102
-0.45349
-0.460318
-0.467586
-0.47529
-0.483429
-0.492
-0.500999
-0.510421
-0.520262
-0.530516
-0.541174
-0.552229
-0.56367
-0.575487
-0.587666
-0.600192
-0.613051
-0.626222
-0.639685
-0.653418
-0.667395
-0.681588
-0.695968
-0.710502
-0.725153
-0.739883
-0.754652
-0.769414
-0.784123
-0.798731
-0.813184
-0.827429
-0.841409
-0.855067
-0.868342
-0.881175
-0.893504
-0.905268
-0.916406
-0.926859
-0.936567
-0.945475
-0.95353
-0.960683
-0.966887
-0.972104
-0.976296
-0.979436
-0.9815
-0.982471
-0.98234
-0.981105
-0.978769
-0.975346
-0.970852
-0.965315
-0.958765
-0.95124
-0.942783
-0.933441
-0.923267
-0.912317
-0.900648
-0.888321
-0.875399
-0.861946
-0.848023
-0.833695
-0.819024
-0.804071
-0.788895
-0.773554
-0.758104
-0.742595
-0.727079
-0.711602
-0.696208
-0.680937
-0.665827
-0.650914
-0.636228
-0.621799
-0.607653
-0.593813
-0.580301
-0.567134
-0.55433
-0.541902
-0.529864
-0.518226
-0.506996
-0.496183
-0.485792
-0.475829
-0.466298
-0.457202
-0.448542
-0.440321
-0.432539
-0.425196
-0.418293
-0.411829
-0.405803
-0.400214
-0.39506
-0.390341
-0.386055
-0.382201
-0.378776
-0.375781
-0.373212
-0.37107
-0.369353
-0.36806
-0.36719
-0.366743
-0.366718
-0.367116
-0.367935
-0.369177
-0.370841
-0.372928
-0.375439
-0.378375
-0.381736
-0.385524
-0.38974
-0.394385
-0.39946
-0.404968
-0.410909
-0.417285
-0.424097
-0.431346
-0.439032
-0.447158
-0.455721
-0.464724
-0.474164
-0.48404
-0.494351
-0.505094
-0.516265
-0.52786
-0.539872
-0.552295
-0.565121
-0.578338
-0.591936
-0.605902
-0.620219
-0.63487
-0.649835
-0.665092
-0.680615
-0.696376
-0.712346
-0.72849
-0.744771
-0.761149
-0.77758
-0.794019
-0.810414
-0.826714
-0.842861
-0.858797
-0.87446
-0.889785
-0.904705
-0.919154
-0.933061
-0.946357
-0.958972
-0.970836
-0.981882
-0.992042
-1.00126
-1.00946
-1.0166
-1.02264
-1.02751
-1.03119
-1.03365
-1.03486
-1.03482
-1.0335
-1.03092
-1.0271
-1.02204
-1.01577
-1.00834
-0.999785
-0.990156
-0.97951
-0.967909
-0.955419
-0.942111
-0.928058
-0.913334
-0.898016
-0.882181
-0.865905
-0.849263
-0.832328
-0.815172
-0.797864
-0.780468
-0.763048
-0.745661
-0.728362
-0.711203
-0.694231
-0.677488
-0.661014
-0.644844
-0.629011
-0.613544
-0.598467
-0.583803
-0.569571
-0.555788
-0.542469
-0.529625
-0.517267
-0.505402
-0.494038
-0.483179
-0.472829
-0.46299
-0.453665
-0.444853
-0.436556
-0.428772
-0.421499
-0.414738
-0.408486
-0.40274
-0.3975
-0.392761
-0.388524
-0.384784
-0.381541
-0.378791
-0.376534
-0.374767
-0.373489
-0.372699
-0.372396
-0.372579
-0.373247
-0.374401
-0.376041
-0.378165
-0.380776
-0.383874
-0.387459
-0.391534
-0.396098
-0.401153
-0.406701
-0.412743
-0.41928
-0.426313
-0.433844
-0.441873
-0.450401
-0.459427
-0.468952
-0.478974
-0.489491
-0.5005
-0.511999
-0.523981
-0.536441
-0.549371
-0.562761
-0.576601
-0.590876
-0.605573
-0.620672
-0.636153
-0.651994
-0.668166
-0.684641
-0.701385
-0.718362
-0.73553
-0.752846
-0.770262
-0.787723
-0.805175
-0.822556
-0.839803
-0.856847
-0.873617
-0.890038
-0.906034
-0.921525
-0.936431
-0.95067
-0.964162
-0.976825
-0.988581
-0.999353
-1.00907
-1.01767
-1.02508
-1.03125
-1.03613
-1.03968
-1.04188
-1.04271
-1.04214
-1.04018
-1.03685
-1.03215
-1.02613
-1.01881
-1.01025
-1.0005
-0.989625
-0.977691
-0.964774
-0.950952
-0.936306
-0.920919
-0.904875
-0.888259
-0.871156
-0.853646
-0.83581
-0.817727
-0.799469
-0.781107
-0.762707
-0.744332
-0.72604
-0.707884
-0.689914
-0.672173
-0.654702
-0.637538
-0.620712
-0.604255
-0.58819
-0.572539
-0.557322
-0.542554
-0.528248
-0.514416
-0.501065
-0.488204
-0.475836
-0.463966
-0.452596
-0.441727
-0.431358
-0.42149
-0.41212
-0.403246
-0.394866
-0.386976
-0.379574
-0.372656
-0.366218
-0.360256
-0.354766
-0.349746
-0.345191
-0.341098
-0.337464
-0.334286
-0.331561
-0.329287
-0.327462
-0.326083
-0.32515
-0.324661
-0.324615
-0.325013
-0.325854
-0.327138
-0.328866
-0.331039
-0.333658
-0.336726
-0.340244
-0.344215
-0.34864
-0.353524
-0.358869
-0.364679
-0.370956
-0.377705
-0.38493
-0.392634
-0.40082
-0.409494
-0.418657
-0.428313
-0.438465
-0.449115
-0.460266
-0.471919
-0.484074
-0.49673
-0.509887
-0.523541
-0.537689
-0.552324
-0.567441
-0.583027
-0.599074
-0.615565
-0.632486
-0.649815
-0.66753
-0.685605
-0.70401
-0.722711
-0.741671
-0.760848
-0.780194
-0.799658
-0.819184
-0.838713
-0.858176
-0.877505
-0.896625
-0.915456
-0.933915
-0.951915
-0.969366
-0.986177
-1.00225
-1.0175
-1.03183
-1.04513
-1.05734
-1.06835
-1.07809
-1.08648
-1.09345
-1.09895
-1.10293
-1.10534
-1.10616
-1.10537
-1.10298
-1.09899
-1.09342
-1.08631
-1.0777
-1.06765
-1.05623
-1.04352
-1.02959
-1.01455
-0.998483
-0.981492
-0.963679
-0.94515
-0.926007
-0.906352
-0.886287
-0.865909
-0.84531
-0.82458
-0.803803
-0.783057
-0.762416
-0.741946
-0.721709
-0.70176
-0.682151
-0.662924
-0.644121
-0.625776
-0.607918
-0.590573
-0.573763
-0.557506
-0.541817
-0.526707
-0.512185
-0.498259
-0.484932
-0.472207
-0.460085
-0.448566
-0.437649
-0.42733
-0.417607
-0.408476
-0.399933
-0.391972
-0.38459
-0.37778
-0.371539
-0.365861
-0.360742
-0.356176
-0.352159
-0.348689
-0.345759
-0.343369
-0.341514
-0.340192
-0.339402
-0.339141
-0.339408
-0.340204
-0.341528
-0.34338
-0.345762
-0.348674
-0.352118
-0.356097
-0.360612
-0.365668
-0.371266
-0.377411
-0.384105
-0.391354
-0.39916
-0.407527
-0.41646
-0.425962
-0.436036
-0.446685
-0.457912
-0.469717
-0.482103
-0.495068
-0.508611
-0.52273
-0.53742
-0.552674
-0.568484
-0.58484
-0.601727
-0.619128
-0.637024
-0.655391
-0.674201
-0.693422
-0.713018
-0.732947
-0.753162
-0.77361
-0.794235
-0.814971
-0.835749
-0.856493
-0.877121
-0.897546
-0.917675
-0.93741
-0.956649
-0.975286
-0.993212
-1.01032
-1.02649
-1.04162
-1.05561
-1.06833
-1.07971
-1.08964
-1.09805
-1.10486
-1.11
-1.11343
-1.11512
-1.11503
-1.11318
-1.10955
-1.10418
-1.09711
-1.08839
-1.07808
-1.06626
-1.05301
-1.03844
-1.02264
-1.00573
-0.987809
-0.969002
-0.949423
-0.929184
-0.908399
-0.887178
-0.865626
-0.843843
-0.821924
-0.799958
-0.778028
-0.75621
-0.734574
-0.713181
-0.692089
-0.671348
-0.651002
-0.63109
-0.611644
-0.592695
-0.574264
-0.556373
-0.539036
-0.522266
-0.506072
-0.490461
-0.475437
-0.461001
-0.447155
-0.433895
-0.42122
-0.409124
-0.397604
-0.386653
-0.376266
-0.366434
-0.357151
-0.34841
-0.340203
-0.332523
-0.325362
-0.318713
-0.31257
-0.306924
-0.30177
-0.297103
-0.292915
-0.289202
-0.285959
-0.283182
-0.280867
-0.27901
-0.277609
-0.276662
-0.276167
-0.276122
-0.276528
-0.277384
-0.27869
-0.280448
-0.282659
-0.285326
-0.288451
-0.292037
-0.296089
-0.30061
-0.305605
-0.311079
-0.317038
-0.323488
-0.330436
-0.337887
-0.345849
-0.35433
-0.363336
-0.372875
-0.382955
-0.393583
-0.404767
-0.416513
-0.428829
-0.441721
-0.455194
-0.469253
-0.483903
-0.499145
-0.514982
-0.531412
-0.548435
-0.566044
-0.584235
-0.602996
-0.622315
-0.642177
-0.662561
-0.683443
-0.704794
-0.72658
-0.748762
-0.771294
-0.794127
-0.8172
-0.840451
-0.863807
-0.887189
-0.910512
-0.933682
-0.956598
-0.979155
-1.00124
-1.02273
-1.0435
-1.06344
-1.0824
-1.10025
-1.11688
-1.13215
-1.14593
-1.15811
-1.16859
-1.17726
-1.18405
-1.18887
-1.19167
-1.19242
-1.19109
-1.18769
-1.18222
-1.17473
-1.16528
-1.15392
-1.14076
-1.12588
-1.10942
-1.09149
-1.07222
-1.05176
-1.03024
-1.00782
-0.984632
-0.960823
-0.936531
-0.911887
-0.887018
-0.862043
-0.837072
-0.812207
-0.787542
-0.763161
-0.739141
-0.715548
-0.692442
-0.669874
-0.647888
-0.626521
-0.605804
-0.585761
-0.566413
-0.547774
-0.529856
-0.512666
-0.496207
-0.480481
-0.465487
-0.451222
-0.43768
-0.424856
-0.412741
-0.401329
-0.390611
-0.380576
-0.371216
-0.362521
-0.354483
-0.34709
-0.340336
-0.33421
-0.328706
-0.323814
-0.319529
-0.315844
-0.312753
-0.31025
-0.308332
-0.306996
-0.306237
-0.306054
-0.306446
-0.307412
-0.308952
-0.311067
-0.313759
-0.317031
-0.320885
-0.325326
-0.330357
-0.335985
-0.342214
-0.349052
-0.356504
-0.364578
-0.373282
-0.382623
-0.392609
-0.403248
-0.414548
-0.426517
-0.439161
-0.452487
-0.466502
-0.48121
-0.496615
-0.512718
-0.529521
-0.54702
-0.565213
-0.58409
-0.603643
-0.623855
-0.644709
-0.66618
-0.68824
-0.710853
-0.733979
-0.757569
-0.781568
-0.805912
-0.830529
-0.855338
-0.880249
-0.905164
-0.929975
-0.954564
-0.978807
-1.00257
-1.02571
-1.04808
-1.06954
-1.08992
-1.10907
-1.12684
-1.14308
-1.15765
-1.1704
-1.18122
-1.19
-1.19664
-1.20107
-1.20324
-1.2031
-1.20066
-1.19593
-1.18894
-1.17975
-1.16845
-1.15512
-1.13988
-1.12287
-1.10422
-1.08409
-1.06264
-1.04002
-1.01639
-0.991929
-0.966777
-0.941092
-0.915019
-0.888695
-0.862248
-0.835796
-0.809447
-0.783301
-0.757444
-0.731955
-0.706903
-0.682347
-0.658338
-0.634919
-0.612125
-0.589984
-0.56852
-0.547748
-0.527682
-0.508329
-0.489692
-0.471773
-0.454568
-0.438073
-0.422281
-0.407183
-0.39277
-0.37903
-0.365951
-0.353521
-0.341726
-0.330555
-0.319992
-0.310024
-0.300639
-0.291823
-0.283564
-0.275849
-0.268667
-0.262006
-0.255855
-0.250204
-0.245044
-0.240365
-0.23616
-0.232421
-0.22914
-0.226313
-0.223932
-0.221994
-0.220495
-0.219431
-0.2188
-0.2186
-0.21883
-0.21949
-0.220579
-0.2221
-0.224054
-0.226444
-0.229273
-0.232545
-0.236265
-0.240439
-0.245073
-0.250173
-0.255748
-0.261806
-0.268355
-0.275405
-0.282966
-0.29105
-0.299667
-0.308829
-0.318549
-0.32884
-0.339713
-0.351183
-0.363263
-0.375967
-0.389308
-0.403299
-0.417954
-0.433285
-0.449304
-0.466021
-0.483447
-0.50159
-0.520457
-0.540052
-0.560376
-0.58143
-0.603209
-0.625705
-0.648905
-0.672792
-0.697343
-0.72253
-0.748315
-0.774657
-0.801502
-0.82879
-0.856452
-0.884408
-0.912566
-0.940826
-0.969074
-0.997186
-1.02503
-1.05245
-1.0793
-1.10542
-1.13062
-1.15473
-1.17756
-1.19893
-1.21866
-1.23656
-1.25246
-1.2662
-1.27763
-1.28661
-1.29304
-1.29683
-1.29792
-1.29627
-1.29189
-1.2848
-1.27504
-1.26272
-1.24793
-1.23082
-1.21154
-1.19025
-1.16716
-1.14246
-1.11635
-1.08905
-1.06075
-1.03166
-1.00198
-0.971895
-0.94158
-0.9112
-0.880905
-0.850832
-0.821104
-0.791831
-0.763107
-0.735016
-0.707626
-0.680997
-0.655176
-0.630202
-0.606105
-0.582906
-0.560621
-0.539257
-0.51882
-0.499308
-0.480716
-0.463038
-0.446263
-0.430379
-0.415371
-0.401226
-0.387928
-0.375459
-0.363804
-0.352945
-0.342868
-0.333555
-0.324991
-0.317162
-0.310053
-0.303651
-0.297944
-0.292921
-0.288571
-0.284885
-0.281856
-0.279475
-0.277737
-0.276638
-0.276174
-0.276342
-0.277142
-0.278574
-0.280638
-0.283336
-0.286673
-0.290653
-0.295282
-0.300565
-0.306512
-0.31313
-0.32043
-0.328422
-0.337117
-0.346527
-0.356666
-0.367547
-0.379184
-0.39159
-0.404781
-0.41877
-0.433571
-0.449197
-0.465662
-0.482977
-0.501152
-0.520196
-0.540113
-0.560908
-0.582579
-0.605123
-0.628531
-0.652787
-0.677872
-0.703758
-0.730409
-0.757781
-0.785819
-0.814458
-0.843622
-0.873221
-0.903154
-0.933304
-0.96354
-0.993717
-1.02368
-1.05324
-1.08223
-1.11044
-1.13766
-1.16367
-1.18827
-1.21121
-1.23227
-1.25125
-1.26794
-1.28215
-1.2937
-1.30246
-1.30831
-1.31115
-1.31095
-1.30769
-1.30138
-1.29208
-1.2799
-1.26495
-1.24738
-1.22738
-1.20515
-1.1809
-1.15486
-1.12727
-1.09835
-1.06834
-1.03748
-1.00596
-0.974008
-0.941806
-0.909532
-0.877347
-0.845394
-0.813801
-0.782681
-0.752131
-0.722231
-0.693051
-0.664646
-0.637062
-0.610331
-0.58448
-0.559525
-0.535475
-0.512335
-0.490101
-0.468767
-0.448324
-0.428757
-0.41005
-0.392185
-0.375142
-0.358901
-0.343439
-0.328733
-0.314762
-0.301502
-0.28893
-0.277025
-0.265763
-0.255123
-0.245085
-0.235628
-0.226732
-0.218379
-0.210551
-0.20323
-0.196401
-0.190047
-0.184155
-0.178711
-0.173701
-0.169115
-0.16494
-0.161168
-0.157788
-0.154792
-0.152173
-0.149924
-0.148039
-0.146513
-0.145341
-0.144521
-0.14405
-0.143925
-0.144146
-0.144712
-0.145624
-0.146884
-0.148493
-0.150455
-0.152772
-0.15545
-0.158494
-0.16191
-0.165705
-0.169887
-0.174464
-0.179445
-0.184842
-0.190664
-0.196924
-0.203635
-0.21081
-0.218463
-0.226611
-0.235269
-0.244454
-0.254183
-0.264477
-0.275353
-0.286832
-0.298934
-0.311682
-0.325096
-0.3392
-0.354015
-0.369566
-0.385874
-0.402963
-0.420855
-0.439572
-0.459136
-0.479565
-0.500879
-0.523093
-0.546222
-0.570276
-0.595262
-0.621182
-0.648034
-0.67581
-0.704495
-0.734064
-0.764485
-0.795716
-0.827704
-0.860382
-0.89367
-0.927474
-0.961683
-0.996169
-1.03079
-1.06538
-1.09976
-1.13372
-1.16706
-1.19953
-1.2309
-1.26089
-1.28925
-1.3157
-1.33996
-1.36177
-1.38087
-1.39702
-1.41
-1.41964
-1.42577
-1.42829
-1.42713
-1.42227
-1.41374
-1.40161
-1.38601
-1.3671
-1.3451
-1.32024
-1.29279
-1.26304
-1.23129
-1.19785
-1.16302
-1.12712
-1.09044
-1.05324
-1.01579
-0.978335
-0.941078
-0.904215
-0.867915
-0.832325
-0.797568
-0.763748
-0.730951
-0.699242
-0.668673
-0.639282
-0.611094
-0.584124
-0.558376
-0.533849
-0.510533
-0.488415
-0.467476
-0.447695
-0.429048
-0.411509
-0.39505
-0.379645
-0.365264
-0.351882
-0.339469
-0.328001
-0.31745
-0.307794
-0.299009
-0.291073
-0.283967
-0.277671
-0.272169
-0.267446
-0.263488
-0.260284
-0.257823
-0.256099
-0.255103
-0.254832
-0.255283
-0.256455
-0.258349
-0.260966
-0.264312
-0.268393
-0.273215
-0.278789
-0.285125
-0.292236
-0.300136
-0.308841
-0.318369
-0.328736
-0.339965
-0.352074
-0.365087
-0.379027
-0.393916
-0.409779
-0.42664
-0.444524
-0.463454
-0.483452
-0.504539
-0.526736
-0.550058
-0.574518
-0.600126
-0.626885
-0.654791
-0.683835
-0.713997
-0.745248
-0.777546
-0.810837
-0.845051
-0.880101
-0.915882
-0.952267
-0.989111
-1.02624
-1.06347
-1.10057
-1.1373
-1.17341
-1.20859
-1.24255
-1.27496
-1.3055
-1.33382
-1.3596
-1.38251
-1.40224
-1.41851
-1.43109
-1.43976
-1.44439
-1.44486
-1.44116
-1.4333
-1.42137
-1.4055
-1.38591
-1.36283
-1.33656
-1.30739
-1.27568
-1.24177
-1.20602
-1.16878
-1.13038
-1.09117
-1.05143
-1.01145
-0.971481
-0.931754
-0.892465
-0.853787
-0.815864
-0.77882
-0.742751
-0.707736
-0.673834
-0.641088
-0.609526
-0.579163
-0.550002
-0.52204
-0.495264
-0.469654
-0.445186
-0.421831
-0.399558
-0.378333
-0.358119
-0.338879
-0.320576
-0.30317
-0.286625
-0.270901
-0.255962
-0.24177
-0.22829
-0.215488
-0.203329
-0.19178
-0.18081
-0.170389
-0.160487
-0.151076
-0.142128
-0.133619
-0.125522
-0.117815
-0.110474
-0.103478
-0.0968047
-0.0904354
-0.0843504
-0.0785314
